41 41 14
0.2 0.2 0.2
-4 -4 2
0
0
0
0
0
0
0
0
0
0
0
0
0
0
0
0
0
0
0
0
0
0
0
0
0
0
0
0
0
0
0
0
0
0
0
0
0
0
0
0
0
0
0
0
0
0
0
0
0
0
0
0
0
0
0
0
0
0
0
0
0
0
0
0
0
0
0
0
0
0
0
0
0
0
0
0
0
0
0
0
0
0
0
0
0
0
0
0
0
0
0
0
0
0
0
0
0
0
0
0
0
0
0
0
0
0
0
0
0
0
0
0
0
0
0
0
0
0
0
0
0
0
0
0
0
0
0
0
0
0
0
0
0
0
0
0
0
0
0
0
0
0
0
0
0
0
0
0
0
0
0
0
0
0
0
0
0
0
0
0
0
0
0
0
0
0
0
0
0
0
0
0
0
0
0
0
0
0
0
0
0
0
0
0
0
0
0
0
0
0
0
0
0
0
0
0
0
0
0
0
0
0
0
0
0
0
0
0
0
0
0
0
0
0
0
0
0
0
0
0
0
0
0
0
0
0
0
0
0
0
0
0
0
0
0
0
0
0
0
0
0
0
0
0
0
0
0
0
0
0
0
0
0
0
0
0
0
0
0
0
0
0
0
0
0
0
0
0
0
0
0
0
0
0
0
0
0
0
0
0
0
0
0
0
0
0
-1.7811
0
0
0
0
0
0
0
0
0
0
0
0
0
-2.01406
0
0
0
0
0
0
0
0
0
0
0
0
0
-2.09645
0
0
0
0
0
0
0
0
0
0
0
0
0
-2.10594
0
0
0
0
0
0
0
0
0
0
0
0
0
-1.85008
0
0
0
0
0
0
0
0
0
0
0
0
0
0
0
0
0
0
0
0
0
0
0
0
0
0
0
0
0
0
0
0
0
0
0
0
0
0
0
0
0
0
0
0
0
0
0
0
0
0
0
0
0
0
0
0
0
0
0
0
0
0
0
0
0
0
0
0
0
0
0
0
0
0
0
0
0
0
0
0
0
0
0
0
0
0
0
0
0
0
0
0
0
0
0
0
0
0
0
0
0
0
0
0
0
0
0
0
0
0
0
0
0
0
0
0
0
0
0
0
0
0
0
0
0
0
0
0
0
0
0
0
0
0
0
0
0
0
0
0
0
0
0
0
0
0
0
0
0
0
0
0
0
0
0
0
0
0
0
0
0
0
0
0
0
0
0
0
0
0
0
0
0
0
0
0
0
0
0
0
0
0
0
0
0
0
0
0
0
0
0
0
0
0
0
0
0
0
0
0
0
0
0
0
0
0
0
0
0
0
0
0
0
0
0
0
0
0
0
0
0
0
0
0
0
0
0
0
0
0
0
0
0
0
0
0
0
0
0
0
0
0
0
0
0
0
0
0
0
0
0
0
0
0
0
0
0
0
0
0
0
0
0
0
0
0
0
0
0
0
0
0
0
0
0
0
0
0
0
0
0
0
0
0
0
0
0
0
0
0
0
0
0
0
0
0
0
0
0
0
0
0
0
0
0
0
0
0
0
0
0
0
0
0
0
0
0
0
0
0
0
0
0
0
0
0
0
0
0
0
0
0
0
0
0
0
0
0
0
0
0
0
0
0
0
0
0
0
0
0
0
0
0
0
0
0
0
0
0
0
0
0
0
0
0
0
0
0
0
0
0
0
0
0
0
0
0
0
0
0
0
0
0
0
0
0
0
0
0
0
0
0
0
0
0
0
0
0
0
0
0
0
0
0
0
0
0
0
0
0
0
0
0
0
0
0
0
0
0
0
0
0
0
0
0
0
0
0
0
0
0
0
0
0
0
0
0
0
0
0
0
0
0
0
0
0
0
0
0
0
0
0
0
0
0
0
0
0
0
0
0
0
0
0
0
0
0
0
0
0
0
0
0
0
0
0
-1.67175
0
0
0
0
0
0
0
0
0
0
0
0
0
-1.6227
0
0
0
0
0
0
0
0
0
0
0
0
-1.31272
0
0
0
0
0
0
0
0
0
0
0
0
-0.948739
-1.58132
0
0
0
0
0
0
0
0
0
0
0
0
0
-1.82066
0
-1.965
0
0
0
0
0
0
0
0
0
0
0
-1.91125
0
-2.04093
0
0
0
0
0
0
0
0
0
0
0
-1.9353
0
-2.03317
0
0
0
0
0
0
0
0
0
0
0
-1.71499
0
0
0
0
0
0
0
0
0
0
0
0
0
0
0
0
0
0
0
0
0
0
0
0
0
0
0
0
0
0
0
0
0
0
0
0
0
0
0
0
0
0
0
0
0
0
0
0
0
0
0
0
0
0
0
0
0
0
0
0
0
0
0
0
0
0
0
0
0
0
0
0
0
0
0
0
0
0
0
0
0
0
0
0
0
0
0
0
0
0
0
0
0
0
0
0
0
0
0
0
0
0
0
0
0
0
0
0
0
0
0
0
0
0
0
0
0
0
0
0
0
0
0
0
0
0
0
0
0
0
0
0
0
0
0
0
0
0
0
0
0
0
0
0
0
0
0
0
0
0
0
0
0
0
0
0
0
0
0
0
0
0
0
0
0
0
0
0
0
0
0
0
0
0
0
0
0
0
0
0
0
0
0
0
0
0
0
0
0
0
0
0
0
0
0
0
0
0
0
0
0
0
0
0
0
0
0
0
0
0
0
0
0
0
0
0
0
0
0
0
0
0
0
0
0
0
0
0
0
0
0
0
0
0
0
0
0
0
0
0
0
0
0
0
0
0
0
0
0
0
0
0
0
0
0
0
0
0
0
0
0
0
0
0
0
0
0
0
0
0
0
0
0
0
0
0
0
0
0
0
0
0
0
0
0
0
0
0
0
0
0
0
0
0
0
0
0
0
0
0
0
0
0
0
0
0
0
0
0
0
0
0
0
0
0
0
0
0
0
0
0
0
0
0
0
0
0
0
0
0
0
0
0
0
0
0
0
0
0
0
0
0
0
0
0
0
0
0
0
0
0
0
0
0
0
0
0
0
0
0
0
0
0
0
0
0
0
0
0
0
0
0
0
0
0
0
0
0
0
0
0
0
0
0
0
0
0
0
0
0
0
0
0
0
0
0
0
0
0
0
0
0
0
0
0
0
0
0
0
0
0
0
0
0
0
0
0
0
0
0
0
0
0
0
0
0
0
0
0
0
0
0
0
0
0
0
0
0
0
0
0
0
0
0
0
0
0
0
0
0
0
0
0
0
0
0
0
0
0
0
-0.846737
0
-1.38713
0
0
0
0
0
0
0
0
0
0
-0.592272
-0.899111
0
-1.39026
0
0
0
0
0
0
0
0
0
0
-0.600516
-0.943564
-0.9964
-1.30165
0
0
0
0
0
0
0
0
0
0
-0.650376
-0.989919
-1.25455
-1.10031
0
0
0
0
0
0
0
0
0
0
-0.682762
-0.982635
-1.49644
0
-1.58391
0
0
0
0
0
0
0
0
0
-0.658638
-0.828114
-1.73489
0
-1.86021
0
0
0
0
0
0
0
0
0
-0.521803
0
-1.8293
0
-1.95584
0
0
0
0
0
0
0
0
0
0
0
-1.84895
0
-1.99107
0
0
0
0
0
0
0
0
0
0
0
-1.62505
0
-1.90085
0
0
0
0
0
0
0
0
0
0
0
-1.32643
0
0
0
0
0
0
0
0
0
0
0
0
0
0
0
0
0
0
0
0
0
0
0
0
0
0
0
0
0
0
0
0
0
0
0
0
0
0
0
0
0
0
0
0
0
0
0
0
0
0
0
0
0
0
0
0
0
0
0
0
0
0
0
0
0
0
0
0
0
0
0
0
0
0
0
0
0
0
0
0
0
0
0
0
0
0
0
0
0
0
0
0
0
0
0
0
0
0
0
0
0
0
0
0
0
0
0
0
0
0
0
0
0
0
0
0
0
0
0
0
0
0
0
0
0
0
0
0
0
0
0
0
0
0
0
0
0
0
0
0
0
0
0
0
0
0
0
0
0
0
0
0
0
0
0
0
0
0
0
0
0
0
0
0
0
0
0
0
0
0
0
0
0
0
0
0
0
0
0
0
0
0
0
0
0
0
0
0
0
0
0
0
0
0
0
0
0
0
0
0
0
0
0
0
0
0
0
0
0
0
0
0
0
0
0
0
0
0
0
0
0
0
0
0
0
0
0
0
0
0
0
0
0
0
0
0
0
0
0
0
0
0
0
0
0
0
0
0
0
0
0
0
0
0
0
0
0
0
0
0
0
0
0
0
0
0
0
0
0
0
0
0
0
0
0
0
0
0
0
0
0
0
0
0
0
0
0
0
0
0
0
0
0
0
0
0
0
0
0
0
0
0
0
0
0
0
0
0
0
0
0
0
0
0
0
0
0
0
0
0
0
0
0
0
0
0
0
0
0
0
0
0
0
0
0
0
0
0
0
0
0
0
0
0
0
0
0
0
0
0
0
0
0
0
0
0
0
0
0
0
0
0
0
0
0
0
0
0
0
0
0
0
0
0
0
0
0
0
0
0
0
0
0
0
0
0
0
0
0
0
0
0
0
0
0
0
0
0
0
0
0
0
0
0
0
0
0
0
0
0
0
0
0
0
0
0
0
0
-0.798199
0
0
0
0
0
0
0
0
0
0
0
0
-0.556443
-0.958756
0
-1.2232
0
0
0
0
0
0
0
0
0
0
-0.615029
-1.00796
-0.927522
-1.31339
0
0
0
0
0
0
0
0
0
0
-0.662368
-1.02072
-0.981848
-1.31257
0
0
0
0
0
0
0
0
0
0
-0.69641
-0.995354
-0.995212
-1.21015
0
0
0
0
0
0
0
0
0
0
-0.736362
-0.986094
-1.17263
-1.01842
0
0
0
0
0
0
0
0
0
0
-0.752957
-0.942418
-1.37744
0
-1.38372
0
0
0
0
0
0
0
0
0
-0.711892
-0.789075
-1.61554
0
-1.62757
0
0
0
0
0
0
0
0
0
-0.552741
-0.559665
-1.72868
-0.97149
-1.70228
0
0
0
0
0
0
0
0
0
0
0
-1.77745
-1.09462
-1.71852
0
0
0
0
0
0
0
0
0
0
0
-1.60329
-1.04374
-1.61867
0
0
0
0
0
0
0
0
0
0
0
-1.35993
0
-1.4445
0
0
0
0
0
0
0
0
0
0
0
-0.971397
0
0
0
0
0
0
0
0
0
0
0
0
0
0
0
0
0
0
0
0
0
0
0
0
0
0
0
0
0
0
0
0
0
0
0
0
0
0
0
0
0
0
0
0
0
0
0
0
0
0
0
0
0
0
0
0
0
0
0
0
0
0
0
0
0
0
0
0
0
0
0
0
0
0
0
0
0
0
0
0
0
0
0
0
0
0
0
0
0
0
0
0
0
0
0
0
0
0
0
0
0
0
0
0
0
0
0
0
0
0
0
0
0
0
0
0
0
0
0
0
0
0
0
0
0
0
0
0
0
0
0
0
0
0
0
0
0
0
0
0
0
0
0
0
0
0
0
0
0
0
0
0
0
0
0
0
0
0
0
0
0
0
0
0
0
0
0
0
0
0
0
0
0
0
0
0
0
0
0
0
0
0
0
0
0
0
0
0
0
0
0
0
0
0
0
0
0
0
0
0
0
0
0
0
0
0
0
0
0
0
0
0
0
0
0
0
0
0
0
0
0
0
0
0
0
0
0
0
0
0
0
0
0
0
0
0
0
0
0
0
0
0
0
0
0
0
0
0
0
0
0
0
0
0
0
0
0
0
0
0
0
0
0
0
0
0
0
0
0
0
0
0
0
0
0
0
0
0
0
0
0
0
0
0
0
0
0
0
0
0
0
0
0
0
0
0
0
0
0
0
0
0
0
0
0
0
0
0
0
0
0
0
0
0
0
0
0
0
0
0
0
0
0
0
0
0
0
0
0
0
0
0
0
0
0
0
0
0
0
0
0
0
0
0
0
0
0
0
0
0
0
0
0
0
0
0
0
0
0
0
0
0
0
0
0
0
0
0
0
0
0
0
0
0
0
0
0
0
0
0
0
0
0
0
0
0
0
0
0
0
-0.605486
0
0
0
0
0
0
0
0
0
0
0
0
0
-0.899399
-0.78944
-1.10584
0
0
0
0
0
0
0
0
0
0
-0.4638
-1.11635
-1.10218
-1.31899
0
0
0
0
0
0
0
0
0
0
-0.614011
-1.18101
-1.15113
-1.32615
0
0
0
0
0
0
0
0
0
0
-0.710075
-1.16789
-1.12196
-1.26646
0
-1.39528
0
0
0
0
0
0
0
0
-0.758013
-1.05887
-0.999783
-1.12837
0
-1.38765
0
0
0
0
0
0
0
0
-0.776236
-0.966391
-1.04371
-0.944031
-1.04295
-1.31435
0
0
0
0
0
0
0
0
-0.772934
-0.859518
-1.16266
-0.796748
-1.32219
-1.22328
0
0
0
0
0
0
0
0
-0.724978
-0.710418
-1.37204
-0.792786
-1.50494
0
0
0
0
0
0
0
0
0
-0.551426
-0.480673
-1.48573
-0.952023
-1.55227
0
0
0
0
0
0
0
0
0
0
0
-1.54696
-1.13151
-1.54015
0
0
0
0
0
0
0
0
0
0
0
-1.43317
-1.17371
-1.4
0
0
0
0
0
0
0
0
0
0
0
-1.28602
-1.07647
-1.16686
0
0
0
0
0
0
0
0
0
0
0
-1.08255
0
0
0
0
0
0
0
0
0
0
0
0
-0.587876
-1.0822
0
0
0
0
0
0
0
0
0
0
0
0
-0.700324
-1.08564
0
0
0
0
0
0
0
0
0
0
0
0
0
-1.08885
0
0
0
0
0
0
0
0
0
0
0
0
0
0
0
0
0
0
0
0
0
0
0
0
0
0
0
0
0
0
0
0
0
0
0
0
0
0
0
0
0
0
0
0
0
0
0
0
0
0
0
0
0
0
0
0
0
0
0
0
0
0
0
0
0
0
0
0
0
0
0
0
0
0
0
0
0
0
0
0
0
0
0
0
0
0
0
0
0
0
0
0
0
0
0
0
0
0
0
0
0
0
0
0
0
0
0
0
0
0
0
0
0
0
0
0
0
0
0
0
0
0
0
0
0
0
0
0
0
0
0
0
0
0
0
0
0
0
0
0
0
0
0
0
0
0
0
0
0
0
0
0
0
0
0
0
0
0
0
0
0
0
0
0
0
0
0
0
0
0
0
0
0
0
0
0
0
0
0
0
0
0
0
0
0
0
0
0
0
0
0
0
0
0
0
0
0
0
0
0
0
0
0
0
0
0
0
0
0
0
0
0
0
0
0
0
0
0
0
0
0
0
0
0
0
0
0
0
0
0
0
0
0
0
0
0
0
0
0
0
0
0
0
0
0
0
0
0
0
0
0
0
0
0
0
0
0
0
0
0
0
0
0
0
0
0
0
0
0
0
0
0
0
0
0
0
0
0
0
0
0
0
0
0
0
0
0
0
0
0
0
0
0
0
0
0
0
0
0
0
0
0
0
0
0
0
0
0
0
0
0
0
0
0
0
0
0
0
0
0
0
0
0
0
0
0
0
0
0
0
0
0
0
0
0
0
0
0
0
0
0
0
0
0
0
0
0
0
-0.598547
0
-0.849182
0
0
0
0
0
0
0
0
0
0
0
-0.965546
-0.92499
-1.14293
0
0
0
0
0
0
0
0
0
0
-0.371962
-1.24867
-1.25622
-1.32618
0
0
0
0
0
0
0
0
0
0
-0.54132
-1.34405
-1.30207
-1.28375
0
-1.13278
0
0
0
0
0
0
0
0
-0.631398
-1.32099
-1.25077
-1.20086
0
-1.32113
0
0
0
0
0
0
0
0
-0.664556
-1.15019
-1.06473
-1.0565
0
-1.396
0
0
0
0
0
0
0
0
-0.659656
-0.982758
-1.01097
-0.895394
-0.998114
-1.36804
0
0
0
0
0
0
0
0
-0.642445
-0.814158
-1.04599
-0.771186
-1.23132
-1.29357
0
0
0
0
0
0
0
0
-0.597206
-0.672898
-1.21704
-0.768603
-1.36716
-1.11254
0
0
0
0
0
0
0
0
-0.422773
-0.458263
-1.32922
-0.955079
-1.41115
0
0
0
0
0
0
0
0
0
0
0
-1.40131
-1.16252
-1.41261
0
0
0
0
0
0
0
0
0
0
0
-1.34617
-1.25463
-1.29523
0
0
0
0
0
0
0
0
0
0
0
-1.27288
-1.20251
-1.07719
0
0
0
0
0
0
0
0
0
0
-0.435168
-1.18086
-0.991387
0
0
0
0
0
0
0
0
0
0
0
-0.593258
-1.21297
0
0
0
0
0
0
0
0
0
0
0
0
-0.726004
-1.24732
0
0
0
0
0
0
0
0
0
0
0
0
-0.824351
-1.25767
0
0
0
0
0
0
0
0
0
0
0
0
-0.736272
-1.04905
0
0
0
0
0
0
0
0
0
0
0
0
0
0
0
0
0
0
0
0
0
0
0
0
0
0
0
0
0
0
0
0
0
0
0
0
0
0
0
0
0
0
0
0
0
0
0
0
0
0
0
0
0
0
0
0
0
0
0
0
0
0
0
0
0
0
0
0
0
0
0
0
0
0
0
0
0
0
0
0
0
0
0
0
0
0
0
0
0
0
0
0
0
0
0
0
0
0
0
0
0
0
0
0
0
0
0
0
0
0
0
0
0
0
0
0
0
0
0
0
0
0
0
0
0
0
0
0
0
0
0
0
0
0
0
0
0
0
0
0
0
0
0
0
0
0
0
0
0
0
0
0
0
0
0
0
0
0
0
0
0
0
0
0
0
0
0
0
0
0
0
0
0
0
0
0
0
0
0
0
0
0
0
0
0
0
0
0
0
0
0
0
0
0
0
0
0
0
0
0
0
0
0
0
0
0
0
0
0
0
0
0
0
0
0
0
0
0
0
0
0
0
0
0
0
0
0
0
0
0
0
0
0
0
0
0
0
0
0
0
0
0
0
0
0
0
0
0
0
0
0
0
0
0
0
0
0
0
0
0
0
0
0
0
0
0
0
0
0
0
0
0
0
0
0
0
0
0
0
0
0
0
0
0
0
0
0
0
0
0
0
0
0
0
0
0
0
0
0
0
0
0
0
0
0
0
0
0
0
0
0
0
0
0
0
0
0
0
0
0
0
0
0
0
0
0
0
0
0
0
0
0
0
0
-0.547941
-0.529455
-0.821902
0
0
0
0
0
0
0
0
0
0
0
-0.988576
-1.04725
-1.13738
0
0
0
0
0
0
0
0
0
0
0
-1.29289
-1.41404
-1.34268
0
0
0
0
0
0
0
0
0
0
-0.26579
-1.36632
-1.4779
-1.29089
0
-1.13133
0
0
0
0
0
0
0
0
-0.374767
-1.30288
-1.42142
-1.20985
0
-1.34681
-1.11278
0
0
0
0
0
0
0
-0.407291
-1.06595
-1.196
-1.07903
-0.639179
-1.45377
-1.24972
-1.41603
0
0
0
0
0
0
-0.401137
-0.822396
-1.05202
-0.954062
-0.922102
-1.44799
-1.16223
0
0
0
0
0
0
0
-0.387145
-0.58554
-0.992516
-0.86333
-1.11178
-1.38709
-1.01118
0
0
0
0
0
0
0
-0.358552
-0.451427
-1.11187
-0.870427
-1.19845
-1.19343
0
0
0
0
0
0
0
0
-0.178308
-0.266196
-1.24069
-1.07877
-1.23737
-0.862984
0
0
0
0
0
0
0
0
0
0
-1.35107
-1.30108
-1.25021
0
0
0
0
0
0
0
0
0
0
0
-1.38375
-1.41905
-1.16216
0
0
0
0
0
0
0
0
0
0
0
-1.38692
-1.38188
-0.991129
0
0
0
0
0
0
0
0
0
0
-0.54221
-1.37769
-1.19661
0
0
0
0
0
0
0
0
0
0
0
-0.721288
-1.40864
-0.953347
0
0
0
0
0
0
0
0
0
0
0
-0.832636
-1.42268
-0.70219
0
0
0
0
0
0
0
0
0
0
0
-0.904389
-1.38593
0
0
0
0
0
0
0
0
0
0
0
0
-0.805929
-1.18108
0
0
0
0
0
0
0
0
0
0
0
0
0
0
0
0
0
0
0
0
0
0
0
0
0
0
0
0
0
0
0
0
0
0
0
0
0
0
0
0
0
0
0
0
0
0
0
0
0
0
0
0
0
0
0
0
0
0
0
0
0
0
0
0
0
0
0
0
0
0
0
0
0
0
0
0
0
0
0
0
0
0
0
0
0
0
0
0
0
0
0
0
0
0
0
0
0
0
0
0
0
0
0
0
0
0
0
0
0
0
0
0
0
0
0
0
0
0
0
0
0
0
0
0
0
0
0
0
0
0
0
0
0
0
0
0
0
0
0
0
0
0
0
0
0
0
0
0
0
0
0
0
0
0
0
0
0
0
0
0
0
0
0
0
0
0
0
0
0
0
0
0
0
0
0
0
0
0
0
0
0
0
0
0
0
0
0
0
0
0
0
0
0
0
0
0
0
0
0
0
0
0
0
0
0
0
0
0
0
0
0
0
0
0
0
0
0
0
0
0
0
0
0
0
0
0
0
0
0
0
0
0
0
0
0
0
0
0
0
0
0
0
0
0
0
0
0
0
0
0
0
0
0
0
0
0
0
0
0
0
0
0
0
0
0
0
0
0
0
0
0
0
0
0
0
0
0
0
0
0
0
0
0
0
0
0
0
0
0
0
0
0
0
0
0
0
0
0
0
0
0
0
0
0
0
0
0
0
0
0
0
0
0
0
0
0
0
0
0
0
0
0
0
0
0
0
0
0
0
0
0
0
0
0
-0.410716
-0.593043
-0.803071
0
0
0
0
0
0
0
0
0
0
0
-0.846516
-1.14302
-1.16418
0
0
0
0
0
0
0
0
0
0
0
-1.15284
-1.50627
-1.41143
0
0
0
0
0
0
0
0
0
0
0
-1.23206
-1.54523
-1.37939
0
-1.0645
0
0
0
0
0
0
0
0
-0.0811642
-1.16794
-1.46277
-1.314
0
-1.28938
-1.18979
-1.28758
0
0
0
0
0
0
-0.113642
-0.909499
-1.2193
-1.19527
-0.625027
-1.41626
-1.35341
-1.34703
0
0
0
0
0
0
-0.112283
-0.623814
-1.03509
-1.102
-0.868726
-1.42862
-1.29524
-1.15107
0
0
0
0
0
0
-0.106959
-0.338089
-0.933079
-1.05146
-1.02926
-1.38049
-1.17689
0
0
0
0
0
0
0
-0.0982229
-0.205038
-1.03041
-1.10059
-1.09145
-1.18845
-0.947094
0
0
0
0
0
0
0
0
0
-1.20245
-1.33657
-1.14138
-0.855147
0
0
0
0
0
0
0
0
0
0
-1.37911
-1.56634
-1.17613
0
0
0
0
0
0
0
0
0
0
0
-1.51009
-1.67791
-1.11837
0
0
0
0
0
0
0
0
0
0
-0.279113
-1.60135
-1.6283
-0.986764
0
0
0
0
0
0
0
0
0
0
-0.612415
-1.65522
-1.44148
-0.75153
0
0
0
0
0
0
0
0
0
0
-0.865215
-1.67617
-1.20114
0
0
0
0
0
0
0
0
0
0
0
-1.01613
-1.6507
-0.963166
0
0
0
0
0
0
0
0
0
0
0
-1.05838
-1.5638
-0.800055
0
0
0
0
0
0
0
0
0
0
0
-0.926941
-1.32434
0
0
0
0
0
0
0
0
0
0
0
-0.409948
-0.736844
-0.93864
0
0
0
0
0
0
0
0
0
0
0
0
0
0
0
0
0
0
0
0
0
0
0
0
0
0
0
0
0
0
0
0
0
0
0
0
0
0
0
0
0
0
0
0
0
0
0
0
0
0
0
0
0
0
0
0
0
0
0
0
0
0
0
0
0
0
0
0
0
0
0
0
0
0
0
0
0
0
0
0
0
0
0
0
0
0
0
0
0
0
0
0
0
0
0
0
0
0
0
0
0
0
0
0
0
0
0
0
0
0
0
0
0
0
0
0
0
0
0
0
0
0
0
0
0
0
0
0
0
0
0
0
0
0
0
0
0
0
0
0
0
0
0
0
0
0
0
0
0
0
0
0
0
0
0
0
0
0
0
0
0
0
0
0
0
0
0
0
0
0
0
0
0
0
0
0
0
0
0
0
0
0
0
0
0
0
0
0
0
0
0
0
0
0
0
0
0
0
0
0
0
0
0
0
0
0
0
0
0
0
0
0
0
0
0
0
0
0
0
0
0
0
0
0
0
0
0
0
0
0
0
0
0
0
0
0
0
0
0
0
0
0
0
0
0
0
0
0
0
0
0
0
0
0
0
0
0
0
0
0
0
0
0
0
0
0
0
0
0
0
0
0
0
0
0
0
0
0
0
0
0
0
0
0
0
0
0
0
0
0
0
0
0
0
0
0
0
0
0
0
0
0
0
0
0
0
0
0
0
0
0
0
0
0
0
0
0
0
0
0
0
-0.592776
-0.826388
0
0
0
0
0
0
0
0
0
0
0
-0.551959
-1.10288
-1.24882
0
0
0
0
0
0
0
0
0
0
0
-0.898267
-1.43443
-1.52693
0
0
0
0
0
0
0
0
0
0
0
-1.00437
-1.47144
-1.48773
0
-0.985304
-0.886611
-1.02945
0
0
0
0
0
0
0
-0.955795
-1.40468
-1.40532
0
-1.22935
-1.19037
-1.29675
0
0
0
0
0
0
0
-0.702063
-1.19652
-1.27339
-0.649606
-1.37459
-1.37604
-1.43418
0
0
0
0
0
0
0
-0.400216
-1.03102
-1.19849
-0.857078
-1.40425
-1.35181
-1.27487
0
0
0
0
0
0
0
-0.0887802
-0.945365
-1.18796
-0.9973
-1.36944
-1.27
-1.01295
0
0
0
0
0
0
0
0
-1.05241
-1.2953
-1.06091
-1.18897
-1.07539
0
0
0
0
0
0
0
0
0
-1.26496
-1.56748
-1.14192
-0.860817
-0.765257
0
0
0
0
0
0
0
0
0
-1.4787
-1.82359
-1.20953
0
0
0
0
0
0
0
0
0
0
0
-1.63953
-1.95394
-1.18191
0
0
0
0
0
0
0
0
0
0
-0.322767
-1.76612
-1.92224
-1.08609
0
0
0
0
0
0
0
0
0
0
-0.683313
-1.8735
-1.74067
-0.919626
0
0
0
0
0
0
0
0
0
0
-0.947618
-1.94986
-1.49361
-0.715158
0
0
0
0
0
0
0
0
0
0
-1.13649
-1.93652
-1.25471
0
0
0
0
0
0
0
0
0
0
0
-1.23272
-1.80279
-1.08899
0
0
0
0
0
0
0
0
0
0
-0.485843
-1.1185
-1.51681
-0.847575
0
0
0
0
0
0
0
0
0
0
-0.671172
-0.906888
-1.10657
0
0
0
0
0
0
0
0
0
0
0
-0.550552
-0.548651
0
0
0
0
0
0
0
0
0
0
0
0
0
0
0
0
0
0
0
0
0
0
0
0
0
0
0
0
0
0
0
0
0
0
0
0
0
0
0
0
0
0
0
0
0
0
0
0
0
0
0
0
0
0
0
0
0
0
0
0
0
0
0
0
0
0
0
0
0
0
0
0
0
0
0
0
0
0
0
0
0
0
0
0
0
0
0
0
0
0
0
0
0
0
0
0
0
0
0
0
0
0
0
0
0
0
0
0
0
0
0
0
0
0
0
0
0
0
0
0
0
0
0
0
0
0
0
0
0
0
0
0
0
0
0
0
0
0
0
0
0
0
0
0
0
0
0
0
0
0
0
0
0
0
0
0
0
0
0
0
0
0
0
0
0
0
0
0
0
0
0
0
0
0
0
0
0
0
0
0
0
0
0
0
0
0
0
0
0
0
0
0
0
0
0
0
0
0
0
0
0
0
0
0
0
0
0
0
0
0
0
0
0
0
0
0
0
0
0
0
0
0
0
0
0
0
0
0
0
0
0
0
0
0
0
0
0
0
0
0
0
0
0
0
0
0
0
0
0
0
0
0
0
0
0
0
0
0
0
0
0
0
0
0
0
0
0
0
0
0
0
0
0
0
0
0
0
0
0
0
0
0
0
0
0
0
0
0
0
0
0
0
0
0
0
0
0
0
0
0
0
0
0
0
0
0
0
0
-0.462465
-0.870109
0
0
0
0
0
0
0
0
0
0
0
-0.219457
-0.968264
-1.29863
0
0
0
0
0
0
0
0
0
0
0
-0.602442
-1.31076
-1.56051
0
0
0
0
0
0
0
0
0
0
0
-0.736801
-1.37498
-1.52275
0
-0.889244
-0.745391
-1.01525
0
0
0
0
0
0
0
-0.708393
-1.34129
-1.45488
-0.377066
-1.16498
-1.07713
-1.32282
0
0
0
0
0
0
0
-0.474876
-1.18541
-1.34619
-0.653827
-1.33788
-1.29477
-1.50128
0
0
0
0
0
0
0
-0.183902
-1.07521
-1.30992
-0.822454
-1.377
-1.30398
-1.37036
0
0
0
0
0
0
0
0
-1.05537
-1.34645
-0.951848
-1.34648
-1.25011
-1.13954
0
0
0
0
0
0
0
0
-1.21936
-1.50246
-1.04595
-1.17048
-1.07396
0
0
0
0
0
0
0
0
0
-1.46778
-1.77616
-1.18034
-0.84592
-0.770243
0
0
0
0
0
0
0
0
0
-1.69444
-2.02423
-1.30178
0
0
0
0
0
0
0
0
0
0
-0.0159402
-1.83144
-2.14802
-1.32186
0
0
0
0
0
0
0
0
0
0
-0.379047
-1.93504
-2.1428
-1.26611
0
0
0
0
0
0
0
0
0
0
-0.736136
-2.02177
-2.01661
-1.14618
0
0
0
0
0
0
0
0
0
0
-1.00438
-2.11545
-1.82564
-0.972675
0
0
0
0
0
0
0
0
0
0
-1.1954
-2.15343
-1.60397
-0.775243
0
0
0
0
0
0
0
0
0
-0.121095
-1.31673
-2.06526
-1.42096
0
0
0
0
0
0
0
0
0
0
-0.533575
-1.28776
-1.76292
-1.16138
0
0
0
0
0
0
0
0
0
0
-0.788949
-1.12664
-1.33476
-0.800085
0
0
0
0
0
0
0
0
0
0
-0.720739
-0.772978
-0.837762
0
0
0
0
0
0
0
0
0
0
0
-0.453492
0
0
0
0
0
0
0
0
0
0
0
0
0
0
0
0
0
0
0
0
0
0
0
0
0
0
0
0
0
0
0
0
0
0
0
0
0
0
0
0
0
0
0
0
0
0
0
0
0
0
0
0
0
0
0
0
0
0
0
0
0
0
0
0
0
0
0
0
0
0
0
0
0
0
0
0
0
0
0
0
0
0
0
0
0
0
0
0
0
0
0
0
0
0
0
0
0
0
0
0
0
0
0
0
0
0
0
0
0
0
0
0
0
0
0
0
0
0
0
0
0
0
0
0
0
0
0
0
0
0
0
0
0
0
0
0
0
0
0
0
0
0
0
0
0
0
0
0
0
0
0
0
0
0
0
0
0
0
0
0
0
0
0
0
0
0
0
0
0
0
0
0
0
0
0
0
0
0
0
0
0
0
0
0
0
0
0
0
0
0
0
0
0
0
0
0
0
0
0
0
0
0
0
0
0
0
0
0
0
0
0
0
0
0
0
0
0
0
0
0
0
0
0
0
0
0
0
0
0
0
0
0
0
0
0
0
0
0
0
0
0
0
0
0
0
0
0
0
0
0
0
0
0
0
0
0
0
0
0
0
0
0
0
0
0
0
0
0
0
0
0
0
0
0
0
0
0
0
0
0
0
0
0
0
0
0
0
0
0
0
0
0
0
0
0
-0.288259
-0.850382
0
0
0
0
0
0
0
0
0
0
0
0
-0.815685
-1.27341
0
0
0
0
0
0
0
0
0
0
0
-0.225202
-1.17776
-1.54949
0
0
0
0
0
0
0
0
0
0
0
-0.387899
-1.28098
-1.54954
0
-0.814359
-0.57477
-0.973885
0
0
0
0
0
0
0
-0.391213
-1.29052
-1.51651
-0.347799
-1.12913
-0.944419
-1.30323
0
0
0
0
0
0
0
-0.208389
-1.19535
-1.44096
-0.579088
-1.32867
-1.19858
-1.51439
0
0
0
0
0
0
0
0
-1.15288
-1.44117
-0.717884
-1.36561
-1.24191
-1.41273
0
0
0
0
0
0
0
0
-1.20771
-1.51536
-0.847129
-1.33166
-1.21394
-1.21167
0
0
0
0
0
0
0
0
-1.43076
-1.70468
-0.98468
-1.16012
-1.05159
-0.781775
0
0
0
0
0
0
0
0
-1.70236
-1.97109
-1.17075
-0.846835
-0.750024
0
0
0
0
0
0
0
0
0
-1.92963
-2.20306
-1.34324
-0.35765
0
0
0
0
0
0
0
0
0
-0.0818753
-2.03247
-2.30576
-1.42209
0
0
0
0
0
0
0
0
0
0
-0.448543
-2.10253
-2.29705
-1.43579
0
0
0
0
0
0
0
0
0
0
-0.794211
-2.1564
-2.1925
-1.3856
0
0
0
0
0
0
0
0
0
0
-1.06409
-2.24306
-2.06232
-1.23948
0
0
0
0
0
0
0
0
0
0
-1.25384
-2.28452
-1.91187
-1.05461
0
0
0
0
0
0
0
0
0
-0.14279
-1.37816
-2.24239
-1.74271
-0.81701
0
0
0
0
0
0
0
0
0
-0.562562
-1.37751
-2.00462
-1.44718
-0.575301
0
0
0
0
0
0
0
0
0
-0.820548
-1.30635
-1.58272
-1.06595
0
0
0
0
0
0
0
0
0
0
-0.799075
-1.01673
-1.0916
-0.58479
0
0
0
0
0
0
0
0
0
0
-0.577343
-0.676834
-0.695747
0
0
0
0
0
0
0
0
0
0
0
0
0
0
0
0
0
0
0
0
0
0
0
0
0
0
0
0
0
0
0
0
0
0
0
0
0
0
0
0
0
0
0
0
0
0
0
0
0
0
0
0
0
0
0
0
0
0
0
0
0
0
0
0
0
0
0
0
0
0
0
0
0
0
0
0
0
0
0
0
0
0
0
0
0
0
0
0
0
0
0
0
0
0
0
0
0
0
0
0
0
0
0
0
0
0
0
0
0
0
0
0
0
0
0
0
0
0
0
0
0
0
0
0
0
0
0
0
0
0
0
0
0
0
0
0
0
0
0
0
0
0
0
0
0
0
0
0
0
0
0
0
0
0
0
0
0
0
0
0
0
0
0
0
0
0
0
0
0
0
0
0
0
0
0
0
0
0
0
0
0
0
0
0
0
0
0
0
0
0
0
0
0
0
0
0
0
0
0
0
0
0
0
0
0
0
0
0
0
0
0
0
0
0
0
0
0
0
0
0
0
0
0
0
0
0
0
0
0
0
0
0
0
0
0
0
0
0
0
0
0
0
0
0
0
0
0
0
0
0
0
0
0
0
0
0
0
0
0
0
0
0
0
0
0
0
0
0
0
0
0
0
0
0
0
0
0
0
0
0
0
0
0
0
0
0
0
0
0
0
0
0
0
-0.102949
-0.698827
0
0
0
0
0
0
0
0
0
0
0
0
-0.656825
-1.15632
0
0
0
0
0
0
0
0
0
0
0
0
-1.04175
-1.46559
0
0
0
0
0
0
0
0
0
0
0
-0.0825754
-1.17881
-1.52895
0
-0.798358
0
-0.876752
0
0
0
0
0
0
0
-0.137837
-1.22244
-1.55605
-0.29781
-1.1293
-0.758686
-1.20092
0
0
0
0
0
0
0
0
-1.17378
-1.54462
-0.541001
-1.33762
-1.03386
-1.41895
0
0
0
0
0
0
0
0
-1.20502
-1.60483
-0.719062
-1.35535
-1.09508
-1.33466
0
0
0
0
0
0
0
0
-1.33669
-1.7268
-0.888244
-1.30846
-1.07807
-1.15007
0
0
0
0
0
0
0
0
-1.6163
-1.94103
-1.06986
-1.13926
-0.918508
-0.73173
0
0
0
0
0
0
0
0
-1.90353
-2.18438
-1.2604
-0.849425
-0.612196
0
0
0
0
0
0
0
0
0
-2.13032
-2.38785
-1.4274
-0.411943
0
0
0
0
0
0
0
0
0
-0.238259
-2.21495
-2.4655
-1.50746
0
0
0
0
0
0
0
0
0
0
-0.540831
-2.25887
-2.45124
-1.54884
0
0
0
0
0
0
0
0
0
0
-0.83758
-2.27744
-2.35846
-1.55853
0
0
0
0
0
0
0
0
0
0
-1.09504
-2.33561
-2.24197
-1.49148
0
0
0
0
0
0
0
0
0
0
-1.27583
-2.35905
-2.12478
-1.36294
0
0
0
0
0
0
0
0
0
-0.0508587
-1.39852
-2.31499
-1.99663
-1.1701
0
0
0
0
0
0
0
0
0
-0.456753
-1.41436
-2.13304
-1.70844
-0.966067
0
0
0
0
0
0
0
0
0
-0.701998
-1.39002
-1.81419
-1.30175
-0.748332
0
0
0
0
0
0
0
0
0
-0.680878
-1.23879
-1.39531
-0.858094
0
0
0
0
0
0
0
0
0
0
-0.534499
-0.981707
-1.07916
0
0
0
0
0
0
0
0
0
0
0
0
-0.682795
-0.875964
0
0
0
0
0
0
0
0
0
0
0
0
0
-0.788594
0
0
0
0
0
0
0
0
0
0
0
0
0
0
0
0
0
0
0
0
0
0
0
0
0
0
0
0
0
0
0
0
0
0
0
0
0
0
0
0
0
0
0
0
0
0
0
0
0
0
0
0
0
0
0
0
0
0
0
0
0
0
0
0
0
0
0
0
0
0
0
0
0
0
0
0
0
0
0
0
0
0
0
0
0
0
0
0
0
0
0
0
0
0
0
0
0
0
0
0
0
0
0
0
0
0
0
0
0
0
0
0
0
0
0
0
0
0
0
0
0
0
0
0
0
0
0
0
0
0
0
0
0
0
0
0
0
0
0
0
0
0
0
0
0
0
0
0
0
0
0
0
0
0
0
0
0
0
0
0
0
0
0
0
0
0
0
0
0
0
0
0
0
0
0
0
0
0
0
0
0
0
0
0
0
0
0
0
0
0
0
0
0
0
0
0
0
0
0
0
0
0
0
0
0
0
0
0
0
0
0
0
0
0
0
0
0
0
0
0
0
0
0
0
0
0
0
0
0
0
0
0
0
0
0
0
0
0
0
0
0
0
0
0
0
0
0
0
0
0
0
0
0
0
0
0
0
0
0
0
0
0
0
0
0
0
-0.520926
0
0
0
0
0
0
0
0
0
0
0
0
-0.498146
-1.0251
0
0
0
0
0
0
0
0
0
0
0
0
-0.903029
-1.37426
0
0
0
0
0
0
0
0
0
0
0
0
-1.07747
-1.51191
0
-0.758553
0
-0.793009
0
0
0
0
0
0
0
0
-1.16424
-1.60201
-0.26331
-1.09738
-0.566203
-1.10513
0
0
0
0
0
0
0
0
-1.17062
-1.65104
-0.531335
-1.31658
-0.85326
-1.32191
0
0
0
0
0
0
0
0
-1.28328
-1.76152
-0.760919
-1.31885
-0.923754
-1.25196
-0.685303
0
0
0
0
0
0
0
-1.48604
-1.91935
-0.971509
-1.25977
-0.912565
-1.08118
0
0
0
0
0
0
0
0
-1.808
-2.14976
-1.18598
-1.08925
-0.755589
-0.673729
0
0
0
0
0
0
0
0
-2.09807
-2.37543
-1.3704
-0.817757
-0.448332
0
0
0
0
0
0
0
0
-0.298656
-2.31347
-2.55685
-1.5228
-0.427041
0
0
0
0
0
0
0
0
0
-0.480182
-2.37753
-2.61396
-1.59141
0
0
0
0
0
0
0
0
0
0
-0.686375
-2.39997
-2.59186
-1.63613
0
0
0
0
0
0
0
0
0
0
-0.900521
-2.39347
-2.50459
-1.66714
0
0
0
0
0
0
0
0
0
0
-1.12482
-2.42445
-2.39039
-1.65719
0
0
0
0
0
0
0
0
0
0
-1.29887
-2.42519
-2.27284
-1.60762
0
0
0
0
0
0
0
0
0
0
-1.42219
-2.37247
-2.15474
-1.47273
0
0
0
0
0
0
0
0
0
-0.317921
-1.44908
-2.20752
-1.91679
-1.27235
0
0
0
0
0
0
0
0
0
-0.546582
-1.45124
-1.97017
-1.52
-1.06926
0
0
0
0
0
0
0
0
0
-0.521491
-1.38037
-1.66498
-1.08128
-0.885346
0
0
0
0
0
0
0
0
0
-0.406453
-1.24319
-1.3813
-0.826163
-0.740826
0
0
0
0
0
0
0
0
0
0
-0.986222
-1.20793
-0.758639
0
0
0
0
0
0
0
0
0
0
0
-0.688812
-1.1074
0
0
0
0
0
0
0
0
0
0
0
0
0
-0.926831
0
0
0
0
0
0
0
0
0
0
0
0
0
0
0
0
0
0
0
0
0
0
0
0
0
0
0
0
0
0
0
0
0
0
0
0
0
0
0
0
0
0
0
0
0
0
0
0
0
0
0
0
0
0
0
0
0
0
0
0
0
0
0
0
0
0
0
0
0
0
0
0
0
0
0
0
0
0
0
0
0
0
0
0
0
0
0
0
0
0
0
0
0
0
0
0
0
0
0
0
0
0
0
0
0
0
0
0
0
0
0
0
0
0
0
0
0
0
0
0
0
0
0
0
0
0
0
0
0
0
0
0
0
0
0
0
0
0
0
0
0
0
0
0
0
0
0
0
0
0
0
0
0
0
0
0
0
0
0
0
0
0
0
0
0
0
0
0
0
0
0
0
0
0
0
0
0
0
0
0
0
0
0
0
0
0
0
0
0
0
0
0
0
0
0
0
0
0
0
0
0
0
0
0
0
0
0
0
0
0
0
0
0
0
0
0
0
0
0
0
0
0
0
0
0
0
0
0
0
0
0
0
0
0
0
0
0
0
0
0
0
0
0
0
0
0
0
0
0
0
0
0
-0.225722
0
0
0
0
0
0
0
0
0
0
0
0
-0.261523
-0.783516
0
0
0
0
0
0
0
0
0
0
0
0
-0.681317
-1.17524
0
0
0
0
0
0
0
0
0
0
0
0
-0.898785
-1.39302
0
-0.773727
0
-0.624903
0
0
0
0
0
0
0
0
-1.04252
-1.55307
-0.272169
-1.10042
-0.362932
-0.901253
0
0
0
0
0
0
0
0
-1.11856
-1.67378
-0.617078
-1.3212
-0.636108
-1.09261
0
0
0
0
0
0
0
0
-1.33371
-1.8594
-0.944239
-1.34412
-0.715909
-1.02303
0
0
0
0
0
0
0
0
-1.61003
-2.07094
-1.20589
-1.31116
-0.719341
-0.857771
0
0
0
0
0
0
0
0
-1.96263
-2.32911
-1.42928
-1.18183
-0.586656
-0.47791
0
0
0
0
0
0
0
-0.687958
-2.25197
-2.54278
-1.57055
-0.953468
0
0
0
0
0
0
0
0
0
-0.755403
-2.45321
-2.70626
-1.67161
-0.624306
0
0
0
0
0
0
0
0
0
-0.855586
-2.51209
-2.74852
-1.69235
-0.263817
0
0
0
0
0
0
0
0
0
-0.950874
-2.5229
-2.72338
-1.71499
0
0
0
0
0
0
0
0
0
0
-1.05648
-2.50866
-2.64213
-1.74261
0
0
0
0
0
0
0
0
0
0
-1.17774
-2.50294
-2.51739
-1.77202
0
0
0
0
0
0
0
0
0
0
-1.30022
-2.46842
-2.38239
-1.78636
0
0
0
0
0
0
0
0
0
0
-1.41113
-2.38294
-2.22976
-1.74172
0
0
0
0
0
0
0
0
0
-0.0362784
-1.46592
-2.23165
-2.01167
-1.57342
0
0
0
0
0
0
0
0
0
-0.25684
-1.51266
-2.04981
-1.67389
-1.37118
0
0
0
0
0
0
0
0
0
-0.234746
-1.52371
-1.8898
-1.28209
-1.20501
0
0
0
0
0
0
0
0
0
0
-1.49092
-1.68997
-1.07038
-1.09533
0
0
0
0
0
0
0
0
0
0
-1.32708
-1.52259
-1.04974
-0.989101
0
0
0
0
0
0
0
0
0
0
-1.00246
-1.39042
-1.09876
0
0
0
0
0
0
0
0
0
0
0
-0.651405
-1.22024
-1.00794
0
0
0
0
0
0
0
0
0
0
0
0
0
0
0
0
0
0
0
0
0
0
0
0
0
0
0
0
0
0
0
0
0
0
0
0
0
0
0
0
0
0
0
0
0
0
0
0
0
0
0
0
0
0
0
0
0
0
0
0
0
0
0
0
0
0
0
0
0
0
0
0
0
0
0
0
0
0
0
0
0
0
0
0
0
0
0
0
0
0
0
0
0
0
0
0
0
0
0
0
0
0
0
0
0
0
0
0
0
0
0
0
0
0
0
0
0
0
0
0
0
0
0
0
0
0
0
0
0
0
0
0
0
0
0
0
0
0
0
0
0
0
0
0
0
0
0
0
0
0
0
0
0
0
0
0
0
0
0
0
0
0
0
0
0
0
0
0
0
0
0
0
0
0
0
0
0
0
0
0
0
0
0
0
0
0
0
0
0
0
0
0
0
0
0
0
0
0
0
0
0
0
0
0
0
0
0
0
0
0
0
0
0
0
0
0
0
0
0
0
0
0
0
0
0
0
0
0
0
0
0
0
0
0
0
0
0
0
0
0
0
0
0
0
0
0
0
0
0
0
0
0
0
0
0
0
0
0
0
0
0
0
0
0
0
-0.492562
0
0
0
0
0
0
0
0
0
0
0
0
-0.426723
-0.937984
0
-0.259615
0
0
0
0
0
0
0
0
0
0
-0.710478
-1.25839
0
-0.794717
0
-0.455598
0
0
0
0
0
0
0
0
-0.935649
-1.50196
-0.295967
-1.11173
0
-0.68421
0
0
0
0
0
0
0
0
-1.1059
-1.70079
-0.709439
-1.33338
-0.353309
-0.83509
0
0
0
0
0
0
0
0
-1.44642
-1.95969
-1.11019
-1.37932
-0.45461
-0.76184
0
0
0
0
0
0
0
0
-1.79984
-2.21716
-1.40521
-1.37353
-0.485073
-0.603587
0
0
0
0
0
0
0
-1.18875
-2.17844
-2.49539
-1.63273
-1.28258
-0.38921
0
0
0
0
0
0
0
0
-1.28554
-2.46129
-2.69627
-1.74454
-1.08957
0
0
0
0
0
0
0
0
0
-1.2973
-2.64021
-2.84083
-1.80779
-0.804282
0
0
0
0
0
0
0
0
0
-1.3135
-2.68258
-2.86758
-1.78899
-0.44229
0
0
0
0
0
0
0
0
0
-1.29295
-2.66716
-2.84005
-1.78999
0
0
0
0
0
0
0
0
0
0
-1.27973
-2.62933
-2.7654
-1.81182
0
0
0
0
0
0
0
0
0
0
-1.27865
-2.58132
-2.63114
-1.86762
0
0
0
0
0
0
0
0
0
0
-1.32269
-2.51742
-2.47863
-1.91196
0
0
0
0
0
0
0
0
0
0
-1.40473
-2.40209
-2.29518
-1.92345
0
0
0
0
0
0
0
0
0
0
-1.49243
-2.25941
-2.07274
-1.80715
0
0
0
0
0
0
0
0
0
0
-1.57732
-2.11632
-1.78193
-1.60838
0
0
0
0
0
0
0
0
0
0
-1.64707
-2.04214
-1.46249
-1.43344
0
0
0
0
0
0
0
0
0
0
-1.66165
-1.93353
-1.26562
-1.32961
0
0
0
0
0
0
0
0
0
0
-1.58505
-1.76459
-1.25685
-1.25868
0
0
0
0
0
0
0
0
0
0
-1.24977
-1.59675
-1.31114
-1.10602
0
0
0
0
0
0
0
0
0
0
-0.879671
-1.41156
-1.26197
0
0
0
0
0
0
0
0
0
0
0
0
-1.01237
0
0
0
0
0
0
0
0
0
0
0
0
0
0
0
0
0
0
0
0
0
0
0
0
0
0
0
0
0
0
0
0
0
0
0
0
0
0
0
0
0
0
0
0
0
0
0
0
0
0
0
0
0
0
0
0
0
0
0
0
0
0
0
0
0
0
0
0
0
0
0
0
0
0
0
0
0
0
0
0
0
0
0
0
0
0
0
0
0
0
0
0
0
0
0
0
0
0
0
0
0
0
0
0
0
0
0
0
0
0
0
0
0
0
0
0
0
0
0
0
0
0
0
0
0
0
0
0
0
0
0
0
0
0
0
0
0
0
0
0
0
0
0
0
0
0
0
0
0
0
0
0
0
0
0
0
0
0
0
0
0
0
0
0
0
0
0
0
0
0
0
0
0
0
0
0
0
0
0
0
0
0
0
0
0
0
0
0
0
0
0
0
0
0
0
0
0
0
0
0
0
0
0
0
0
0
0
0
0
0
0
0
0
0
0
0
0
0
0
0
0
0
0
0
0
0
0
0
0
0
0
0
0
0
0
0
0
0
0
0
0
0
0
0
0
0
0
0
0
0
0
0
-0.1654
0
0
0
0
0
0
0
0
0
0
0
0
-0.116477
-0.65751
0
-0.346737
0
0
0
0
0
0
0
0
0
0
-0.469238
-1.07218
0
-0.772172
0
0
0
0
0
0
0
0
0
0
-0.792249
-1.3971
-0.302831
-1.0563
0
-0.368241
0
0
0
0
0
0
0
0
-1.07661
-1.67127
-0.772973
-1.27133
0
-0.490876
0
0
0
0
0
0
0
0
-1.55388
-2.00922
-1.22826
-1.37887
-0.418333
-0.426405
0
0
0
0
0
0
0
0
-1.98169
-2.3147
-1.54518
-1.44012
-0.525458
0
0
0
0
0
0
0
0
-1.70365
-2.38399
-2.61577
-1.77353
-1.43141
-0.490939
0
0
0
0
0
0
0
0
-1.80825
-2.66784
-2.80811
-1.86625
-1.30573
-0.269075
0
0
0
0
0
0
0
0
-1.80157
-2.83047
-2.93424
-1.90404
-1.09642
0
0
0
0
0
0
0
0
0
-1.78088
-2.86887
-2.93918
-1.85364
-0.75119
0
0
0
0
0
0
0
0
0
-1.67766
-2.83633
-2.90176
-1.83172
-0.416546
0
0
0
0
0
0
0
0
0
-1.56501
-2.78225
-2.82953
-1.83924
0
0
0
0
0
0
0
0
0
0
-1.43249
-2.68416
-2.69628
-1.9124
0
0
0
0
0
0
0
0
0
0
-1.381
-2.58498
-2.53626
-1.97009
0
0
0
0
0
0
0
0
0
0
-1.41076
-2.43652
-2.33424
-1.99688
0
0
0
0
0
0
0
0
0
0
-1.52749
-2.29323
-2.10745
-1.90876
0
0
0
0
0
0
0
0
0
0
-1.65038
-2.17181
-1.83704
-1.72261
0
0
0
0
0
0
0
0
0
0
-1.75309
-2.14126
-1.58652
-1.53647
0
0
0
0
0
0
0
0
0
0
-1.7861
-2.09393
-1.40246
-1.44484
0
0
0
0
0
0
0
0
0
0
-1.7573
-1.94361
-1.3804
-1.41515
0
0
0
0
0
0
0
0
0
0
-1.4613
-1.74569
-1.43608
-1.333
0
0
0
0
0
0
0
0
0
0
-1.08661
-1.54893
-1.42741
-1.15789
0
0
0
0
0
0
0
0
0
0
0
-1.18801
-1.18643
0
0
0
0
0
0
0
0
0
0
0
0
0
0
0
0
0
0
0
0
0
0
0
0
0
0
0
0
0
0
0
0
0
0
0
0
0
0
0
0
0
0
0
0
0
0
0
0
0
0
0
0
0
0
0
0
0
0
0
0
0
0
0
0
0
0
0
0
0
0
0
0
0
0
0
0
0
0
0
0
0
0
0
0
0
0
0
0
0
0
0
0
0
0
0
0
0
0
0
0
0
0
0
0
0
0
0
0
0
0
0
0
0
0
0
0
0
0
0
0
0
0
0
0
0
0
0
0
0
0
0
0
0
0
0
0
0
0
0
0
0
0
0
0
0
0
0
0
0
0
0
0
0
0
0
0
0
0
0
0
0
0
0
0
0
0
0
0
0
0
0
0
0
0
0
0
0
0
0
0
0
0
0
0
0
0
0
0
0
0
0
0
0
0
0
0
0
0
0
0
0
0
0
0
0
0
0
0
0
0
0
0
0
0
0
0
0
0
0
0
0
0
0
0
0
0
0
0
0
0
0
0
0
0
0
0
0
0
0
0
0
0
0
0
0
0
0
0
0
0
0
0
0
0
0
0
0
0
0
0
0
0
0
0
0
-0.325291
0
-0.399182
0
0
0
0
0
0
0
0
0
0
0
-0.875744
0
-0.732326
0
0
0
0
0
0
0
0
0
0
-0.592486
-1.30103
-0.293877
-0.986016
0
0
0
0
0
0
0
0
0
0
-1.03651
-1.65772
-0.810073
-1.19644
0
0
0
0
0
0
0
0
0
0
-1.68324
-2.07236
-1.30682
-1.36672
-0.410224
0
0
0
0
0
0
0
0
0
-2.19095
-2.41963
-1.6405
-1.48914
-0.582297
0
0
0
0
0
0
0
0
-2.06089
-2.61891
-2.73788
-1.87159
-1.54772
-0.590525
0
0
0
0
0
0
0
0
-2.20663
-2.9057
-2.92031
-1.95483
-1.47196
-0.390887
0
0
0
0
0
0
0
0
-2.23401
-3.05187
-3.02662
-1.97906
-1.31348
0
0
0
0
0
0
0
0
0
-2.226
-3.0808
-3.00699
-1.91042
-0.981344
0
0
0
0
0
0
0
0
0
-2.07033
-3.02346
-2.95385
-1.87446
-0.640862
0
0
0
0
0
0
0
0
0
-1.86973
-2.94383
-2.87862
-1.87092
-0.294285
0
0
0
0
0
0
0
0
0
-1.61288
-2.79313
-2.74941
-1.95397
-0.30115
0
0
0
0
0
0
0
0
0
-1.46482
-2.65394
-2.58962
-2.01816
-0.372795
0
0
0
0
0
0
0
0
0
-1.43461
-2.47647
-2.37636
-2.04649
-0.493312
0
0
0
0
0
0
0
0
0
-1.56296
-2.33431
-2.14752
-1.96471
-0.536459
0
0
0
0
0
0
0
0
0
-1.71574
-2.22628
-1.88531
-1.79883
-0.576943
0
0
0
0
0
0
0
0
0
-1.83801
-2.22254
-1.68038
-1.60894
-0.599273
0
0
0
0
0
0
0
0
0
-1.87999
-2.20705
-1.52196
-1.51652
-0.667069
0
0
0
0
0
0
0
0
0
-1.87077
-2.09421
-1.47853
-1.50828
0
0
0
0
0
0
0
0
0
0
-1.62505
-1.87344
-1.52822
-1.46843
0
0
0
0
0
0
0
0
0
0
-1.24481
-1.66325
-1.53599
-1.33072
0
0
0
0
0
0
0
0
0
0
-0.716205
-1.31654
-1.32483
0
0
0
0
0
0
0
0
0
0
0
0
0
0
0
0
0
0
0
0
0
0
0
0
0
0
0
0
0
0
0
0
0
0
0
0
0
0
0
0
0
0
0
0
0
0
0
0
0
0
0
0
0
0
0
0
0
0
0
0
0
0
0
0
0
0
0
0
0
0
0
0
0
0
0
0
0
0
0
0
0
0
0
0
0
0
0
0
0
0
0
0
0
0
0
0
0
0
0
0
0
0
0
0
0
0
0
0
0
0
0
0
0
0
0
0
0
0
0
0
0
0
0
0
0
0
0
0
0
0
0
0
0
0
0
0
0
0
0
0
0
0
0
0
0
0
0
0
0
0
0
0
0
0
0
0
0
0
0
0
0
0
0
0
0
0
0
0
0
0
0
0
0
0
0
0
0
0
0
0
0
0
0
0
0
0
0
0
0
0
0
0
0
0
0
0
0
0
0
0
0
0
0
0
0
0
0
0
0
0
0
0
0
0
0
0
0
0
0
0
0
0
0
0
0
0
0
0
0
0
0
0
0
0
0
0
0
0
0
0
0
0
0
0
0
0
0
0
0
0
0
0
0
0
0
0
0
0
0
0
0
0
0
0
0
-0.0386823
0
-0.33391
0
0
0
0
0
0
0
0
0
0
0
-0.697858
0
-0.580209
0
0
0
0
0
0
0
0
0
0
0
-1.20314
-0.199919
-0.807136
0
0
0
0
0
0
0
0
0
0
-1.02359
-1.62406
-0.74366
-1.02106
0
0
0
0
0
0
0
0
0
0
-1.8049
-2.09317
-1.26691
-1.27118
-0.48342
0
0
0
0
0
0
0
0
0
-2.37321
-2.46777
-1.61572
-1.46547
-0.69227
0
0
0
0
0
0
0
0
0
-2.82657
-2.79519
-1.85923
-1.60123
-0.714152
0
0
0
0
0
0
0
0
0
-3.1237
-2.96881
-1.95592
-1.58358
-0.523551
0
0
0
0
0
0
0
0
-2.46108
-3.26098
-3.05816
-1.99346
-1.48282
0
0
0
0
0
0
0
0
0
-2.53256
-3.28125
-3.01679
-1.93467
-1.17502
0
0
0
0
0
0
0
0
0
-2.38512
-3.19957
-2.94922
-1.90218
-0.849837
0
0
0
0
0
0
0
0
0
-2.13387
-3.09375
-2.87059
-1.89431
-0.493873
0
0
0
0
0
0
0
0
0
-1.78228
-2.89838
-2.75577
-1.97194
-0.527755
0
0
0
0
0
0
0
0
0
-1.55438
-2.72398
-2.61446
-2.02544
-0.626
0
0
0
0
0
0
0
0
0
-1.47148
-2.52372
-2.41454
-2.03432
-0.774638
0
0
0
0
0
0
0
0
0
-1.58933
-2.3795
-2.19185
-1.92984
-0.804521
0
0
0
0
0
0
0
0
0
-1.74976
-2.27129
-1.93679
-1.75586
-0.800782
0
0
0
0
0
0
0
0
0
-1.87008
-2.27231
-1.73979
-1.55738
-0.782963
0
0
0
0
0
0
0
0
0
-1.90975
-2.26967
-1.59287
-1.45543
-0.821944
0
0
0
0
0
0
0
0
0
-1.90555
-2.19759
-1.51659
-1.46516
-0.888753
0
0
0
0
0
0
0
0
0
-1.70878
-1.97369
-1.55462
-1.46564
0
0
0
0
0
0
0
0
0
0
-1.3401
-1.75429
-1.56387
-1.38151
0
0
0
0
0
0
0
0
0
0
-0.830315
-1.4074
-1.3814
-1.23804
0
0
0
0
0
0
0
0
0
0
0
-0.959144
0
0
0
0
0
0
0
0
0
0
0
0
0
0
0
0
0
0
0
0
0
0
0
0
0
0
0
0
0
0
0
0
0
0
0
0
0
0
0
0
0
0
0
0
0
0
0
0
0
0
0
0
0
0
0
0
0
0
0
0
0
0
0
0
0
0
0
0
0
0
0
0
0
0
0
0
0
0
0
0
0
0
0
0
0
0
0
0
0
0
0
0
0
0
0
0
0
0
0
0
0
0
0
0
0
0
0
0
0
0
0
0
0
0
0
0
0
0
0
0
0
0
0
0
0
0
0
0
0
0
0
0
0
0
0
0
0
0
0
0
0
0
0
0
0
0
0
0
0
0
0
0
0
0
0
0
0
0
0
0
0
0
0
0
0
0
0
0
0
0
0
0
0
0
0
0
0
0
0
0
0
0
0
0
0
0
0
0
0
0
0
0
0
0
0
0
0
0
0
0
0
0
0
0
0
0
0
0
0
0
0
0
0
0
0
0
0
0
0
0
0
0
0
0
0
0
0
0
0
0
0
0
0
0
0
0
0
0
0
0
0
0
0
0
0
0
0
0
0
0
0
0
0
0
-0.212541
0
0
0
0
0
0
0
0
0
0
0
-0.495876
0
-0.381157
0
0
0
0
0
0
0
0
0
0
0
-1.08417
-0.0708721
-0.584212
0
0
0
0
0
0
0
0
0
0
0
-1.56646
-0.640306
-0.806385
0
0
0
0
0
0
0
0
0
0
-1.87044
-2.08449
-1.18933
-1.14397
-0.503832
0
0
0
0
0
0
0
0
0
-2.49795
-2.48273
-1.55483
-1.40775
-0.731807
0
0
0
0
0
0
0
0
0
-2.98203
-2.81825
-1.81516
-1.61164
-0.758132
0
0
0
0
0
0
0
0
0
-3.29733
-2.98548
-1.93216
-1.64111
-0.574734
0
0
0
0
0
0
0
0
0
-3.43304
-3.06184
-1.98997
-1.58338
-0.23696
0
0
0
0
0
0
0
0
-2.73323
-3.44824
-3.00541
-1.95013
-1.29422
0
0
0
0
0
0
0
0
0
-2.62757
-3.3455
-2.92977
-1.93095
-0.984807
0
0
0
0
0
0
0
0
0
-2.35916
-3.21534
-2.85264
-1.92995
-0.637013
0
0
0
0
0
0
0
0
0
-1.93938
-2.982
-2.75273
-2.00448
-0.707449
0
0
0
0
0
0
0
0
0
-1.64673
-2.77623
-2.63102
-2.04716
-0.832461
0
0
0
0
0
0
0
0
0
-1.51616
-2.55357
-2.44657
-2.03429
-0.999779
0
0
0
0
0
0
0
0
0
-1.61588
-2.40719
-2.23064
-1.90267
-1.01735
0
0
0
0
0
0
0
0
0
-1.77444
-2.30059
-1.9834
-1.70743
-0.97392
0
0
0
0
0
0
0
0
0
-1.89194
-2.30944
-1.78882
-1.50082
-0.910904
0
0
0
0
0
0
0
0
0
-1.92711
-2.31951
-1.65214
-1.38691
-0.918145
0
0
0
0
0
0
0
0
0
-1.92226
-2.28258
-1.55338
-1.4056
-0.968884
0
0
0
0
0
0
0
0
0
-1.75364
-2.06151
-1.57722
-1.43224
-0.961449
0
0
0
0
0
0
0
0
0
-1.39597
-1.82903
-1.58049
-1.38722
0
0
0
0
0
0
0
0
0
0
-0.888852
-1.46787
-1.41378
-1.24623
0
0
0
0
0
0
0
0
0
0
0
-1.02668
0
0
0
0
0
0
0
0
0
0
0
0
0
0
0
0
0
0
0
0
0
0
0
0
0
0
0
0
0
0
0
0
0
0
0
0
0
0
0
0
0
0
0
0
0
0
0
0
0
0
0
0
0
0
0
0
0
0
0
0
0
0
0
0
0
0
0
0
0
0
0
0
0
0
0
0
0
0
0
0
0
0
0
0
0
0
0
0
0
0
0
0
0
0
0
0
0
0
0
0
0
0
0
0
0
0
0
0
0
0
0
0
0
0
0
0
0
0
0
0
0
0
0
0
0
0
0
0
0
0
0
0
0
0
0
0
0
0
0
0
0
0
0
0
0
0
0
0
0
0
0
0
0
0
0
0
0
0
0
0
0
0
0
0
0
0
0
0
0
0
0
0
0
0
0
0
0
0
0
0
0
0
0
0
0
0
0
0
0
0
0
0
0
0
0
0
0
0
0
0
0
0
0
0
0
0
0
0
0
0
0
0
0
0
0
0
0
0
0
0
0
0
0
0
0
0
0
0
0
0
0
0
0
0
0
0
0
0
0
0
0
0
0
0
0
0
0
0
0
0
0
0
0
0
0
0
0
0
0
0
0
0
0
0
0
0
-0.280442
0
-0.0562204
0
0
0
0
0
0
0
0
0
0
0
-0.927018
0
-0.255198
0
0
0
0
0
0
0
0
0
0
0
-1.45094
-0.440734
-0.50242
0
0
0
0
0
0
0
0
0
0
-1.86652
-2.00085
-1.01429
-0.935007
-0.428049
0
0
0
0
0
0
0
0
0
-2.53973
-2.41455
-1.40192
-1.26749
-0.653894
0
0
0
0
0
0
0
0
0
-3.05706
-2.75619
-1.69235
-1.53792
-0.671943
0
0
0
0
0
0
0
0
0
-3.3945
-2.92175
-1.84896
-1.61245
-0.496967
0
0
0
0
0
0
0
0
0
-3.53573
-2.993
-1.94609
-1.59456
-0.186161
-0.383207
0
0
0
0
0
0
0
-2.83771
-3.54659
-2.93543
-1.94617
-1.32597
0
-0.448009
0
0
0
0
0
0
0
-2.77919
-3.42853
-2.86644
-1.95866
-1.04144
0
-0.436705
0
0
0
0
0
0
0
-2.51776
-3.27976
-2.80521
-1.98175
-0.726558
0
-0.367097
0
0
0
0
0
0
0
-2.06454
-3.01967
-2.72701
-2.05555
-0.856652
0
0
0
0
0
0
0
0
0
-1.73084
-2.79105
-2.62875
-2.08713
-1.01907
0
0
0
0
0
0
0
0
0
-1.56188
-2.55036
-2.46316
-2.04748
-1.20102
0
0
0
0
0
0
0
0
0
-1.63487
-2.40121
-2.2567
-1.88582
-1.19464
0
0
0
0
0
0
0
0
0
-1.78015
-2.2982
-2.01975
-1.65606
-1.10373
0
0
0
0
0
0
0
0
0
-1.8901
-2.32213
-1.8285
-1.42673
-0.980402
0
0
0
0
0
0
0
0
0
-1.9171
-2.35254
-1.69589
-1.28705
-0.943373
0
0
0
0
0
0
0
0
0
-1.90536
-2.34994
-1.57913
-1.29416
-0.964118
0
0
0
0
0
0
0
0
0
-1.74178
-2.12962
-1.58458
-1.33184
-0.970156
0
0
0
0
0
0
0
0
0
-1.38339
-1.88019
-1.57407
-1.30434
0
0
0
0
0
0
0
0
0
0
-0.861963
-1.48708
-1.40244
-1.15671
0
0
0
0
0
0
0
0
0
0
0
-1.04064
0
0
0
0
0
0
0
0
0
0
0
0
0
0
0
0
0
0
0
0
0
0
0
0
0
0
0
0
0
0
0
0
0
0
0
0
0
0
0
0
0
0
0
0
0
0
0
0
0
0
0
0
0
0
0
0
0
0
0
0
0
0
0
0
0
0
0
0
0
0
0
0
0
0
0
0
0
0
0
0
0
0
0
0
0
0
0
0
0
0
0
0
0
0
0
0
0
0
0
0
0
0
0
0
0
0
0
0
0
0
0
0
0
0
0
0
0
0
0
0
0
0
0
0
0
0
0
0
0
0
0
0
0
0
0
0
0
0
0
0
0
0
0
0
0
0
0
0
0
0
0
0
0
0
0
0
0
0
0
0
0
0
0
0
0
0
0
0
0
0
0
0
0
0
0
0
0
0
0
0
0
0
0
0
0
0
0
0
0
0
0
0
0
0
0
0
0
0
0
0
0
0
0
0
0
0
0
0
0
0
0
0
0
0
0
0
0
0
0
0
0
0
0
0
0
0
0
0
0
0
0
0
0
0
0
0
0
0
0
0
0
0
0
0
0
0
0
0
0
0
0
0
0
0
0
0
0
0
0
0
0
0
0
0
0
0
0
0
0
0
0
0
0
0
0
0
0
0
0
0
-0.718667
0
0
0
0
0
0
0
0
0
0
0
0
0
-1.27448
-0.201924
-0.158405
0
0
0
0
0
0
0
0
0
0
-1.7613
-1.853
-0.807748
-0.699416
-0.295374
0
0
0
0
0
0
0
0
0
-2.48058
-2.28226
-1.22454
-1.09948
-0.506417
0
0
0
0
0
0
0
0
0
-3.03396
-2.63405
-1.55392
-1.42961
-0.513064
0
0
0
0
0
0
0
0
0
-3.39481
-2.80524
-1.75501
-1.54143
-0.353434
0
0
0
0
0
0
0
0
0
-3.5464
-2.88062
-1.89228
-1.55495
0
-0.466056
0
0
0
0
0
0
0
0
-3.55976
-2.8338
-1.92938
-1.30607
0
-0.581325
0
0
0
0
0
0
0
-2.87628
-3.43889
-2.78121
-1.97134
-1.04983
0
-0.598472
0
0
0
0
0
0
0
-2.63234
-3.2856
-2.74219
-2.01805
-0.778522
0
-0.544844
0
0
0
0
0
0
0
-2.17595
-3.01332
-2.68411
-2.09715
-0.96945
0
0
0
0
0
0
0
0
0
-1.82378
-2.77165
-2.60462
-2.12684
-1.1685
0
0
0
0
0
0
0
0
0
-1.62138
-2.5145
-2.45388
-2.07477
-1.36509
0
0
0
0
0
0
0
0
0
-1.66044
-2.36064
-2.25976
-1.89983
-1.33852
0
0
0
0
0
0
0
0
0
-1.78398
-2.26175
-2.03928
-1.65202
-1.20952
0
0
0
0
0
0
0
0
0
-1.88445
-2.3093
-1.86314
-1.40413
-1.02671
0
0
0
0
0
0
0
0
0
-1.90162
-2.36521
-1.7376
-1.23735
-0.93907
0
0
0
0
0
0
0
0
0
-1.87864
-2.39225
-1.61229
-1.21794
-0.917468
0
0
0
0
0
0
0
0
0
-1.70394
-2.17014
-1.60091
-1.24604
-0.930298
0
0
0
0
0
0
0
0
0
-1.33276
-1.90832
-1.57528
-1.21017
0
0
0
0
0
0
0
0
0
0
-0.791007
-1.4829
-1.38739
0
0
0
0
0
0
0
0
0
0
0
0
-1.02512
0
0
0
0
0
0
0
0
0
0
0
0
0
0
0
0
0
0
0
0
0
0
0
0
0
0
0
0
0
0
0
0
0
0
0
0
0
0
0
0
0
0
0
0
0
0
0
0
0
0
0
0
0
0
0
0
0
0
0
0
0
0
0
0
0
0
0
0
0
0
0
0
0
0
0
0
0
0
0
0
0
0
0
0
0
0
0
0
0
0
0
0
0
0
0
0
0
0
0
0
0
0
0
0
0
0
0
0
0
0
0
0
0
0
0
0
0
0
0
0
0
0
0
0
0
0
0
0
0
0
0
0
0
0
0
0
0
0
0
0
0
0
0
0
0
0
0
0
0
0
0
0
0
0
0
0
0
0
0
0
0
0
0
0
0
0
0
0
0
0
0
0
0
0
0
0
0
0
0
0
0
0
0
0
0
0
0
0
0
0
0
0
0
0
0
0
0
0
0
0
0
0
0
0
0
0
0
0
0
0
0
0
0
0
0
0
0
0
0
0
0
0
0
0
0
0
0
0
0
0
0
0
0
0
0
0
0
0
0
0
0
0
0
0
0
0
0
0
0
0
0
0
0
0
0
0
0
0
0
0
0
0
0
0
0
0
0
0
0
0
0
0
0
0
0
0
0
0
0
0
-0.444707
0
0
0
0
0
0
0
0
0
0
0
0
0
-1.01732
0
0
0
0
0
0
0
0
0
0
0
0
-1.54876
-1.6217
-0.555325
-0.424899
0
0
0
0
0
0
0
0
0
0
-2.31524
-2.06801
-1.0133
-0.888387
-0.246441
0
0
0
0
0
0
0
0
0
-2.90809
-2.43607
-1.39488
-1.27207
-0.232999
0
0
0
0
0
0
0
0
0
-3.2926
-2.62264
-1.64659
-1.41575
0
0
0
0
0
0
0
0
0
0
-3.45796
-2.71382
-1.8256
-1.45584
0
-0.531052
0
0
0
0
0
0
0
-2.92455
-3.48005
-2.69271
-1.89804
-1.22943
0
-0.681781
0
0
0
0
0
0
0
-2.91696
-3.36945
-2.66826
-1.96909
-1.01017
0
-0.724461
0
0
0
0
0
0
0
-2.69264
-3.22702
-2.65922
-2.0403
-0.798656
0
-0.695713
0
0
0
0
0
0
0
-2.25954
-2.9579
-2.62036
-2.13039
-1.05723
0
-0.513726
0
0
0
0
0
0
0
-1.91341
-2.71333
-2.55597
-2.16663
-1.29487
0
0
0
0
0
0
0
0
0
-1.68842
-2.44046
-2.4169
-2.11557
-1.50644
0
0
0
0
0
0
0
0
0
-1.69078
-2.27945
-2.23931
-1.94402
-1.45905
0
0
0
0
0
0
0
0
0
-1.7856
-2.18544
-2.04292
-1.69748
-1.29672
0
0
0
0
0
0
0
0
0
-1.87437
-2.26888
-1.89424
-1.4378
-1.05307
0
0
0
0
0
0
0
0
0
-1.87961
-2.35828
-1.7783
-1.24487
-0.903965
0
0
0
0
0
0
0
0
0
-1.84013
-2.41342
-1.65175
-1.18326
-0.820553
0
0
0
0
0
0
0
0
0
-1.63694
-2.18529
-1.62581
-1.17568
0
0
0
0
0
0
0
0
0
0
-1.23556
-1.91538
-1.58399
-1.09853
0
0
0
0
0
0
0
0
0
0
-0.661827
-1.45455
-1.36816
0
0
0
0
0
0
0
0
0
0
0
0
-0.977952
0
0
0
0
0
0
0
0
0
0
0
0
0
0
0
0
0
0
0
0
0
0
0
0
0
0
0
0
0
0
0
0
0
0
0
0
0
0
0
0
0
0
0
0
0
0
0
0
0
0
0
0
0
0
0
0
0
0
0
0
0
0
0
0
0
0
0
0
0
0
0
0
0
0
0
0
0
0
0
0
0
0
0
0
0
0
0
0
0
0
0
0
0
0
0
0
0
0
0
0
0
0
0
0
0
0
0
0
0
0
0
0
0
0
0
0
0
0
0
0
0
0
0
0
0
0
0
0
0
0
0
0
0
0
0
0
0
0
0
0
0
0
0
0
0
0
0
0
0
0
0
0
0
0
0
0
0
0
0
0
0
0
0
0
0
0
0
0
0
0
0
0
0
0
0
0
0
0
0
0
0
0
0
0
0
0
0
0
0
0
0
0
0
0
0
0
0
0
0
0
0
0
0
0
0
0
0
0
0
0
0
0
0
0
0
0
0
0
0
0
0
0
0
0
0
0
0
0
0
0
0
0
0
0
0
0
0
0
0
0
0
0
0
0
0
0
0
0
0
0
0
0
0
0
0
0
0
0
0
0
0
0
0
0
0
0
0
0
0
0
0
0
0
0
0
0
0
0
0
0
-0.19131
0
0
0
0
0
0
0
0
0
0
0
0
0
-0.760841
0
0
0
0
0
0
0
0
0
0
0
0
-1.23478
-1.36771
-0.349681
-0.177626
0
0
0
0
0
0
0
0
0
0
-2.03834
-1.82124
-0.843927
-0.685227
0
0
0
0
0
0
0
0
0
0
-2.66341
-2.20364
-1.26885
-1.10495
0
0
0
0
0
0
0
0
0
0
-3.06857
-2.40983
-1.55436
-1.27068
0
0
0
0
0
0
0
0
0
0
-3.2523
-2.52259
-1.75779
-1.33017
0
-0.535204
0
0
0
0
0
0
0
-2.86868
-3.29608
-2.52893
-1.84285
-1.1271
0
-0.680747
0
0
0
0
0
0
0
-2.87024
-3.21442
-2.53026
-1.92279
-0.947322
0
-0.726834
0
0
0
0
0
0
0
-2.67956
-3.1035
-2.54451
-2.00054
-0.796601
0
-0.711089
0
0
0
0
0
0
0
-2.29976
-2.85849
-2.5206
-2.0987
-1.10631
0
-0.558063
0
0
0
0
0
0
0
-1.98506
-2.62793
-2.46958
-2.14576
-1.37245
0
0
0
0
0
0
0
0
0
-1.74789
-2.34934
-2.35022
-2.11047
-1.59382
0
0
0
0
0
0
0
0
0
-1.7039
-2.17811
-2.20361
-1.96195
-1.53582
0
0
0
0
0
0
0
0
0
-1.75383
-2.08263
-2.04734
-1.73952
-1.36601
0
0
0
0
0
0
0
0
0
-1.8252
-2.1971
-1.92786
-1.48108
-1.09745
0
0
0
0
0
0
0
0
0
-1.82271
-2.31762
-1.8083
-1.2753
-0.904332
0
0
0
0
0
0
0
0
0
-1.77526
-2.39216
-1.67146
-1.16975
0
0
0
0
0
0
0
0
0
0
-1.54421
-2.16207
-1.62699
-1.11274
0
0
0
0
0
0
0
0
0
0
-1.1168
-1.89631
-1.56501
-0.974051
0
0
0
0
0
0
0
0
0
0
-0.520169
-1.41241
-1.31329
0
0
0
0
0
0
0
0
0
0
0
0
-0.91567
0
0
0
0
0
0
0
0
0
0
0
0
0
0
0
0
0
0
0
0
0
0
0
0
0
0
0
0
0
0
0
0
0
0
0
0
0
0
0
0
0
0
0
0
0
0
0
0
0
0
0
0
0
0
0
0
0
0
0
0
0
0
0
0
0
0
0
0
0
0
0
0
0
0
0
0
0
0
0
0
0
0
0
0
0
0
0
0
0
0
0
0
0
0
0
0
0
0
0
0
0
0
0
0
0
0
0
0
0
0
0
0
0
0
0
0
0
0
0
0
0
0
0
0
0
0
0
0
0
0
0
0
0
0
0
0
0
0
0
0
0
0
0
0
0
0
0
0
0
0
0
0
0
0
0
0
0
0
0
0
0
0
0
0
0
0
0
0
0
0
0
0
0
0
0
0
0
0
0
0
0
0
0
0
0
0
0
0
0
0
0
0
0
0
0
0
0
0
0
0
0
0
0
0
0
0
0
0
0
0
0
0
0
0
0
0
0
0
0
0
0
0
0
0
0
0
0
0
0
0
0
0
0
0
0
0
0
0
0
0
0
0
0
0
0
0
0
0
0
0
0
0
0
0
0
0
0
0
0
0
0
0
0
0
0
0
0
0
0
0
0
0
0
0
0
0
0
0
0
0
0
0
0
0
0
0
0
0
0
0
0
0
0
0
-0.501335
0
0
0
0
0
0
0
0
0
0
0
0
0
-1.08761
-0.181102
0
0
0
0
0
0
0
0
0
0
0
-1.65394
-1.53964
-0.706547
-0.474268
0
0
0
0
0
0
0
0
0
0
-2.31176
-1.9358
-1.16714
-0.917712
0
0
0
0
0
0
0
0
0
0
-2.74143
-2.16674
-1.4736
-1.10039
0
0
0
0
0
0
0
0
0
-2.383
-2.95349
-2.30711
-1.68966
-1.17673
0
-0.504175
0
0
0
0
0
0
0
-2.71624
-3.03188
-2.3436
-1.77214
-1.00185
0
-0.622252
0
0
0
0
0
0
0
-2.73115
-2.99628
-2.36992
-1.84833
-0.868991
0
-0.662591
0
0
0
0
0
0
0
-2.59682
-2.93423
-2.40312
-1.92246
-0.785397
0
-0.65864
0
0
0
0
0
0
0
-2.29562
-2.72922
-2.39083
-2.02885
-1.14046
0
-0.550314
0
0
0
0
0
0
0
-2.03405
-2.52431
-2.35318
-2.09104
-1.43056
0
0
0
0
0
0
0
0
0
-1.80054
-2.24386
-2.26291
-2.08238
-1.65558
0
0
0
0
0
0
0
0
0
-1.71059
-2.05771
-2.16049
-1.96935
-1.59037
0
0
0
0
0
0
0
0
0
-1.70244
-1.95617
-2.05645
-1.77904
-1.42957
0
0
0
0
0
0
0
0
0
-1.75145
-2.10258
-1.96502
-1.52954
-1.15673
0
0
0
0
0
0
0
0
0
-1.74293
-2.25631
-1.83165
-1.32306
-0.93214
0
0
0
0
0
0
0
0
0
-1.69184
-2.34363
-1.68505
-1.17463
0
0
0
0
0
0
0
0
0
0
-1.42588
-2.11902
-1.62005
-1.05571
0
0
0
0
0
0
0
0
0
0
-0.977232
-1.86585
-1.53319
0
0
0
0
0
0
0
0
0
0
0
0
-1.36383
-1.23433
0
0
0
0
0
0
0
0
0
0
0
0
0
0
0
0
0
0
0
0
0
0
0
0
0
0
0
0
0
0
0
0
0
0
0
0
0
0
0
0
0
0
0
0
0
0
0
0
0
0
0
0
0
0
0
0
0
0
0
0
0
0
0
0
0
0
0
0
0
0
0
0
0
0
0
0
0
0
0
0
0
0
0
0
0
0
0
0
0
0
0
0
0
0
0
0
0
0
0
0
0
0
0
0
0
0
0
0
0
0
0
0
0
0
0
0
0
0
0
0
0
0
0
0
0
0
0
0
0
0
0
0
0
0
0
0
0
0
0
0
0
0
0
0
0
0
0
0
0
0
0
0
0
0
0
0
0
0
0
0
0
0
0
0
0
0
0
0
0
0
0
0
0
0
0
0
0
0
0
0
0
0
0
0
0
0
0
0
0
0
0
0
0
0
0
0
0
0
0
0
0
0
0
0
0
0
0
0
0
0
0
0
0
0
0
0
0
0
0
0
0
0
0
0
0
0
0
0
0
0
0
0
0
0
0
0
0
0
0
0
0
0
0
0
0
0
0
0
0
0
0
0
0
0
0
0
0
0
0
0
0
0
0
0
0
0
0
0
0
0
0
0
0
0
0
0
0
0
0
0
0
0
0
0
0
0
0
0
0
0
0
0
0
0
0
0
0
0
0
0
0
0
0
0
0
0
0
-0.339819
0
0
0
0
0
0
0
0
0
0
0
0
0
-0.870735
-0.165726
0
0
0
0
0
0
0
0
0
0
0
-1.18489
-1.30058
-0.673864
-0.285329
0
0
0
0
0
0
0
0
0
0
-1.8652
-1.69659
-1.11841
-0.729295
0
0
0
0
0
0
0
0
0
0
-2.32181
-1.9457
-1.40811
-0.915076
0
0
0
0
0
0
0
0
0
-2.0445
-2.56966
-2.10883
-1.61056
-0.997377
0
-0.366105
0
0
0
0
0
0
0
-2.38684
-2.69507
-2.16372
-1.67407
-0.842185
0
-0.443222
0
0
0
0
0
0
0
-2.451
-2.71748
-2.20389
-1.73612
-0.748504
0
-0.466663
0
0
0
0
0
0
0
-2.40636
-2.71501
-2.2436
-1.80119
-0.722389
0
-0.462505
0
0
0
0
0
0
0
-2.20264
-2.56629
-2.23812
-1.90686
-1.11239
0
0
0
0
0
0
0
0
0
-2.00989
-2.4033
-2.21548
-1.97592
-1.41866
0
0
0
0
0
0
0
0
0
-1.79621
-2.14272
-2.1655
-1.98543
-1.63989
0
0
0
0
0
0
0
0
0
-1.66675
-1.95055
-2.11168
-1.90301
-1.58833
0
0
0
0
0
0
0
0
0
-1.59228
-1.8432
-2.05654
-1.73341
-1.47424
0
0
0
0
0
0
0
0
0
-1.61566
-2.0027
-1.96794
-1.5036
-1.25556
0
0
0
0
0
0
0
0
0
-1.60634
-2.1747
-1.80307
-1.30929
-1.0607
0
0
0
0
0
0
0
0
0
-1.56227
-2.25765
-1.64316
-1.1275
0
-1.19283
0
0
0
0
0
0
0
0
-1.26462
-2.04929
-1.55341
-0.949123
0
0
0
0
0
0
0
0
0
0
-0.821341
-1.812
-1.43255
0
0
0
0
0
0
0
0
0
0
0
0
-1.29193
-1.07718
0
0
0
0
0
0
0
0
0
0
0
0
0
0
0
0
0
0
0
0
0
0
0
0
0
0
0
0
0
0
0
0
0
0
0
0
0
0
0
0
0
0
0
0
0
0
0
0
0
0
0
0
0
0
0
0
0
0
0
0
0
0
0
0
0
0
0
0
0
0
0
0
0
0
0
0
0
0
0
0
0
0
0
0
0
0
0
0
0
0
0
0
0
0
0
0
0
0
0
0
0
0
0
0
0
0
0
0
0
0
0
0
0
0
0
0
0
0
0
0
0
0
0
0
0
0
0
0
0
0
0
0
0
0
0
0
0
0
0
0
0
0
0
0
0
0
0
0
0
0
0
0
0
0
0
0
0
0
0
0
0
0
0
0
0
0
0
0
0
0
0
0
0
0
0
0
0
0
0
0
0
0
0
0
0
0
0
0
0
0
0
0
0
0
0
0
0
0
0
0
0
0
0
0
0
0
0
0
0
0
0
0
0
0
0
0
0
0
0
0
0
0
0
0
0
0
0
0
0
0
0
0
0
0
0
0
0
0
0
0
0
0
0
0
0
0
0
0
0
0
0
0
0
0
0
0
0
0
0
0
0
0
0
0
0
0
0
0
0
0
0
0
0
0
0
0
0
0
0
0
0
0
0
0
0
0
0
0
0
0
0
0
0
0
0
0
0
0
0
0
0
0
0
0
0
0
0
-0.222521
0
0
0
0
0
0
0
0
0
0
0
0
0
-0.680307
-0.202358
0
0
0
0
0
0
0
0
0
0
0
-0.653573
-1.07577
-0.679119
-0.0783312
0
0
0
0
0
0
0
0
0
0
-1.35847
-1.46418
-1.09051
-0.510806
0
0
0
0
0
0
0
0
0
0
-1.84723
-1.72956
-1.34865
-0.693434
0
0
0
0
0
0
0
0
0
-1.5612
-2.13807
-1.91381
-1.52538
-0.77768
0
0
0
0
0
0
0
0
0
-1.96429
-2.31786
-1.98013
-1.55994
-0.644548
0
0
0
0
0
0
0
0
0
-2.12619
-2.40657
-2.02501
-1.60142
-0.599381
0
0
0
0
0
0
0
0
0
-2.19701
-2.47107
-2.05933
-1.65358
-0.642068
0
0
0
0
0
0
0
0
0
-2.10098
-2.38776
-2.05657
-1.75326
-1.06785
0
0
0
0
0
0
0
0
0
-1.98152
-2.2714
-2.05539
-1.8263
-1.38213
0
0
0
0
0
0
0
0
0
-1.78994
-2.03691
-2.06016
-1.85499
-1.59609
0
0
0
0
0
0
0
0
0
-1.61154
-1.84289
-2.06378
-1.80105
-1.57816
0
0
0
0
0
0
0
0
0
-1.45172
-1.72754
-2.05941
-1.65526
-1.52615
0
0
0
0
0
0
0
0
0
-1.44005
-1.89435
-1.9548
-1.4654
-1.37374
0
0
0
0
0
0
0
0
0
-1.42886
-2.07281
-1.76381
-1.28691
-1.21924
-1.09857
0
0
0
0
0
0
0
0
-1.39033
-2.15327
-1.59149
-1.06741
-0.958652
-1.44346
0
0
0
0
0
0
0
0
-1.0613
-1.97523
-1.4672
0
0
-1.6437
0
0
0
0
0
0
0
0
-0.642611
-1.75463
-1.28832
0
0
0
0
0
0
0
0
0
0
0
0
-1.20334
0
0
0
0
0
0
0
0
0
0
0
0
0
0
0
0
0
0
0
0
0
0
0
0
0
0
0
0
0
0
0
0
0
0
0
0
0
0
0
0
0
0
0
0
0
0
0
0
0
0
0
0
0
0
0
0
0
0
0
0
0
0
0
0
0
0
0
0
0
0
0
0
0
0
0
0
0
0
0
0
0
0
0
0
0
0
0
0
0
0
0
0
0
0
0
0
0
0
0
0
0
0
0
0
0
0
0
0
0
0
0
0
0
0
0
0
0
0
0
0
0
0
0
0
0
0
0
0
0
0
0
0
0
0
0
0
0
0
0
0
0
0
0
0
0
0
0
0
0
0
0
0
0
0
0
0
0
0
0
0
0
0
0
0
0
0
0
0
0
0
0
0
0
0
0
0
0
0
0
0
0
0
0
0
0
0
0
0
0
0
0
0
0
0
0
0
0
0
0
0
0
0
0
0
0
0
0
0
0
0
0
0
0
0
0
0
0
0
0
0
0
0
0
0
0
0
0
0
0
0
0
0
0
0
0
0
0
0
0
0
0
0
0
0
0
0
0
0
0
0
0
0
0
0
0
0
0
0
0
0
0
0
0
0
0
0
0
0
0
0
0
0
0
0
0
0
0
0
0
0
0
0
0
0
0
0
0
0
0
0
0
0
0
0
0
0
0
0
0
0
0
0
0
0
0
0
0
0
-0.104955
0
0
0
0
0
0
0
0
0
0
0
0
0
-0.539183
-0.294936
0
0
0
0
0
0
0
0
0
0
0
0
-0.919611
-0.734681
0
0
0
0
0
0
0
0
0
0
0
-0.853529
-1.30132
-1.09873
-0.329675
0
0
0
0
0
0
0
0
0
0
-1.38075
-1.57937
-1.31998
-0.502079
0
0
0
0
0
0
0
0
0
-1.0005
-1.71804
-1.78111
-1.47087
-0.579321
0
0
0
0
0
0
0
0
0
-1.49315
-1.95095
-1.8606
-1.49736
-0.454775
0
0
0
0
0
0
0
0
0
-1.75232
-2.09511
-1.91014
-1.5416
-0.451159
0
0
0
0
0
0
0
0
0
-1.92362
-2.21091
-1.94039
-1.60411
-0.555771
0
0
0
0
0
0
0
0
0
-1.91069
-2.18327
-1.94117
-1.68592
-1.00851
0
0
0
0
0
0
0
0
0
-1.85214
-2.1079
-1.95708
-1.74032
-1.31704
0
0
0
0
0
0
0
0
0
-1.68567
-1.91893
-1.99317
-1.73857
-1.53246
0
0
0
0
0
0
0
0
0
-1.48729
-1.74959
-2.01515
-1.65493
-1.56789
0
0
0
0
0
0
0
0
0
-1.28995
-1.64406
-2.00772
-1.50325
-1.58085
0
0
0
0
0
0
0
0
0
-1.26168
-1.79708
-1.84903
-1.35348
-1.50338
0
0
0
0
0
0
0
0
0
-1.24702
-1.93946
-1.6494
-1.19082
-1.40082
-1.1862
0
0
0
0
0
0
0
0
-1.18083
-2.01956
-1.47261
-0.952258
-1.17673
-1.57336
0
0
0
0
0
0
0
0
-0.832107
-1.87366
-1.3292
0
0
-1.76851
0
0
0
0
0
0
0
0
0
-1.66604
-1.08863
0
0
0
0
0
0
0
0
0
0
0
0
-1.06839
0
0
0
0
0
0
0
0
0
0
0
0
0
0
0
0
0
0
0
0
0
0
0
0
0
0
0
0
0
0
0
0
0
0
0
0
0
0
0
0
0
0
0
0
0
0
0
0
0
0
0
0
0
0
0
0
0
0
0
0
0
0
0
0
0
0
0
0
0
0
0
0
0
0
0
0
0
0
0
0
0
0
0
0
0
0
0
0
0
0
0
0
0
0
0
0
0
0
0
0
0
0
0
0
0
0
0
0
0
0
0
0
0
0
0
0
0
0
0
0
0
0
0
0
0
0
0
0
0
0
0
0
0
0
0
0
0
0
0
0
0
0
0
0
0
0
0
0
0
0
0
0
0
0
0
0
0
0
0
0
0
0
0
0
0
0
0
0
0
0
0
0
0
0
0
0
0
0
0
0
0
0
0
0
0
0
0
0
0
0
0
0
0
0
0
0
0
0
0
0
0
0
0
0
0
0
0
0
0
0
0
0
0
0
0
0
0
0
0
0
0
0
0
0
0
0
0
0
0
0
0
0
0
0
0
0
0
0
0
0
0
0
0
0
0
0
0
0
0
0
0
0
0
0
0
0
0
0
0
0
0
0
0
0
0
0
0
0
0
0
0
0
0
0
0
0
0
0
0
0
0
0
0
0
0
0
0
0
0
0
0
0
0
0
0
0
0
0
0
0
0
0
0
0
0
0
0
0
0
0
0
0
0
0
0
0
0
0
0
0
0
0
-0.419294
-0.384834
0
0
0
0
0
0
0
0
0
0
0
0
-0.787241
-0.793101
0
0
0
0
0
0
0
0
0
0
0
-0.329244
-1.15988
-1.11382
0
0
0
0
0
0
0
0
0
0
0
-0.901765
-1.44892
-1.30076
-0.274464
0
0
0
0
0
0
0
0
0
-0.484214
-1.28625
-1.66431
-1.42814
-0.340287
0
0
0
0
0
0
0
0
0
-1.08062
-1.5695
-1.7529
-1.45313
0
0
0
0
0
0
0
0
0
0
-1.43359
-1.76269
-1.8025
-1.50569
-0.285096
0
0
0
0
0
0
0
0
0
-1.69245
-1.91918
-1.82862
-1.58239
-0.463094
0
0
0
0
0
0
0
0
0
-1.74521
-1.94356
-1.83645
-1.64185
-0.931416
0
0
0
0
0
0
0
0
0
-1.72932
-1.91358
-1.87003
-1.6664
-1.23879
0
0
0
0
0
0
0
0
0
-1.56661
-1.79051
-1.93587
-1.59908
-1.4815
0
0
0
0
0
0
0
0
0
-1.33996
-1.65313
-1.96754
-1.47447
-1.57894
0
0
0
0
0
0
0
-0.0431224
0
-1.1028
-1.55917
-1.92598
-1.34233
-1.65134
0
0
0
0
0
0
0
-0.0869397
0
-1.04738
-1.67311
-1.7224
-1.23562
-1.64073
-0.957141
0
0
0
0
0
0
0
0
-1.01394
-1.7659
-1.52937
-1.08407
-1.56362
-1.28992
0
0
0
0
0
0
0
0
-0.894996
-1.87819
-1.33196
0
-1.38772
-1.72678
0
0
0
0
0
0
0
0
-0.559221
-1.75934
-1.14564
0
0
-1.85799
0
0
0
0
0
0
0
0
0
-1.5544
0
0
0
0
0
0
0
0
0
0
0
0
0
0
0
0
0
0
0
0
0
0
0
0
0
0
0
0
0
0
0
0
0
0
0
0
0
0
0
0
0
0
0
0
0
0
0
0
0
0
0
0
0
0
0
0
0
0
0
0
0
0
0
0
0
0
0
0
0
0
0
0
0
0
0
0
0
0
0
0
0
0
0
0
0
0
0
0
0
0
0
0
0
0
0
0
0
0
0
0
0
0
0
0
0
0
0
0
0
0
0
0
0
0
0
0
0
0
0
0
0
0
0
0
0
0
0
0
0
0
0
0
0
0
0
0
0
0
0
0
0
0
0
0
0
0
0
0
0
0
0
0
0
0
0
0
0
0
0
0
0
0
0
0
0
0
0
0
0
0
0
0
0
0
0
0
0
0
0
0
0
0
0
0
0
0
0
0
0
0
0
0
0
0
0
0
0
0
0
0
0
0
0
0
0
0
0
0
0
0
0
0
0
0
0
0
0
0
0
0
0
0
0
0
0
0
0
0
0
0
0
0
0
0
0
0
0
0
0
0
0
0
0
0
0
0
0
0
0
0
0
0
0
0
0
0
0
0
0
0
0
0
0
0
0
0
0
0
0
0
0
0
0
0
0
0
0
0
0
0
0
0
0
0
0
0
0
0
0
0
0
0
0
0
0
0
0
0
0
0
0
0
0
0
0
0
0
0
0
0
0
0
0
0
0
0
0
0
0
0
0
0
0
0
0
0
0
0
0
0
0
0
0
0
0
0
-0.2849
-0.378094
0
0
0
0
0
0
0
0
0
0
0
0
-0.666769
-0.782952
0
0
0
0
0
0
0
0
0
0
0
0
-1.0424
-1.09851
0
0
0
0
0
0
0
0
0
0
0
-0.562132
-1.35655
-1.29723
0
0
0
0
0
0
0
0
0
0
0
-0.981274
-1.59879
-1.44482
0
0
0
0
0
0
0
0
0
0
-0.792795
-1.29932
-1.73192
-1.51824
0
0
0
0
0
0
0
0
0
0
-1.17235
-1.50803
-1.81083
-1.61267
0
0
0
0
0
0
0
0
0
0
-1.46107
-1.66399
-1.8604
-1.72531
-0.502049
0
0
0
0
0
0
0
0
0
-1.52906
-1.70652
-1.87109
-1.77136
-0.944398
0
0
0
0
0
0
0
0
0
-1.51805
-1.71025
-1.90054
-1.75064
-1.24658
0
0
0
0
0
0
0
0
0
-1.35356
-1.65057
-1.95326
-1.59527
-1.49754
0
0
0
0
0
0
0
-0.0234529
0
-1.14751
-1.54795
-1.93017
-1.42584
-1.60663
0
0
0
0
0
0
0
-0.127042
0
-0.939031
-1.46233
-1.80876
-1.28352
-1.68997
0
0
0
0
0
0
0
-0.115667
0
-0.895196
-1.48434
-1.58613
-1.18057
-1.68274
0
0
0
0
0
0
0
0
0
-0.812174
-1.53874
-1.39263
-1.02665
-1.59829
0
0
0
0
0
0
0
0
0
-0.636977
-1.67733
-1.17094
0
-1.50694
-1.70477
0
0
0
0
0
0
0
0
0
-1.58095
-0.936495
0
0
0
0
0
0
0
0
0
0
0
0
-1.35703
0
0
0
0
0
0
0
0
0
0
0
0
0
0
0
0
0
0
0
0
0
0
0
0
0
0
0
0
0
0
0
0
0
0
0
0
0
0
0
0
0
0
0
0
0
0
0
0
0
0
0
0
0
0
0
0
0
0
0
0
0
0
0
0
0
0
0
0
0
0
0
0
0
0
0
0
0
0
0
0
0
0
0
0
0
0
0
0
0
0
0
0
0
0
0
0
0
0
0
0
0
0
0
0
0
0
0
0
0
0
0
0
0
0
0
0
0
0
0
0
0
0
0
0
0
0
0
0
0
0
0
0
0
0
0
0
0
0
0
0
0
0
0
0
0
0
0
0
0
0
0
0
0
0
0
0
0
0
0
0
0
0
0
0
0
0
0
0
0
0
0
0
0
0
0
0
0
0
0
0
0
0
0
0
0
0
0
0
0
0
0
0
0
0
0
0
0
0
0
0
0
0
0
0
0
0
0
0
0
0
0
0
0
0
0
0
0
0
0
0
0
0
0
0
0
0
0
0
0
0
0
0
0
0
0
0
0
0
0
0
0
0
0
0
0
0
0
0
0
0
0
0
0
0
0
0
0
0
0
0
0
0
0
0
0
0
0
0
0
0
0
0
0
0
0
0
0
0
0
0
0
0
0
0
0
0
0
0
0
0
0
0
0
0
0
0
0
0
0
0
0
0
0
0
0
0
0
0
0
0
0
0
0
0
0
0
0
0
0
0
0
0
0
0
0
0
0
0
0
0
0
0
0
0
0
0
-0.1469
-0.353867
0
0
0
0
0
0
0
0
0
0
0
0
-0.544234
-0.758639
0
0
0
0
0
0
0
0
0
0
0
0
-0.92152
-1.07416
0
0
0
0
0
0
0
0
0
0
0
-0.2765
-1.26753
-1.29271
0
0
0
0
0
0
0
0
0
0
0
-0.708202
-1.54396
-1.46795
0
0
0
0
0
0
0
0
0
0
-0.605156
-1.03935
-1.73256
-1.59718
0
0
0
0
0
0
0
0
0
0
-0.978411
-1.23586
-1.84665
-1.73598
0
0
0
0
0
0
0
0
0
0
-1.25823
-1.36879
-1.92032
-1.87786
-0.536859
0
0
0
0
0
0
0
0
0
-1.29935
-1.43255
-1.92941
-1.8938
-0.975769
0
0
0
0
0
0
0
0
0
-1.26548
-1.47931
-1.94931
-1.81795
-1.28781
0
0
0
0
0
0
0
0
0
-1.10176
-1.49397
-1.96054
-1.61925
-1.53458
0
0
0
0
0
0
0
-0.09878
0
-0.92435
-1.42548
-1.854
-1.44131
-1.64318
0
0
0
0
0
0
0
-0.183062
0
-0.749607
-1.31012
-1.69345
-1.27506
-1.71718
0
0
0
0
0
0
0
-0.135054
0
-0.693546
-1.23235
-1.4651
-1.16032
-1.68093
0
0
0
0
0
0
0
0
0
-0.532372
-1.28177
-1.24892
-0.968136
-1.62668
0
0
0
0
0
0
0
0
0
0
-1.42449
-0.962131
0
-1.65859
0
0
0
0
0
0
0
0
0
0
-1.33423
0
0
0
0
0
0
0
0
0
0
0
0
0
-1.06233
0
0
0
0
0
0
0
0
0
0
0
0
0
0
0
0
0
0
0
0
0
0
0
0
0
0
0
0
0
0
0
0
0
0
0
0
0
0
0
0
0
0
0
0
0
0
0
0
0
0
0
0
0
0
0
0
0
0
0
0
0
0
0
0
0
0
0
0
0
0
0
0
0
0
0
0
0
0
0
0
0
0
0
0
0
0
0
0
0
0
0
0
0
0
0
0
0
0
0
0
0
0
0
0
0
0
0
0
0
0
0
0
0
0
0
0
0
0
0
0
0
0
0
0
0
0
0
0
0
0
0
0
0
0
0
0
0
0
0
0
0
0
0
0
0
0
0
0
0
0
0
0
0
0
0
0
0
0
0
0
0
0
0
0
0
0
0
0
0
0
0
0
0
0
0
0
0
0
0
0
0
0
0
0
0
0
0
0
0
0
0
0
0
0
0
0
0
0
0
0
0
0
0
0
0
0
0
0
0
0
0
0
0
0
0
0
0
0
0
0
0
0
0
0
0
0
0
0
0
0
0
0
0
0
0
0
0
0
0
0
0
0
0
0
0
0
0
0
0
0
0
0
0
0
0
0
0
0
0
0
0
0
0
0
0
0
0
0
0
0
0
0
0
0
0
0
0
0
0
0
0
0
0
0
0
0
0
0
0
0
0
0
0
0
0
0
0
0
0
0
0
0
0
0
0
0
0
0
0
0
0
0
0
0
0
0
0
0
0
0
0
0
0
0
0
0
0
0
0
0
0
0
0
0
0
0
0
0
0
0
0
0
0
0
0
0
0
0
0
0
-0.443459
-0.619283
0
0
0
0
0
0
0
0
0
0
0
0
-0.816644
-0.960439
0
0
0
0
0
0
0
0
0
0
0
-0.276071
-1.20582
-1.23491
0
0
0
0
0
0
0
0
0
0
0
-0.648841
-1.52678
-1.46828
0
0
0
0
0
0
0
0
0
0
-0.486441
-0.945931
-1.78139
-1.67736
0
0
0
0
0
0
0
0
0
0
-0.811055
-1.10247
-1.93168
-1.86037
0
0
0
0
0
0
0
0
0
0
-1.03688
-1.19088
-2.02862
-2.01282
-0.652819
0
0
0
0
0
0
0
0
0
-1.03731
-1.23782
-2.02478
-2.00648
-1.0642
-0.687929
0
0
0
0
0
0
0
0
-0.990656
-1.2891
-1.99854
-1.93751
-1.35261
-0.84827
0
0
0
0
0
0
0
0
-0.852033
-1.33887
-1.92554
-1.77204
-1.56076
0
0
0
0
0
0
0
-0.0316692
0
-0.712623
-1.24817
-1.77871
-1.59916
-1.62749
0
0
0
0
0
0
0
-0.125926
0
-0.564616
-1.07257
-1.62047
-1.40731
-1.62442
0
0
0
0
0
0
0
0
0
-0.443551
-0.95283
-1.38516
-1.24259
-1.55038
0
0
0
0
0
0
0
0
0
0
-0.985327
-1.1432
-0.9786
-1.57183
0
0
0
0
0
0
0
0
0
0
-1.10785
0
0
-1.67984
0
0
0
0
0
0
0
0
0
0
-0.985845
0
0
0
0
0
0
0
0
0
0
0
0
0
0
0
0
0
0
0
0
0
0
0
0
0
0
0
0
0
0
0
0
0
0
0
0
0
0
0
0
0
0
0
0
0
0
0
0
0
0
0
0
0
0
0
0
0
0
0
0
0
0
0
0
0
0
0
0
0
0
0
0
0
0
0
0
0
0
0
0
0
0
0
0
0
0
0
0
0
0
0
0
0
0
0
0
0
0
0
0
0
0
0
0
0
0
0
0
0
0
0
0
0
0
0
0
0
0
0
0
0
0
0
0
0
0
0
0
0
0
0
0
0
0
0
0
0
0
0
0
0
0
0
0
0
0
0
0
0
0
0
0
0
0
0
0
0
0
0
0
0
0
0
0
0
0
0
0
0
0
0
0
0
0
0
0
0
0
0
0
0
0
0
0
0
0
0
0
0
0
0
0
0
0
0
0
0
0
0
0
0
0
0
0
0
0
0
0
0
0
0
0
0
0
0
0
0
0
0
0
0
0
0
0
0
0
0
0
0
0
0
0
0
0
0
0
0
0
0
0
0
0
0
0
0
0
0
0
0
0
0
0
0
0
0
0
0
0
0
0
0
0
0
0
0
0
0
0
0
0
0
0
0
0
0
0
0
0
0
0
0
0
0
0
0
0
0
0
0
0
0
0
0
0
0
0
0
0
0
0
0
0
0
0
0
0
0
0
0
0
0
0
0
0
0
0
0
0
0
0
0
0
0
0
0
0
0
0
0
0
0
0
0
0
0
0
0
0
0
0
0
0
0
0
0
0
0
0
0
0
0
0
0
0
0
0
0
0
0
0
0
0
0
0
-0.39868
-0.427586
0
0
0
0
0
0
0
0
0
0
0
-0.0725589
-0.74539
-0.796883
0
0
0
0
0
0
0
0
0
0
0
-0.390812
-1.16213
-1.13144
0
0
0
0
0
0
0
0
0
0
0
-0.678217
-1.51579
-1.41477
0
0
0
0
0
0
0
0
0
0
-0.375682
-0.919155
-1.82264
-1.68393
0
0
0
0
0
0
0
0
0
0
-0.630021
-1.02006
-1.99776
-1.89233
0
0
0
0
0
0
0
0
0
0
-0.785209
-1.03891
-2.09839
-2.06714
-0.768158
0
0
0
0
0
0
0
0
0
-0.745197
-1.04361
-2.04913
-2.09208
-1.14581
-0.846004
0
0
0
0
0
0
0
0
-0.684699
-1.0747
-1.96124
-2.07097
-1.40708
-0.968735
0
0
0
0
0
0
0
0
-0.581664
-1.11473
-1.86059
-1.94177
-1.56319
0
0
0
0
0
0
0
0
0
-0.469317
-0.979967
-1.72485
-1.77338
-1.54911
0
0
0
0
0
0
0
0
0
0
-0.811757
-1.55854
-1.54431
-1.4743
0
0
0
0
0
0
0
0
0
0
-0.647681
-1.30459
-1.28947
-1.43339
0
0
0
0
0
0
0
0
0
0
0
-0.989337
0
0
0
0
0
0
0
0
0
0
0
0
0
0
0
0
0
0
0
0
0
0
0
0
0
0
0
0
0
0
0
0
0
0
0
0
0
0
0
0
0
0
0
0
0
0
0
0
0
0
0
0
0
0
0
0
0
0
0
0
0
0
0
0
0
0
0
0
0
0
0
0
0
0
0
0
0
0
0
0
0
0
0
0
0
0
0
0
0
0
0
0
0
0
0
0
0
0
0
0
0
0
0
0
0
0
0
0
0
0
0
0
0
0
0
0
0
0
0
0
0
0
0
0
0
0
0
0
0
0
0
0
0
0
0
0
0
0
0
0
0
0
0
0
0
0
0
0
0
0
0
0
0
0
0
0
0
0
0
0
0
0
0
0
0
0
0
0
0
0
0
0
0
0
0
0
0
0
0
0
0
0
0
0
0
0
0
0
0
0
0
0
0
0
0
0
0
0
0
0
0
0
0
0
0
0
0
0
0
0
0
0
0
0
0
0
0
0
0
0
0
0
0
0
0
0
0
0
0
0
0
0
0
0
0
0
0
0
0
0
0
0
0
0
0
0
0
0
0
0
0
0
0
0
0
0
0
0
0
0
0
0
0
0
0
0
0
0
0
0
0
0
0
0
0
0
0
0
0
0
0
0
0
0
0
0
0
0
0
0
0
0
0
0
0
0
0
0
0
0
0
0
0
0
0
0
0
0
0
0
0
0
0
0
0
0
0
0
0
0
0
0
0
0
0
0
0
0
0
0
0
0
0
0
0
0
0
0
0
0
0
0
0
0
0
0
0
0
0
0
0
0
0
0
0
0
0
0
0
0
0
0
0
0
0
0
0
0
0
0
0
0
0
0
0
0
0
0
0
0
0
0
0
0
0
0
0
0
0
0
-0.322484
-0.461765
0
0
0
0
0
0
0
0
0
0
0
0
-0.474371
-0.740545
-0.474539
0
0
0
0
0
0
0
0
0
0
0
-0.669443
-1.13726
-0.88101
0
0
0
0
0
0
0
0
0
0
0
-0.858742
-1.4885
-1.22535
0
0
0
0
0
0
0
0
0
0
-0.221277
-1.01757
-1.80739
-1.58111
0
0
0
0
0
0
0
0
0
0
-0.422268
-1.04964
-1.96607
-1.85784
0
0
0
0
0
0
0
0
0
0
-0.519731
-0.983514
-2.03312
-2.10077
-0.843288
0
0
0
0
0
0
0
0
0
-0.471111
-0.897426
-1.95338
-2.18059
-1.17016
0
0
0
0
0
0
0
0
0
-0.425629
-0.82313
-1.87269
-2.20418
-1.37628
0
0
0
0
0
0
0
0
0
-0.367058
-0.812857
-1.78917
-2.11315
-1.4396
0
0
0
0
0
0
0
0
0
0
-0.695212
-1.65812
-1.93436
-1.36339
0
0
0
0
0
0
0
0
0
0
-0.549783
-1.47752
-1.63362
-1.29605
0
0
0
0
0
0
0
0
0
0
0
-1.1748
-1.33138
0
0
0
0
0
0
0
0
0
0
0
0
0
0
0
0
0
0
0
0
0
0
0
0
0
0
0
0
0
0
0
0
0
0
0
0
0
0
0
0
0
0
0
0
0
0
0
0
0
0
0
0
0
0
0
0
0
0
0
0
0
0
0
0
0
0
0
0
0
0
0
0
0
0
0
0
0
0
0
0
0
0
0
0
0
0
0
0
0
0
0
0
0
0
0
0
0
0
0
0
0
0
0
0
0
0
0
0
0
0
0
0
0
0
0
0
0
0
0
0
0
0
0
0
0
0
0
0
0
0
0
0
0
0
0
0
0
0
0
0
0
0
0
0
0
0
0
0
0
0
0
0
0
0
0
0
0
0
0
0
0
0
0
0
0
0
0
0
0
0
0
0
0
0
0
0
0
0
0
0
0
0
0
0
0
0
0
0
0
0
0
0
0
0
0
0
0
0
0
0
0
0
0
0
0
0
0
0
0
0
0
0
0
0
0
0
0
0
0
0
0
0
0
0
0
0
0
0
0
0
0
0
0
0
0
0
0
0
0
0
0
0
0
0
0
0
0
0
0
0
0
0
0
0
0
0
0
0
0
0
0
0
0
0
0
0
0
0
0
0
0
0
0
0
0
0
0
0
0
0
0
0
0
0
0
0
0
0
0
0
0
0
0
0
0
0
0
0
0
0
0
0
0
0
0
0
0
0
0
0
0
0
0
0
0
0
0
0
0
0
0
0
0
0
0
0
0
0
0
0
0
0
0
0
0
0
0
0
0
0
0
0
0
0
0
0
0
0
0
0
0
0
0
0
0
0
0
0
0
0
0
0
0
0
0
0
0
0
0
0
0
0
0
0
0
0
0
0
0
0
0
0
0
0
0
0
0
0
0
-0.421812
0
0
0
0
0
0
0
0
0
0
0
0
0
-0.658689
-0.514485
0
0
0
0
0
0
0
0
0
0
0
0
-0.775484
-0.713599
0
0
0
0
0
0
0
0
0
0
0
0
-0.897972
-1.04929
-0.608809
0
0
0
0
0
0
0
0
0
0
0
-1.01576
-1.36053
-1.03803
0
0
0
0
0
0
0
0
0
0
0
-1.10061
-1.66297
-1.49492
0
0
0
0
0
0
0
0
0
0
-0.205575
-1.0548
-1.81164
-1.83901
0
0
0
0
0
0
0
0
0
0
0
-0.870618
-1.89231
-2.1328
-0.862476
0
0
0
0
0
0
0
0
0
0
-0.658945
-1.8435
-2.25083
-1.11513
0
0
0
0
0
0
0
0
0
0
-0.502335
-1.78984
-2.30485
-1.24936
0
0
0
0
0
0
0
0
0
0
-0.510811
-1.71353
-2.21671
-1.2694
0
0
0
0
0
0
0
0
0
0
0
-1.5758
-1.99572
0
0
0
0
0
0
0
0
0
0
0
0
-1.33483
-1.69092
0
0
0
0
0
0
0
0
0
0
0
0
0
-1.44318
0
0
0
0
0
0
0
0
0
0
0
0
0
0
0
0
0
0
0
0
0
0
0
0
0
0
0
0
0
0
0
0
0
0
0
0
0
0
0
0
0
0
0
0
0
0
0
0
0
0
0
0
0
0
0
0
0
0
0
0
0
0
0
0
0
0
0
0
0
0
0
0
0
0
0
0
0
0
0
0
0
0
0
0
0
0
0
0
0
0
0
0
0
0
0
0
0
0
0
0
0
0
0
0
0
0
0
0
0
0
0
0
0
0
0
0
0
0
0
0
0
0
0
0
0
0
0
0
0
0
0
0
0
0
0
0
0
0
0
0
0
0
0
0
0
0
0
0
0
0
0
0
0
0
0
0
0
0
0
0
0
0
0
0
0
0
0
0
0
0
0
0
0
0
0
0
0
0
0
0
0
0
0
0
0
0
0
0
0
0
0
0
0
0
0
0
0
0
0
0
0
0
0
0
0
0
0
0
0
0
0
0
0
0
0
0
0
0
0
0
0
0
0
0
0
0
0
0
0
0
0
0
0
0
0
0
0
0
0
0
0
0
0
0
0
0
0
0
0
0
0
0
0
0
0
0
0
0
0
0
0
0
0
0
0
0
0
0
0
0
0
0
0
0
0
0
0
0
0
0
0
0
0
0
0
0
0
0
0
0
0
0
0
0
0
0
0
0
0
0
0
0
0
0
0
0
0
0
0
0
0
0
0
0
0
0
0
0
0
0
0
0
0
0
0
0
0
0
0
0
0
0
0
0
0
0
0
0
0
0
0
0
0
0
0
0
0
0
0
0
0
0
0
0
0
0
0
0
0
0
0
0
0
0
0
0
0
0
0
0
0
0
0
0
0
0
0
0
0
0
0
0
0
0
0
0
0
0
0
-0.66546
0
0
0
0
0
0
0
0
0
0
0
0
0
-0.905103
-0.525116
0
0
0
0
0
0
0
0
0
0
0
0
-0.997929
-0.642564
0
0
0
0
0
0
0
0
0
0
0
0
-1.05753
-0.890237
0
0
0
0
0
0
0
0
0
0
0
0
-1.09652
-1.15341
-0.871408
0
0
0
0
0
0
0
0
0
0
0
-1.087
-1.45209
-1.41163
0
0
0
0
0
0
0
0
0
0
0
-0.954411
-1.61731
-1.80431
0
0
0
0
0
0
0
0
0
0
0
-0.684104
-1.71995
-2.1315
0
0
0
0
0
0
0
0
0
0
0
-0.414674
-1.69442
-2.26246
0
0
0
0
0
0
0
0
0
0
0
0
-1.65656
-2.30316
0
0
0
0
0
0
0
0
0
0
0
0
-1.56948
-2.20977
0
0
0
0
0
0
0
0
0
0
0
0
-1.37347
-2.03309
0
0
0
0
0
0
0
0
0
0
0
0
-1.07667
-1.81499
0
0
0
0
0
0
0
0
0
0
0
0
0
0
0
0
0
0
0
0
0
0
0
0
0
0
0
0
0
0
0
0
0
0
0
0
0
0
0
0
0
0
0
0
0
0
0
0
0
0
0
0
0
0
0
0
0
0
0
0
0
0
0
0
0
0
0
0
0
0
0
0
0
0
0
0
0
0
0
0
0
0
0
0
0
0
0
0
0
0
0
0
0
0
0
0
0
0
0
0
0
0
0
0
0
0
0
0
0
0
0
0
0
0
0
0
0
0
0
0
0
0
0
0
0
0
0
0
0
0
0
0
0
0
0
0
0
0
0
0
0
0
0
0
0
0
0
0
0
0
0
0
0
0
0
0
0
0
0
0
0
0
0
0
0
0
0
0
0
0
0
0
0
0
0
0
0
0
0
0
0
0
0
0
0
0
0
0
0
0
0
0
0
0
0
0
0
0
0
0
0
0
0
0
0
0
0
0
0
0
0
0
0
0
0
0
0
0
0
0
0
0
0
0
0
0
0
0
0
0
0
0
0
0
0
0
0
0
0
0
0
0
0
0
0
0
0
0
0
0
0
0
0
0
0
0
0
0
0
0
0
0
0
0
0
0
0
0
0
0
0
0
0
0
0
0
0
0
0
0
0
0
0
0
0
0
0
0
0
0
0
0
0
0
0
0
0
0
0
0
0
0
0
0
0
0
0
0
0
0
0
0
0
0
0
0
0
0
0
0
0
0
0
0
0
0
0
0
0
0
0
0
0
0
0
0
0
0
0
0
0
0
0
0
0
0
0
0
0
0
0
0
0
0
0
0
0
0
0
0
0
0
0
0
0
0
0
0
0
0
0
0
0
0
0
0
0
0
0
0
0
0
0
0
0
0
0
0
0
0
0
0
0
0
0
0
0
0
0
0
0
0
0
-0.630294
0
0
0
0
0
0
0
0
0
0
0
0
0
-0.871887
-0.504783
0
0
0
0
0
0
0
0
0
0
0
0
-0.953069
-0.577365
0
0
0
0
0
0
0
0
0
0
0
0
-0.982486
-0.767496
0
0
0
0
0
0
0
0
0
0
0
0
-0.989324
-0.994401
-0.768936
0
0
0
0
0
0
0
0
0
0
0
-0.952472
-1.28233
-1.34736
0
0
0
0
0
0
0
0
0
0
0
-0.809604
-1.44947
-1.74056
0
0
0
0
0
0
0
0
0
0
0
-0.519041
-1.55703
-2.04747
0
0
0
0
0
0
0
0
0
0
0
0
-1.53545
-2.16122
0
0
0
0
0
0
0
0
0
0
0
0
-1.47247
-2.22758
0
0
0
0
0
0
0
0
0
0
0
0
-1.33769
-2.22812
0
0
0
0
0
0
0
0
0
0
0
0
-1.14083
-2.1519
0
0
0
0
0
0
0
0
0
0
0
0
0
-1.91601
0
0
0
0
0
0
0
0
0
0
0
0
0
0
0
0
0
0
0
0
0
0
0
0
0
0
0
0
0
0
0
0
0
0
0
0
0
0
0
0
0
0
0
0
0
0
0
0
0
0
0
0
0
0
0
0
0
0
0
0
0
0
0
0
0
0
0
0
0
0
0
0
0
0
0
0
0
0
0
0
0
0
0
0
0
0
0
0
0
0
0
0
0
0
0
0
0
0
0
0
0
0
0
0
0
0
0
0
0
0
0
0
0
0
0
0
0
0
0
0
0
0
0
0
0
0
0
0
0
0
0
0
0
0
0
0
0
0
0
0
0
0
0
0
0
0
0
0
0
0
0
0
0
0
0
0
0
0
0
0
0
0
0
0
0
0
0
0
0
0
0
0
0
0
0
0
0
0
0
0
0
0
0
0
0
0
0
0
0
0
0
0
0
0
0
0
0
0
0
0
0
0
0
0
0
0
0
0
0
0
0
0
0
0
0
0
0
0
0
0
0
0
0
0
0
0
0
0
0
0
0
0
0
0
0
0
0
0
0
0
0
0
0
0
0
0
0
0
0
0
0
0
0
0
0
0
0
0
0
0
0
0
0
0
0
0
0
0
0
0
0
0
0
0
0
0
0
0
0
0
0
0
0
0
0
0
0
0
0
0
0
0
0
0
0
0
0
0
0
0
0
0
0
0
0
0
0
0
0
0
0
0
0
0
0
0
0
0
0
0
0
0
0
0
0
0
0
0
0
0
0
0
0
0
0
0
0
0
0
0
0
0
0
0
0
0
0
0
0
0
0
0
0
0
0
0
0
0
0
0
0
0
0
0
0
0
0
0
0
0
0
0
0
0
0
0
0
0
0
0
0
0
0
0
0
0
0
0
0
0
0
0
0
0
0
0
0
0
0
0
0
0
0
-0.556371
0
0
0
0
0
0
0
0
0
0
0
0
0
-0.796249
0
0
0
0
0
0
0
0
0
0
0
0
0
-0.871705
0
0
0
0
0
0
0
0
0
0
0
0
0
-0.884754
0
0
0
0
0
0
0
0
0
0
0
0
0
-0.872667
-0.813222
0
0
0
0
0
0
0
0
0
0
0
0
-0.811991
-1.06071
-1.18582
0
0
0
0
0
0
0
0
0
0
0
-0.649672
-1.19392
-1.56317
0
0
0
0
0
0
0
0
0
0
0
0
-1.25467
-1.87882
0
0
0
0
0
0
0
0
0
0
0
0
-1.19395
-2.05113
0
0
0
0
0
0
0
0
0
0
0
0
-1.11937
-2.20721
0
0
0
0
0
0
0
0
0
0
0
0
0
-2.26565
0
0
0
0
0
0
0
0
0
0
0
0
0
-2.10847
0
0
0
0
0
0
0
0
0
0
0
0
0
0
0
0
0
0
0
0
0
0
0
0
0
0
0
0
0
0
0
0
0
0
0
0
0
0
0
0
0
0
0
0
0
0
0
0
0
0
0
0
0
0
0
0
0
0
0
0
0
0
0
0
0
0
0
0
0
0
0
0
0
0
0
0
0
0
0
0
0
0
0
0
0
0
0
0
0
0
0
0
0
0
0
0
0
0
0
0
0
0
0
0
0
0
0
0
0
0
0
0
0
0
0
0
0
0
0
0
0
0
0
0
0
0
0
0
0
0
0
0
0
0
0
0
0
0
0
0
0
0
0
0
0
0
0
0
0
0
0
0
0
0
0
0
0
0
0
0
0
0
0
0
0
0
0
0
0
0
0
0
0
0
0
0
0
0
0
0
0
0
0
0
0
0
0
0
0
0
0
0
0
0
0
0
0
0
0
0
0
0
0
0
0
0
0
0
0
0
0
0
0
0
0
0
0
0
0
0
0
0
0
0
0
0
0
0
0
0
0
0
0
0
0
0
0
0
0
0
0
0
0
0
0
0
0
0
0
0
0
0
0
0
0
0
0
0
0
0
0
0
0
0
0
0
0
0
0
0
0
0
0
0
0
0
0
0
0
0
0
0
0
0
0
0
0
0
0
0
0
0
0
0
0
0
0
0
0
0
0
0
0
0
0
0
0
0
0
0
0
0
0
0
0
0
0
0
0
0
0
0
0
0
0
0
0
0
0
0
0
0
0
0
0
0
0
0
0
0
0
0
0
0
0
0
0
0
0
0
0
0
0
0
0
0
0
0
0
0
0
0
0
0
0
0
0
0
0
0
0
0
0
0
0
0
0
0
0
0
0
0
0
0
0
0
0
0
0
0
0
0
0
0
0
0
0
0
0
0
0
0
0
0
0
0
0
0
0
0
0
0
0
0
0
0
0
0
0
0
0
0
0
0
0
0
0
0
0
0
0
-0.659038
0
0
0
0
0
0
0
0
0
0
0
0
0
-0.732533
0
0
0
0
0
0
0
0
0
0
0
0
0
-0.739552
0
0
0
0
0
0
0
0
0
0
0
0
0
-0.719578
0
0
0
0
0
0
0
0
0
0
0
0
0
0
0
0
0
0
0
0
0
0
0
0
0
0
0
0
0
-1.53357
0
0
0
0
0
0
0
0
0
0
0
0
0
-1.88632
0
0
0
0
0
0
0
0
0
0
0
0
0
-2.07233
0
0
0
0
0
0
0
0
0
0
0
0
0
-2.16567
0
0
0
0
0
0
0
0
0
0
0
0
0
-2.08979
0
0
0
0
0
0
0
0
0
0
0
0
0
0
0
0
0
0
0
0
0
0
0
0
0
0
0
0
0
0
0
0
0
0
0
0
0
0
0
0
0
0
0
0
0
0
0
0
0
0
0
0
0
0
0
0
0
0
0
0
0
0
0
0
0
0
0
0
0
0
0
0
0
0
0
0
0
0
0
0
0
0
0
0
0
0
0
0
0
0
0
0
0
0
0
0
0
0
0
0
0
0
0
0
0
0
0
0
0
0
0
0
0
0
0
0
0
0
0
0
0
0
0
0
0
0
0
0
0
0
0
0
0
0
0
0
0
0
0
0
0
0
0
0
0
0
0
0
0
0
0
0
0
0
0
0
0
0
0
0
0
0
0
0
0
0
0
0
0
0
0
0
0
0
0
0
0
0
0
0
0
0
0
0
0
0
0
0
0
0
0
0
0
0
0
0
0
0
0
0
0
0
0
0
0
0
0
0
0
0
0
0
0
0
0
0
0
0
0
0
0
0
0
0
0
0
0
0
0
0
0
0
0
0
0
0
0
0
0
0
0
0
0
0
0
0
0
0
0
0
0
0
0
0
0
0
0
0
0
0
0
0
0
0
0
0
0
0
0
0
0
0
0
0
0
0
0
0
0
0
0
0
0
0
0
0
0
0
0
0
0
0
0
0
0
0
0
0
0
0
0
0
0
0
0
0
0
0
0
0
0
0
0
0
0
0
0
0
0
0
0
0
0
0
0
0
0
0
0
0
0
0
0
0
0
0
0
0
0
0
0
0
0
0
0
0
0
0
0
0
0
0
0
0
0
0
0
0
0
0
0
0
0
0
0
0
0
0
0
0
0
0
0
0
0
0
0
0
0
0
0
0
0
0
0
0
0
0
0
0
0
0
0
0
0
0
0
0
0
0
0
0
0
0
0
0
0
0
0
0
0
0
0
0
0
0
0
0
0
0
0
0
0
0
0
0
0
0
0
0
0
0
0
0
0
0
0
0
0
0
0
0
0
0
0
0
0
0
0
0
0
0
0
0
0
0
0
0
0
0
0
0
0
0
0
0
0
0
0
0
0
0
0
0
0
0
0
0
0
0
0
0
0
0
0
0
0
0
0
0
0
0
0
0
0
0
0
0
0
0
0
0
0
0
0
0
0
0
0
0
0
0
0
0
0
0
0
0
0
0
0
0
0
0
0
0
0
0
0
0
0
0
0
0
0
0
0
0
0
0
0
0
0
0
0
0
0
0
0
0
0
0
0
0
0
0
0
0
0
0
0
0
0
0
0
0
0
0
0
0
0
0
0
0
0
0
0
0
0
0
0
0
0
0
0
0
0
0
0
0
0
0
0
0
0
0
0
0
0
0
0
0
0
0
0
0
0
0
0
0
0
0
0
0
0
0
0
0
0
0
0
0
0
0
0
0
0
0
0
0
0
0
0
0
0
0
0
0
0
0
0
0
0
0
0
0
0
0
0
0
0
0
0
0
0
0
0
0
0
0
0
0
0
0
0
0
0
0
0
0
0
0
0
0
0
0
0
0
0
0
0
0
0
0
0
0
0
0
0
0
0
0
0
0
0
0
0
0
0
0
0
0
0
0
0
0
0
0
0
0
0
0
0
0
0
0
0
0
0
0
0
0
0
0
0
0
0
0
0
0
0
0
0
0
0
0
0
0
0
0
0
0
0
0
0
0
0
0
0
0
0
0
0
0
0
0
0
0
0
0
0
0
0
0
0
0
0
0
0
0
0
0
0
0
0
0
0
0
0
0
0
0
0
0
0
0
0
0
0
0
0
0
0
0
0
0
0
0
0
0
0
0
0
0
0
0
0
0
0
0
0
0
0
0
0
0
0
0
0
0
0
0
0
0
0
0
0
0
0
0
0
0
0
0
0
0
0
0
0
0
0
0
0
0
0
0
0
0
0
0
0
0
0
0
0
0
0
0
0
0
0
0
0
0
0
0
0
0
0
0
0
0
0
0
0
0
0
0
0
0
0
0
0
0
0
0
0
0
0
0
0
0
0
0
0
0
0
0
0
0
0
0
0
0
0
0
0
0
0
0
0
0
0
0
0
0
0
0
0
0
0
0
0
0
0
0
0
0
0
0
0
0
0
0
0
0
0
0
0
0
0
0
0
0
0
0
0
0
0
0
0
0
0
0
0
0
0
0
0
0
0
0
0
0
0
0
0
0
0
0
0
0
0
0
0
0
0
0
0
0
0
0
0
0
0
0
0
0
0
0
0
0
0
0
0
0
0
0
0
0
0
0
0
0
0
0
0
0
0
0
0
0
0
0
0
0
0
0
0
0
0
0
0
0
0
0
0
0
0
0
0
0
0
0
0
0
0
0
0
0
0
0
0
0
0
0
0
0
0
0
0
0
0
0
0
0
0
0
0
0
0
0
0
0
0
0
0
0
0
0
0
0
0
0
0
0
0
0
0
0
0
0
0
0
0
0
0
0
0
0
0
0
0
0
0
0
0
0
0
0
0
0
0
0
0
0
0
0
0
0
0
0
0
0
0
0
0
0
0
0
0
0
0
0
0
0
0
0
0
0
0
0
0
0
0
0
0
0
0
0
0
0
0
0
0
0
0
0
0
0
0
0
0
0
0
0
0
0
0
0
0
0
0
0
0
0
0
0
0
0
0
0
0
0
0
0
0
0
0
0
0
0
0
0
0
0
0
0
0
0
0
0
0
0
0
0
0
0
0
0
0
0
0
0
0
0
0
0
0
0
0
0
0
0
0
0
0
0
0
0
0
0
0
0
0
0
0
0
0
0
0
0
0
0
0
0
0
0
0
0
0
0
0
0
0
0
0
0
0
0
0
0
0
0
0
0
0
0
0
0
0
0
0
0
0
0
0
0
0
0
0
0
0
0
0
0
0
0
0
0
0
0
0
0
0
0
0
0
0
0
0
0
0
0
0
0
0
0
0
0
0
0
0
0
0
0
0
0
0
0
0
0
0
0
0
0
0
0
0
0
0
0
0
0
0
0
0
0
0
0
0
0
0
0
0
0
0
0
0
0
0
0
0
0
0
0
0
0
0
0
0
0
0
0
0
0
0
0
0
0
0
0
0
0
0
0
0
0
0
0
0
0
0
0
0
0
0
0
0
0
0
0
0
0
0
0
0
0
0
0
0
0
0
0
0
0
0
0
0
0
0
0
0
0
0
0
0
0
0
0
0
0
0
0
0
0
0
0
0
0
0
0
0
0
0
0
0
0
0
0
0
0
0
0
0
0
0
0
0
0
0
0
0
0
0
0
0
0
0
0
0
0
0
0
0
0
0
0
0
0
0
0
0
0
0
0
0
0
0
0
0
0
0
0
0
0
0
0
0
0
0
0
0
0
0
0
0
0
0
0
0
0
0
0
0
0
0
0
0
0
0
0
0
0
0
0
0
0
0
0
0
0
0
0
0
0
0
0
0
0
0
0
0
0
0
0
0
0
0
0
0
0
0
0
0
0
0
0
0
0
0
0
0
0
0
0
0
0
0
0
0
0
0
0
0
0
0
0
0
0
0
0
0
0
0
0
0
0
0
0
0
0
0
0
0
0
0
0
0
0
0
0
0
0
0
0
0
0
0
0
0
0
0
0
0
0
0
0
0
0
0
0
0
0
0
0
0
0
0
0
0
0
0
0
0
0
0
0
0
0
0
0
0
0
0
0
0
0
0
0
0
0
0
0
0
0
0
0
0
0
0
0
0
0
0
0
0
0
0
0
0
0
0
0
0
0
0
0
0
0
0
0
0
0
0
0
0
0
0
0
0
0
0
0
0
0
0
0
0
0
0
0
0
0
0
0
0
0
0
0
0
0
0
0
0
0
0
0
0
0
0
0
0
0
0
0
0
0
0
0
0
0
0
0
0
0
0
0
0
0
0
0
0
0
0
0
0
0
0
0
0
0
0
0
0
0
0
0
0
0
0
0
0
0
0
0
0
0
0
0
0
0
0
0
0
0
0
0
0
0
0
0
0
0
0
0
0
0
0
0
0
0
0
0
0
0
0
0
0
0
0
0
0
0
0
0
0
0
0
0
0
0
0
0
0
0
0
0
0
0
0
0
0
0
0
0
0
0
0
0
0
0
0
0
0
0
0
0
0
0
0
0
0
0
0
0
0
0
0
0
0
0
0
0
0
0
0
0
0
0
0
0
0
0
0
0
0
0
0
0
0
0
0
0
0
0
0
0
0
0
0
0
0
0
0
0
0
0
0
0
0
0
0
0
0
0
0
0
0
0
0
