41 41 16
0.2 0.2 0.2
-4 -4 -5
0
0
0
0
0
0
0
0
0
0
0
0
0
0
0
0
0
0
0
0
0
0
0
0
0
0
0
0
0
0
0
0
0
0
0
0
0
0
0
0
0
0
0
0
0
0
0
0
0
0
0
0
0
0
0
0
0
0
0
0
0
0
0
0
0
0
0
0
0
0
0
0
0
0
0
0
0
0
0
0
0
0
0
0
0
0
0
0
0
0
0
0
0
0
0
0
0
0
0
0
0
0
0
0
0
0
0
0
0
0
0
0
0
0
0
0
0
0
0
0
0
0
0
0
0
0
0
0
0
0
0
0
0
0
0
0
0
0
0
0
0
0
0
0
0
0
0
0
0
0
0
0
0
0
0
0
0
0
0
0
0
0
0
0
0
0
0
0
0
0
0
0
0
0
0
0
0
0
0
0
0
0
0
0
0
0
0
0
0
0
0
0
0
0
0
0
0
0
0
0
0
0
0
0
0
0
0
0
0
0
0
0
0
0
0
0
0
0
0
0
0
0
0
0
0
0
0
0
0
0
0
0
0
0
-2.60285
0
0
0
0
0
0
0
0
0
0
0
0
0
0
0
-2.46758
-1.61563
0
0
0
0
0
0
0
0
0
0
0
0
0
0
-2.41687
-1.74768
0
0
0
0
0
0
0
0
0
0
0
0
0
0
-2.31216
-1.66155
0
0
0
0
0
0
0
0
0
0
0
0
0
-3.31263
-2.23195
-1.53801
0
0
0
0
0
0
0
0
0
0
0
0
0
-3.16592
-2.11101
-1.18914
0
0
0
0
0
0
0
0
0
0
0
0
0
-3.08879
-2.0311
0
0
0
0
0
0
0
0
0
0
0
0
0
0
-3.08826
-2.04276
0
0
0
0
0
0
0
0
0
0
0
0
0
0
-3.14792
-2.06014
0
0
0
0
0
0
0
0
0
0
0
0
0
0
0
-2.07499
0
0
0
0
0
0
0
0
0
0
0
0
0
0
0
-2.0362
0
0
0
0
0
0
0
0
0
0
0
0
0
0
0
0
0
0
0
0
0
0
0
0
0
0
0
0
0
0
0
0
0
0
0
0
0
0
0
0
0
0
0
0
0
0
0
0
0
0
0
0
0
0
0
0
0
0
0
0
0
0
0
0
0
0
0
0
0
0
0
0
0
0
0
0
0
0
0
0
0
0
0
0
0
0
0
0
0
0
0
0
0
0
0
0
0
0
0
0
0
0
0
0
0
0
0
0
0
0
0
0
0
0
0
0
0
0
0
0
0
0
0
0
0
0
0
0
0
0
0
0
0
0
0
0
0
0
0
0
0
0
0
0
0
0
0
0
0
0
0
0
0
0
0
0
0
0
0
0
0
0
0
0
0
0
0
0
0
0
0
0
0
0
0
0
0
0
0
0
0
0
0
0
0
0
0
0
0
0
0
0
0
0
0
0
0
0
0
0
0
0
0
0
0
0
0
0
0
0
0
0
0
0
0
0
0
0
0
0
0
0
0
0
0
0
0
0
0
0
0
0
0
0
0
0
0
0
0
0
0
0
0
0
0
0
0
0
0
0
0
0
0
0
0
0
0
0
0
0
0
0
0
0
0
0
0
0
0
0
0
0
0
0
0
0
0
0
0
0
0
0
0
0
0
0
0
0
0
0
0
0
0
0
0
0
0
0
0
0
0
0
0
0
0
0
0
0
0
0
0
0
0
0
0
0
0
0
0
0
0
0
0
0
0
0
0
0
0
0
0
0
0
0
0
0
0
0
0
0
0
0
0
0
0
0
0
0
0
0
0
0
0
0
0
0
0
0
0
0
0
0
0
0
0
0
0
0
0
0
0
0
0
0
0
0
0
0
0
0
0
0
0
0
0
0
0
0
0
0
0
0
0
0
0
0
0
0
0
0
0
0
0
0
0
0
0
0
0
0
0
0
0
0
0
0
0
0
0
0
0
0
0
0
0
0
0
0
0
0
0
0
0
0
0
0
0
0
0
0
0
0
0
0
0
0
0
0
0
0
0
0
0
0
0
0
0
0
0
0
0
0
0
-2.04688
0
0
0
0
0
0
0
0
0
0
0
0
0
0
0
-2.00812
0
0
0
0
0
0
0
0
0
0
0
0
0
0
-2.523
-2.0674
-1.09753
0
0
0
0
0
0
0
0
0
0
0
0
0
-2.67733
-2.13419
-1.26346
0
0
0
0
0
0
0
0
0
0
0
0
0
-2.83689
-2.19004
-1.3767
0
0
0
0
0
0
0
0
0
0
0
0
-3.60879
-2.8755
-2.1309
-1.2821
0
0
0
0
0
0
0
0
0
0
0
0
-3.61711
-2.91286
-2.06375
-1.15815
0
0
0
0
0
0
0
0
0
0
0
0
-3.52128
-2.82395
-1.96026
-0.816075
0
0
0
0
0
0
0
0
0
0
0
0
-3.45661
-2.75892
-1.89737
0
0
0
0
0
0
0
0
0
0
0
0
0
-3.31609
-2.721
-1.92796
0
0
0
0
0
0
0
0
0
0
0
0
0
-3.17949
-2.70156
-1.95471
0
0
0
0
0
0
0
0
0
0
0
0
0
-3.00341
-2.70154
-1.95737
0
0
0
0
0
0
0
0
0
0
0
0
0
0
-2.66844
-1.8702
0
0
0
0
0
0
0
0
0
0
0
0
0
0
-2.61883
-1.66344
0
0
0
0
0
0
0
0
0
0
0
0
0
0
-2.57895
0
0
0
0
0
0
0
0
0
0
0
0
0
0
0
0
0
0
0
0
0
0
0
0
0
0
0
0
0
0
0
0
0
0
0
0
0
0
0
0
0
0
0
0
0
0
0
0
0
0
0
0
0
0
0
0
0
0
0
0
0
0
0
0
0
0
0
0
0
0
0
0
0
0
0
0
0
0
0
0
0
0
0
0
0
0
0
0
0
0
0
0
0
0
0
0
0
0
0
0
0
0
0
0
0
0
0
0
0
0
0
0
0
0
0
0
0
0
0
0
0
0
0
0
0
0
0
0
0
0
0
0
0
0
0
0
0
0
0
0
0
0
0
0
0
0
0
0
0
0
0
0
0
0
0
0
0
0
0
0
0
0
0
0
0
0
0
0
0
0
0
0
0
0
0
0
0
0
0
0
0
0
0
0
0
0
0
0
0
0
0
0
0
0
0
0
0
0
0
0
0
0
0
0
0
0
0
0
0
0
0
0
0
0
0
0
0
0
0
0
0
0
0
0
0
0
0
0
0
0
0
0
0
0
0
0
0
0
0
0
0
0
0
0
0
0
0
0
0
0
0
0
0
0
0
0
0
0
0
0
0
0
0
0
0
0
0
0
0
0
0
0
0
0
0
0
0
0
0
0
0
0
0
0
0
0
0
0
0
0
0
0
0
0
0
0
0
0
0
0
0
0
0
0
0
0
0
0
0
0
0
0
0
0
0
0
0
0
0
0
0
0
0
0
0
0
0
0
0
0
0
0
0
0
0
0
0
0
0
0
0
0
0
0
0
0
0
0
0
0
0
0
0
0
0
0
0
0
0
0
0
0
0
0
0
0
0
0
0
0
0
0
0
0
0
0
0
0
0
0
0
0
0
0
0
0
0
0
0
0
0
0
0
0
0
0
0
0
0
0
0
0
0
0
0
0
0
0
0
0
0
0
0
0
0
0
0
0
0
0
0
0
0
0
0
0
0
0
0
0
0
0
-1.62136
0
0
0
0
0
0
0
0
0
0
0
0
0
-2.41112
-1.6984
-1.74155
0
0
0
0
0
0
0
0
0
0
0
0
0
-2.61849
-2.12118
-1.82202
-0.688993
0
0
0
0
0
0
0
0
0
0
0
0
-2.83978
-2.43801
-1.86866
-0.876598
0
0
0
0
0
0
0
0
0
0
0
-3.31801
-3.04919
-2.66803
-1.9153
-1.00906
0
0
0
0
0
0
0
0
0
0
0
-3.39437
-3.16901
-2.72682
-1.86437
-0.929967
0
0
0
0
0
0
0
0
0
0
0
-3.49159
-3.27532
-2.76618
-1.80964
-0.817841
0
0
0
0
0
0
0
0
0
0
0
-3.53061
-3.2305
-2.66921
-1.72439
-0.48825
0
0
0
0
0
0
0
0
0
0
0
-3.57583
-3.17957
-2.59578
-1.67517
0
0
0
0
0
0
0
0
0
0
0
0
-3.51216
-3.01375
-2.54288
-1.71268
0
0
0
0
0
0
0
0
0
0
0
0
-3.42774
-2.81352
-2.51143
-1.73677
0
0
0
0
0
0
0
0
0
0
0
0
-3.23627
-2.52361
-2.49919
-1.72781
0
0
0
0
0
0
0
0
0
0
0
0
-3.0424
-2.21029
-2.44262
-1.63159
0
0
0
0
0
0
0
0
0
0
0
0
0
-1.81065
-2.32405
-1.42838
0
0
0
0
0
0
0
0
0
0
0
0
0
0
-2.13383
-1.17687
0
0
0
0
0
0
0
0
0
0
0
0
0
0
-1.82765
0
0
0
0
0
0
0
0
0
0
0
0
0
0
0
0
0
0
0
0
0
0
0
0
0
0
0
0
0
0
0
0
0
0
0
0
0
0
0
0
0
0
0
0
0
0
0
0
0
0
0
0
0
0
0
0
0
0
0
0
0
0
0
0
0
0
0
0
0
0
0
0
0
0
0
0
0
0
0
0
0
0
0
0
0
0
0
0
0
0
0
0
0
0
0
0
0
0
0
0
0
0
0
0
0
0
0
0
0
0
0
0
0
0
0
0
0
0
0
0
0
0
0
0
0
0
0
0
0
0
0
0
0
0
0
0
0
0
0
0
0
0
0
0
0
0
0
0
0
0
0
0
0
0
0
0
0
0
0
0
0
0
0
0
0
0
0
0
0
0
0
0
0
0
0
0
0
0
0
0
0
0
0
0
0
0
0
0
0
0
0
0
0
0
0
0
0
0
0
0
0
0
0
0
0
0
0
0
0
0
0
0
0
0
0
0
0
0
0
0
0
0
0
0
0
0
0
0
0
0
0
0
0
0
0
0
0
0
0
0
0
0
0
0
0
0
0
0
0
0
0
0
0
0
0
0
0
0
0
0
0
0
0
0
0
0
0
0
0
0
0
0
0
0
0
0
0
0
0
0
0
0
0
0
0
0
0
0
0
0
0
0
0
0
0
0
0
0
0
0
0
0
0
0
0
0
0
0
0
0
0
0
0
0
0
0
0
0
0
0
0
0
0
0
0
0
0
0
0
0
0
0
0
0
0
0
0
0
0
0
0
0
0
0
0
0
0
0
0
0
0
0
0
0
0
0
0
0
0
0
0
0
0
0
0
0
0
0
0
0
0
0
0
0
0
0
0
0
0
0
0
0
0
0
0
0
0
0
0
0
0
0
0
0
0
0
0
0
0
0
-1.1272
0
0
0
0
0
0
0
0
0
0
0
0
0
0
0
-1.28271
0
0
0
0
0
0
0
0
0
0
0
0
0
-1.93242
-1.47954
-1.39157
0
0
0
0
0
0
0
0
0
0
0
0
-2.34759
-2.36447
-1.9051
-1.49943
-0.248742
0
0
0
0
0
0
0
0
0
0
0
-2.53788
-2.70496
-2.21359
-1.57635
-0.472982
0
0
0
0
0
0
0
0
0
0
0
-2.74885
-2.95359
-2.45403
-1.64466
-0.655146
0
0
0
0
0
0
0
0
0
0
-2.47322
-2.96258
-3.07542
-2.53414
-1.61662
-0.622641
0
0
0
0
0
0
0
0
0
0
-2.50574
-3.14683
-3.17385
-2.59274
-1.5846
-0.541257
0
0
0
0
0
0
0
0
0
0
-2.45953
-3.23133
-3.12114
-2.49876
-1.52368
-0.234579
0
0
0
0
0
0
0
0
0
0
-2.43787
-3.28879
-3.06458
-2.41859
-1.49045
0
0
0
0
0
0
0
0
0
0
0
-2.32338
-3.20531
-2.88924
-2.33799
-1.52939
0
0
0
0
0
0
0
0
0
0
0
-2.26883
-3.06807
-2.68007
-2.27312
-1.54286
0
0
0
0
0
0
0
0
0
0
0
-2.30316
-2.78136
-2.37621
-2.22458
-1.51291
0
0
0
0
0
0
0
0
0
0
0
0
-2.44043
-2.04096
-2.14109
-1.39493
0
0
0
0
0
0
0
0
0
0
0
0
-1.92308
-1.58366
-2.01499
-1.16616
0
0
0
0
0
0
0
0
0
0
0
0
0
0
-1.85513
-0.886691
-0.281249
0
0
0
0
0
0
0
0
0
0
0
0
0
-1.59143
0
-0.462897
0
0
0
0
0
0
0
0
0
0
0
0
0
-1.39997
0
-0.565175
0
0
0
0
0
0
0
0
0
0
0
0
0
0
0
0
0
0
0
0
0
0
0
0
0
0
0
0
0
0
0
0
0
0
0
0
0
0
0
0
0
0
0
0
0
0
0
0
0
0
0
0
0
0
0
0
0
0
0
0
0
0
0
0
0
0
0
0
0
0
0
0
0
0
0
0
0
0
0
0
0
0
0
0
0
0
0
0
0
0
0
0
0
0
0
0
0
0
0
0
0
0
0
0
0
0
0
0
0
0
0
0
0
0
0
0
0
0
0
0
0
0
0
0
0
0
0
0
0
0
0
0
0
0
0
0
0
0
0
0
0
0
0
0
0
0
0
0
0
0
0
0
0
0
0
0
0
0
0
0
0
0
0
0
0
0
0
0
0
0
0
0
0
0
0
0
0
0
0
0
0
0
0
0
0
0
0
0
0
0
0
0
0
0
0
0
0
0
0
0
0
0
0
0
0
0
0
0
0
0
0
0
0
0
0
0
0
0
0
0
0
0
0
0
0
0
0
0
0
0
0
0
0
0
0
0
0
0
0
0
0
0
0
0
0
0
0
0
0
0
0
0
0
0
0
0
0
0
0
0
0
0
0
0
0
0
0
0
0
0
0
0
0
0
0
0
0
0
0
0
0
0
0
0
0
0
0
0
0
0
0
0
0
0
0
0
0
0
0
0
0
0
0
0
0
0
0
0
0
0
0
0
0
0
0
0
0
0
0
0
0
0
0
0
0
0
0
0
0
0
0
0
0
0
0
0
0
0
0
0
0
0
0
0
0
0
0
0
0
0
0
0
0
0
0
0
0
0
0
0
0
0
0
0
0
0
0
0
0
0
0
0
0
0
0
0
0
0
0
0
0
0
-0.735137
0
0
0
0
0
0
0
0
0
0
0
0
0
-1.3278
0
-0.931109
0
0
0
0
0
0
0
0
0
0
0
0
-1.78502
-1.79456
-1.18806
-1.07278
0
0
0
0
0
0
0
0
0
0
0
0
-2.02923
-2.20273
-1.65214
-1.21908
0
0
0
0
0
0
0
0
0
0
0
-1.93365
-2.32628
-2.51884
-1.99428
-1.35642
-0.236435
0
0
0
0
0
0
0
0
0
0
-1.99478
-2.57226
-2.76896
-2.25866
-1.48852
-0.428591
0
0
0
0
0
0
0
0
0
0
-2.10333
-2.78485
-2.90419
-2.36309
-1.51269
-0.39967
0
0
0
0
0
0
0
0
0
0
-2.2209
-2.95888
-3.01457
-2.44526
-1.51555
-0.320103
0
0
0
0
0
0
0
0
0
0
-2.22458
-3.03418
-2.96807
-2.36203
-1.47763
-0.0227217
0
0
0
0
0
0
0
0
0
0
-2.21734
-3.08682
-2.91125
-2.28045
-1.45644
0
0
0
0
0
0
0
0
0
0
0
-2.08063
-3.00206
-2.72597
-2.17457
-1.49321
0
0
0
0
0
0
0
0
0
0
0
-1.96004
-2.8679
-2.49936
-2.07462
-1.49187
0
0
0
0
0
0
0
0
0
0
0
-1.86895
-2.58638
-2.16899
-1.98739
-1.429
0
0
0
0
0
0
0
0
0
0
0
-1.88552
-2.2404
-1.80871
-1.87581
-1.261
0
0
0
0
0
0
0
0
0
0
0
-2.02483
-1.68074
-1.34593
-1.73128
-0.967249
-0.108137
0
0
0
0
0
0
0
0
0
0
-2.19903
0
-1.02669
-1.56339
-0.632235
-0.255182
0
0
0
0
0
0
0
0
0
0
0
0
0
-1.31264
0
-0.383656
0
0
0
0
0
0
0
0
0
0
0
0
0
-1.17632
0
-0.42997
0
0
0
0
0
0
0
0
0
0
0
0
0
0
0
-0.509248
0
0
0
0
0
0
0
0
0
0
0
0
0
0
0
0
0
0
0
0
0
0
0
0
0
0
0
0
0
0
0
0
0
0
0
0
0
0
0
0
0
0
0
0
0
0
0
0
0
0
0
0
0
0
0
0
0
0
0
0
0
0
0
0
0
0
0
0
0
0
0
0
0
0
0
0
0
0
0
0
0
0
0
0
0
0
0
0
0
0
0
0
0
0
0
0
0
0
0
0
0
0
0
0
0
0
0
0
0
0
0
0
0
0
0
0
0
0
0
0
0
0
0
0
0
0
0
0
0
0
0
0
0
0
0
0
0
0
0
0
0
0
0
0
0
0
0
0
0
0
0
0
0
0
0
0
0
0
0
0
0
0
0
0
0
0
0
0
0
0
0
0
0
0
0
0
0
0
0
0
0
0
0
0
0
0
0
0
0
0
0
0
0
0
0
0
0
0
0
0
0
0
0
0
0
0
0
0
0
0
0
0
0
0
0
0
0
0
0
0
0
0
0
0
0
0
0
0
0
0
0
0
0
0
0
0
0
0
0
0
0
0
0
0
0
0
0
0
0
0
0
0
0
0
0
0
0
0
0
0
0
0
0
0
0
0
0
0
0
0
0
0
0
0
0
0
0
0
0
0
0
0
0
0
0
0
0
0
0
0
0
0
0
0
0
0
0
0
0
0
0
0
0
0
0
0
0
0
0
0
0
0
0
0
0
0
0
0
0
0
0
0
0
0
0
0
0
0
0
0
0
0
0
0
0
0
0
0
0
0
0
0
0
0
0
0
0
0
0
0
0
0
0
0
0
0
0
0
0
0
0
0
0
0
0
0
0
0
0
0
0
0
0
0
0
0
0
0
0
-1.51425
-1.18009
0
-0.51716
0
0
0
0
0
0
0
0
0
0
0
0
-1.66199
-1.61091
-0.885125
-0.74986
0
0
0
0
0
0
0
0
0
0
0
-1.73254
-1.86228
-2.03383
-1.39087
-0.979688
0
0
0
0
0
0
0
0
0
0
0
-1.86186
-2.11241
-2.36343
-1.79831
-1.16491
0
0
0
0
0
0
0
0
0
0
0
-1.98619
-2.34405
-2.62203
-2.12781
-1.31933
-0.114021
0
0
0
0
0
0
0
0
0
0
-2.10416
-2.5607
-2.7672
-2.28399
-1.36129
-0.111425
0
0
0
0
0
0
0
0
0
-1.65302
-2.21266
-2.7425
-2.8894
-2.39939
-1.38264
-0.0502937
0
0
0
0
0
0
0
0
0
-1.76672
-2.20896
-2.81985
-2.85201
-2.32703
-1.35767
0
0
0
0
0
0
0
0
0
0
-1.85528
-2.19595
-2.87052
-2.79596
-2.24283
-1.34402
0
0
0
0
0
0
0
0
0
0
-1.82493
-2.05186
-2.77963
-2.59907
-2.10659
-1.37366
0
0
0
0
0
0
0
0
0
0
-1.75928
-1.91305
-2.63515
-2.35182
-1.96461
-1.36094
0
0
0
0
0
0
0
0
0
0
0
-1.77335
-2.34177
-1.99539
-1.82246
-1.28296
0
0
0
0
0
0
0
0
0
0
0
-1.71826
-1.98626
-1.61766
-1.65686
-1.10299
0
0
0
0
0
0
0
0
0
0
0
-1.73911
-1.43802
-1.15902
-1.46229
-0.79086
0
0
0
0
0
0
0
0
0
0
0
-1.75924
0
-0.869391
-1.27894
-0.422468
-0.172474
0
0
0
0
0
0
0
0
0
0
-1.8274
0
0
-1.07849
0
-0.331685
0
0
0
0
0
0
0
0
0
0
0
0
0
-0.996629
0
-0.37287
0
0
0
0
0
0
0
0
0
0
0
0
0
-0.890016
0
-0.381182
0
0
0
0
0
0
0
0
0
0
0
0
0
0
0
-0.253077
0
0
0
0
0
0
0
0
0
0
0
0
0
0
0
0
0
0
0
0
0
0
0
0
0
0
0
0
0
0
0
0
0
0
0
0
0
0
0
0
0
0
0
0
0
0
0
0
0
0
0
0
0
0
0
0
0
0
0
0
0
0
0
0
0
0
0
0
0
0
0
0
0
0
0
0
0
0
0
0
0
0
0
0
0
0
0
0
0
0
0
0
0
0
0
0
0
0
0
0
0
0
0
0
0
0
0
0
0
0
0
0
0
0
0
0
0
0
0
0
0
0
0
0
0
0
0
0
0
0
0
0
0
0
0
0
0
0
0
0
0
0
0
0
0
0
0
0
0
0
0
0
0
0
0
0
0
0
0
0
0
0
0
0
0
0
0
0
0
0
0
0
0
0
0
0
0
0
0
0
0
0
0
0
0
0
0
0
0
0
0
0
0
0
0
0
0
0
0
0
0
0
0
0
0
0
0
0
0
0
0
0
0
0
0
0
0
0
0
0
0
0
0
0
0
0
0
0
0
0
0
0
0
0
0
0
0
0
0
0
0
0
0
0
0
0
0
0
0
0
0
0
0
0
0
0
0
0
0
0
0
0
0
0
0
0
0
0
0
0
0
0
0
0
0
0
0
0
0
0
0
0
0
0
0
0
0
0
0
0
0
0
0
0
0
0
0
0
0
0
0
0
0
0
0
0
0
0
0
0
0
0
0
0
0
0
0
0
0
0
0
0
0
0
0
0
0
0
0
0
0
-1.44401
0
0
0
0
0
0
0
0
0
0
0
0
0
0
0
-1.35992
0
0
0
0
0
0
0
0
0
0
0
0
0
0
-1.49728
-1.36362
-1.01307
0
-0.242735
0
0
0
0
0
0
0
0
0
0
0
-1.539
-1.46215
-1.45033
-0.69181
-0.512265
0
0
0
0
0
0
0
0
0
0
0
-1.65865
-1.66091
-1.88971
-1.27659
-0.757902
0
0
0
0
0
0
0
0
0
0
0
-1.76921
-1.92316
-2.25778
-1.72974
-0.97484
0
0
0
0
0
0
0
0
0
0
0
-1.87806
-2.16259
-2.56447
-2.07707
-1.17178
0
0
0
0
0
0
0
0
0
0
-1.35214
-1.99105
-2.38282
-2.74842
-2.24575
-1.25633
0
0
0
0
0
0
0
0
0
0
-1.5674
-2.10206
-2.57014
-2.89462
-2.37281
-1.31198
0
0
0
0
0
0
0
0
0
0
-1.6969
-2.10185
-2.64907
-2.86929
-2.30517
-1.30575
0
0
0
0
0
0
0
0
0
0
-1.79367
-2.08782
-2.69798
-2.81511
-2.21949
-1.30047
0
0
0
0
0
0
0
0
0
0
-1.76934
-1.93628
-2.60198
-2.61063
-2.05976
-1.32032
0
0
0
0
0
0
0
0
0
0
-1.69979
-1.77668
-2.44901
-2.34614
-1.88846
-1.28915
0
0
0
0
0
0
0
0
0
0
-1.50948
-1.59527
-2.15032
-1.96162
-1.71574
-1.18066
0
0
0
0
0
0
0
0
0
0
0
-1.49821
-1.79155
-1.5505
-1.5397
-0.965165
0
0
0
0
0
0
0
0
0
0
0
-1.49049
-1.24597
-1.07501
-1.34961
-0.616534
0
0
0
0
0
0
0
0
0
0
0
-1.52439
-0.763671
-0.795611
-1.17681
-0.234666
-0.138168
0
0
0
0
0
0
0
0
0
0
-1.56336
0
-0.570582
-0.987334
0
-0.282901
0
0
0
0
0
0
0
0
0
0
-1.56966
0
-0.588661
-0.889004
0
-0.319388
0
0
0
0
0
0
0
0
0
0
0
0
0
-0.821992
0
-0.338538
0
0
0
0
0
0
0
0
0
0
0
0
0
-0.733902
0
-0.152766
0
0
0
0
0
0
0
0
0
0
0
0
0
0
0
0
0
0
0
0
0
0
0
0
0
0
0
0
0
0
0
0
0
0
0
0
0
0
0
0
0
0
0
0
0
0
0
0
0
0
0
0
0
0
0
0
0
0
0
0
0
0
0
0
0
0
0
0
0
0
0
0
0
0
0
0
0
0
0
0
0
0
0
0
0
0
0
0
0
0
0
0
0
0
0
0
0
0
0
0
0
0
0
0
0
0
0
0
0
0
0
0
0
0
0
0
0
0
0
0
0
0
0
0
0
0
0
0
0
0
0
0
0
0
0
0
0
0
0
0
0
0
0
0
0
0
0
0
0
0
0
0
0
0
0
0
0
0
0
0
0
0
0
0
0
0
0
0
0
0
0
0
0
0
0
0
0
0
0
0
0
0
0
0
0
0
0
0
0
0
0
0
0
0
0
0
0
0
0
0
0
0
0
0
0
0
0
0
0
0
0
0
0
0
0
0
0
0
0
0
0
0
0
0
0
0
0
0
0
0
0
0
0
0
0
0
0
0
0
0
0
0
0
0
0
0
0
0
0
0
0
0
0
0
0
0
0
0
0
0
0
0
0
0
0
0
0
0
0
-1.52104
0
0
0
0
0
0
0
0
0
0
0
0
0
0
-1.53958
-1.37052
0
0
0
0
0
0
0
0
0
0
0
0
0
0
0
-0.932283
0
0
0
0
0
0
0
0
0
0
0
0
-2.12469
-1.4669
0
0
0
0
0
0
0
0
0
0
0
0
0
0
-1.65415
-1.30519
0
0
0
0
0
0
0
0
0
0
0
0
0
0
-1.42221
-1.15971
-0.41689
0
0
0
0
0
0
0
0
0
0
0
0
0
-1.35902
-1.15731
-0.838523
0
0
0
0
0
0
0
0
0
0
0
0
0
-1.3768
-1.26902
-1.31748
-0.516643
-0.164105
0
0
0
0
0
0
0
0
0
0
0
-1.50539
-1.47391
-1.82308
-1.10727
-0.468041
0
0
0
0
0
0
0
0
0
0
0
-1.64873
-1.75651
-2.23158
-1.58073
-0.738672
0
0
0
0
0
0
0
0
0
0
0
-1.78526
-2.03287
-2.55194
-1.95947
-0.964922
0
0
0
0
0
0
0
0
0
0
-1.17634
-1.90412
-2.28245
-2.73624
-2.16638
-1.05571
0
0
0
0
0
0
0
0
0
0
-1.39027
-2.01557
-2.49113
-2.88081
-2.32391
-1.10578
0
0
0
0
0
0
0
0
0
0
-1.53747
-2.01325
-2.57446
-2.85599
-2.27546
-1.08601
0
0
0
0
0
0
0
0
0
0
-1.64795
-1.99529
-2.62021
-2.80174
-2.19774
-1.07554
0
0
0
0
0
0
0
0
0
-1.43565
-1.63746
-1.83864
-2.51896
-2.59837
-2.01829
-1.09133
0
0
0
0
0
0
0
0
0
-1.5144
-1.57586
-1.66161
-2.3535
-2.33786
-1.81637
-1.06811
0
0
0
0
0
0
0
0
0
-1.44756
-1.38716
-1.43691
-2.04225
-1.96884
-1.60338
-0.969626
0
0
0
0
0
0
0
0
0
0
-1.19719
-1.27507
-1.66527
-1.58997
-1.40963
-0.758155
0
0
0
0
0
0
0
0
0
0
0
-1.17863
-1.12157
-1.1763
-1.23683
-0.393457
0
0
0
0
0
0
0
0
0
0
0
-1.17356
-0.650116
-0.928398
-1.12428
0
0
0
0
0
0
0
0
0
0
0
0
-1.21765
0
-0.72973
-1.0323
0
-0.165781
0
0
0
0
0
0
0
0
0
-1.78727
-1.29505
0
-0.689862
-0.949469
0
-0.182981
0
0
0
0
0
0
0
0
0
-2.32607
-1.34416
0
-0.685816
-0.850586
0
-0.159851
0
0
0
0
0
0
0
0
0
0
0
0
-0.636945
-0.702893
0
0
0
0
0
0
0
0
0
0
0
0
0
0
0
-0.552417
0
0
0
0
0
0
0
0
0
0
0
0
0
0
0
0
0
0
0
0
0
0
0
0
0
0
0
0
0
0
0
0
0
0
0
0
0
0
0
0
0
0
0
0
0
0
0
0
0
0
0
0
0
0
0
0
0
0
0
0
0
0
0
0
0
0
0
0
0
0
0
0
0
0
0
0
0
0
0
0
0
0
0
0
0
0
0
0
0
0
0
0
0
0
0
0
0
0
0
0
0
0
0
0
0
0
0
0
0
0
0
0
0
0
0
0
0
0
0
0
0
0
0
0
0
0
0
0
0
0
0
0
0
0
0
0
0
0
0
0
0
0
0
0
0
0
0
0
0
0
0
0
0
0
0
0
0
0
0
0
0
0
0
0
0
0
0
0
0
0
0
0
0
0
0
0
0
0
0
0
0
0
0
0
0
0
0
0
0
0
0
0
0
0
0
0
0
0
0
0
0
0
0
0
0
0
0
0
0
0
0
0
0
0
0
0
0
0
0
0
0
0
0
0
0
0
0
0
0
0
0
0
0
0
0
0
0
0
0
-1.54302
0
0
0
0
0
0
0
0
0
0
0
0
0
0
-1.63438
-1.47003
0
0
0
0
0
0
0
0
0
0
0
0
0
0
-1.47996
-1.28596
0
0
0
0
0
0
0
0
0
0
0
0
-2.02908
-1.43495
-1.08127
-0.896216
0
0
0
0
0
0
0
0
0
0
0
0
-1.75965
-1.30665
-0.663344
-0.462747
0
0
0
0
0
0
0
0
0
0
0
0
-1.48028
-1.09897
-0.367144
0
0
0
0
0
0
0
0
0
0
0
0
0
-1.24016
-0.975163
-0.294198
0
0
0
0
0
0
0
0
0
0
0
0
0
-1.15222
-0.982285
-0.763367
0
0
0
0
0
0
0
0
0
0
0
0
0
-1.20321
-1.1208
-1.28577
-0.344925
0
0
0
0
0
0
0
0
0
-2.47525
0
0
-1.36679
-1.38572
-1.80093
-0.971908
-0.12081
0
0
0
0
0
0
0
0
0
0
0
-1.53207
-1.72317
-2.2093
-1.49157
-0.362213
0
0
0
0
0
0
0
0
0
0
-0.707583
-1.69417
-2.03167
-2.54034
-1.90007
-0.542976
0
0
0
0
0
0
0
0
0
0
-0.992505
-1.83497
-2.2842
-2.74084
-2.12509
-0.613918
0
0
0
0
0
0
0
0
0
0
-1.22166
-1.96592
-2.48839
-2.89993
-2.28637
-0.672123
0
0
0
0
0
0
0
0
0
0
-1.39031
-1.97477
-2.55971
-2.88532
-2.23747
-0.659083
0
0
0
0
0
0
0
0
0
-1.14774
-1.51406
-1.9584
-2.59664
-2.83465
-2.1621
-0.65241
0
0
0
0
0
0
0
0
0
-1.3205
-1.51404
-1.79569
-2.49623
-2.63165
-1.97386
-0.651223
0
0
0
0
0
0
0
0
0
-1.40119
-1.45438
-1.59617
-2.33571
-2.36945
-1.7666
-0.613071
0
0
0
0
0
0
0
0
0
-1.34528
-1.25461
-1.32545
-2.04096
-2.00708
-1.54533
-0.512668
0
0
0
0
0
0
0
0
0
-1.2941
-1.03901
-1.09996
-1.67615
-1.65114
-1.36416
-0.337126
0
0
0
0
0
0
0
0
0
0
-0.772696
-0.927337
-1.14725
-1.29975
-1.22141
0
0
0
0
0
0
0
0
0
0
0
0
-0.893059
-0.660176
-1.10636
-1.14264
0
0
0
0
0
0
0
0
0
0
0
-1.14932
-0.911346
0
-0.953698
-1.09609
0
0
0
0
0
0
0
0
0
0
0
-1.60702
-0.994538
0
-0.853138
-1.03308
0
0
0
0
0
0
0
0
0
0
0
-1.99121
-1.10108
0
-0.760278
-0.956642
0
0
0
0
0
0
0
0
0
0
0
-2.35117
0
0
-0.66849
-0.741456
0
0
0
0
0
0
0
0
0
0
0
0
0
0
-0.582159
-0.506622
0
0
0
0
0
0
0
0
0
0
0
0
0
0
0
0
0
0
0
0
0
0
0
0
0
0
0
0
0
0
0
0
0
0
0
0
0
0
0
0
0
0
0
0
0
0
0
0
0
0
0
0
0
0
0
0
0
0
0
0
0
0
0
0
0
0
0
0
0
0
0
0
0
0
0
0
0
0
0
0
0
0
0
0
0
0
0
0
0
0
0
0
0
0
0
0
0
0
0
0
0
0
0
0
0
0
0
0
0
0
0
0
0
0
0
0
0
0
0
0
0
0
0
0
0
0
0
0
0
0
0
0
0
0
0
0
0
0
0
0
0
0
0
0
0
0
0
0
0
0
0
0
0
0
0
0
0
0
0
0
0
0
0
0
0
0
0
0
0
0
0
0
0
0
0
0
0
0
0
0
0
0
0
0
0
0
0
0
0
0
0
0
0
0
0
0
0
0
0
0
0
0
0
0
0
0
0
0
0
0
0
0
0
0
0
0
0
0
0
0
0
0
0
0
0
0
0
0
0
0
0
0
0
0
0
0
0
0
0
-1.38608
0
0
0
0
0
0
0
0
0
0
0
0
0
0
-1.46935
-1.28134
0
0
0
0
0
0
0
0
0
0
0
0
0
0
-1.29347
-1.14705
0
0
0
0
0
0
0
0
0
0
0
0
-1.63508
-1.20863
-0.915567
-0.795362
0
0
0
0
0
0
0
0
0
0
0
0
-1.54258
-1.04936
-0.51679
-0.466295
0
0
0
0
0
0
0
0
0
0
0
0
-1.23
-0.862016
-0.230679
0
0
0
0
0
0
0
0
0
0
0
0
0
-0.981609
-0.746713
-0.184855
0
0
0
0
0
0
0
0
0
0
0
0
0
-0.916008
-0.818959
-0.655065
0
0
0
0
0
0
0
0
0
0
0
0
0
-0.985784
-1.04661
-1.17331
-0.175959
0
0
0
0
0
0
0
0
0
0
0
0
-1.19272
-1.37083
-1.71214
-0.817093
0
0
0
0
0
0
0
0
0
0
0
0
-1.41961
-1.72138
-2.15679
-1.32417
0
0
0
0
0
0
0
0
0
0
0
-0.447901
-1.6384
-2.03134
-2.51875
-1.6869
-0.0464989
0
0
0
0
0
0
0
0
0
0
-0.751153
-1.80715
-2.27185
-2.73708
-1.87627
-0.19405
0
0
0
0
0
0
0
0
0
0
-0.997854
-1.95036
-2.46986
-2.90296
-2.01958
-0.318438
0
0
0
0
0
0
0
0
0
-0.770377
-1.1996
-1.96094
-2.52775
-2.89002
-1.97458
-0.340595
0
0
0
0
0
0
0
0
0
-0.996905
-1.34425
-1.94291
-2.55326
-2.84139
-1.9117
-0.345057
0
0
0
0
0
0
0
0
0
-1.13989
-1.35967
-1.78367
-2.45486
-2.65101
-1.7306
-0.322051
0
0
0
0
0
0
0
0
0
-1.20154
-1.3055
-1.57988
-2.30116
-2.41092
-1.54395
-0.24256
0
0
0
0
0
0
0
0
0
-1.13933
-1.10351
-1.28846
-2.03707
-2.09128
-1.36714
-0.0826969
0
0
0
0
0
0
0
0
0
-1.09631
-0.87899
-1.01122
-1.71411
-1.78794
-1.28019
0
0
0
0
0
0
0
0
0
0
-1.06941
-0.588203
-0.747212
-1.26595
-1.50626
-1.25587
0
0
0
0
0
0
0
0
0
0
-1.17114
-0.666611
-0.64537
-0.836638
-1.33389
-1.25041
0
0
0
0
0
0
0
0
0
0
0
-0.887121
-0.623885
-0.201345
-1.20331
-1.22963
0
0
0
0
0
0
0
0
0
0
0
-1.36621
-0.715079
0
-1.08952
-1.12681
0
0
0
0
0
0
0
0
0
0
0
-1.77485
-0.811348
0
-0.954183
-1.02454
0
0
0
0
0
0
0
0
0
0
0
-2.02249
0
0
-0.785826
-0.810271
0
0
0
0
0
0
0
0
0
0
0
-2.29426
0
0
-0.668272
-0.526336
0
0
0
0
0
0
0
0
0
0
0
0
0
0
-0.578673
0
0
0
0
0
0
0
0
0
0
0
0
0
0
0
0
0
0
0
0
0
0
0
0
0
0
0
0
0
0
0
0
0
0
0
0
0
0
0
0
0
0
0
0
0
0
0
0
0
0
0
0
0
0
0
0
0
0
0
0
0
0
0
0
0
0
0
0
0
0
0
0
0
0
0
0
0
0
0
0
0
0
0
0
0
0
0
0
0
0
0
0
0
0
0
0
0
0
0
0
0
0
0
0
0
0
0
0
0
0
0
0
0
0
0
0
0
0
0
0
0
0
0
0
0
0
0
0
0
0
0
0
0
0
0
0
0
0
0
0
0
0
0
0
0
0
0
0
0
0
0
0
0
0
0
0
0
0
0
0
0
0
0
0
0
0
0
0
0
0
0
0
0
0
0
0
0
0
0
0
0
0
0
0
0
0
0
0
0
0
0
0
0
0
0
0
0
0
0
0
0
0
0
0
0
0
0
0
0
0
0
0
0
0
0
0
0
0
0
0
0
0
0
-1.35729
-1.16592
0
0
0
0
0
0
0
0
0
0
0
0
0
0
-1.26355
-1.09505
0
0
0
0
0
0
0
0
0
0
0
0
0
-1.11496
-1.09616
-0.996719
0
0
0
0
0
0
0
0
0
0
0
0
-1.43097
-0.963423
-0.747047
-0.746288
0
0
0
0
0
0
0
0
0
0
0
0
-1.31329
-0.837003
-0.403428
-0.484963
0
0
0
0
0
0
0
0
0
0
0
0
-1.00582
-0.661914
-0.170853
-0.0496689
0
0
0
0
0
0
0
0
0
0
0
0
-0.782326
-0.612885
-0.0968284
0
0
0
0
0
0
0
0
0
0
0
0
0
-0.726294
-0.769118
-0.544775
0
0
0
0
0
0
0
0
0
0
0
0
0
-0.848245
-1.03463
-1.09277
0
0
0
0
0
0
0
0
0
0
0
0
0
-1.12577
-1.37823
-1.67223
-0.533493
0
0
0
0
0
0
0
0
0
0
0
0
-1.39945
-1.74375
-2.13771
-0.974253
0
0
0
0
0
0
0
0
0
0
0
-0.242294
-1.63843
-2.0736
-2.49224
-1.3267
0
0
0
0
0
0
0
0
0
0
0
-0.584746
-1.80469
-2.31542
-2.68062
-1.56118
0
0
0
0
0
0
0
0
0
0
0
-0.863616
-1.94282
-2.51113
-2.81406
-1.75645
0
0
0
0
0
0
0
0
0
0
-0.679209
-1.10245
-1.94878
-2.55625
-2.78039
-1.75897
0
0
0
0
0
0
0
0
0
0
-0.872499
-1.26707
-1.92793
-2.56973
-2.72737
-1.72479
0
0
0
0
0
0
0
0
0
0
-0.98716
-1.29262
-1.77474
-2.47492
-2.5591
-1.5416
0
0
0
0
0
0
0
0
0
0
-1.03157
-1.23487
-1.57614
-2.32927
-2.3671
-1.3414
0
0
0
0
0
0
0
0
0
0
-0.961466
-1.01657
-1.28793
-2.09197
-2.13223
-1.15002
0
0
0
0
0
0
0
0
0
0
-0.909435
-0.765899
-1.00022
-1.79456
-1.9237
-1.08918
0
0
0
0
0
0
0
0
0
0
-0.874453
-0.446825
-0.695169
-1.39521
-1.72813
-1.14935
0
0
0
0
0
0
0
0
0
0
-0.969246
-0.496226
-0.544079
-1.00434
-1.5739
-1.26293
0
0
0
0
0
0
0
0
0
0
-1.12768
-0.687263
-0.456819
-0.459927
-1.43083
-1.34977
0
0
0
0
0
0
0
0
0
0
0
-1.13101
-0.514169
-0.111034
-1.27461
-1.25546
0
0
0
0
0
0
0
0
0
0
0
-1.53043
-0.606913
0
-1.12734
-1.114
0
0
0
0
0
0
0
0
0
0
0
-1.81103
0
0
-0.949859
-0.865749
0
0
0
0
0
0
0
0
0
0
0
-1.97982
0
0
-0.767336
-0.594106
0
0
0
0
0
0
0
0
0
0
0
-2.09479
0
0
-0.662445
-0.201892
0
0
0
0
0
0
0
0
0
0
0
0
0
0
-0.616001
0
0
0
0
0
0
0
0
0
0
0
0
0
0
0
0
0
0
0
0
0
0
0
0
0
0
0
0
0
0
0
0
0
0
0
0
0
0
0
0
0
0
0
0
0
0
0
0
0
0
0
0
0
0
0
0
0
0
0
0
0
0
0
0
0
0
0
0
0
0
0
0
0
0
0
0
0
0
0
0
0
0
0
0
0
0
0
0
0
0
0
0
0
0
0
0
0
0
0
0
0
0
0
0
0
0
0
0
0
0
0
0
0
0
0
0
0
0
0
0
0
0
0
0
0
0
0
0
0
0
0
0
0
0
0
0
0
0
0
0
0
0
0
0
0
0
0
0
0
0
0
0
0
0
0
0
0
0
0
0
0
0
0
0
0
0
0
0
0
0
0
0
0
0
0
0
0
0
0
0
0
0
0
0
0
0
0
0
0
0
0
0
0
0
0
0
0
0
0
0
0
0
0
0
0
0
0
0
-0.797304
0
0
0
0
0
0
0
0
0
0
0
0
0
0
-0.917674
-0.766111
0
0
0
0
0
0
0
0
0
0
0
0
0
0
-0.775586
-0.748969
0
0
0
0
0
0
0
0
0
0
0
0
-1.19965
-0.692767
-0.472578
-0.584668
0
0
0
0
0
0
0
0
0
0
0
0
-1.08046
-0.588069
-0.220339
-0.34197
0
0
0
0
0
0
0
0
0
0
0
0
-0.808813
-0.500703
0
0
0
0
0
0
0
0
0
0
0
0
0
0
-0.610032
-0.541055
0
0
0
0
0
0
0
0
0
0
0
0
0
0
-0.612703
-0.754755
-0.409975
0
0
0
0
0
0
0
0
0
0
0
0
0
-0.790375
-1.0586
-0.990048
0
0
0
0
0
0
0
0
0
0
0
0
0
-1.08816
-1.44631
-1.56793
-0.14521
0
0
0
0
0
0
0
0
0
0
0
0
-1.35965
-1.82852
-1.98665
-0.628778
0
0
0
0
0
0
0
0
0
0
0
0
-1.59879
-2.16155
-2.2852
-1.05714
0
0
0
0
0
0
0
0
0
0
0
-0.46035
-1.76379
-2.37909
-2.44073
-1.36906
0
0
0
0
0
0
0
0
0
0
-0.412978
-0.758453
-1.90269
-2.54566
-2.56663
-1.61872
0
0
0
0
0
0
0
0
0
0
-0.584023
-1.01917
-1.91021
-2.56196
-2.5369
-1.66276
0
0
0
0
0
0
0
0
0
0
-0.721656
-1.19613
-1.88913
-2.55689
-2.49029
-1.65377
0
0
0
0
0
0
0
0
0
0
-0.786558
-1.23087
-1.74556
-2.47611
-2.34319
-1.48146
0
0
0
0
0
0
0
0
0
0
-0.798808
-1.17882
-1.55656
-2.36032
-2.18638
-1.28551
0
0
0
0
0
0
0
0
0
0
-0.719211
-0.964207
-1.2862
-2.17897
-2.02613
-1.09184
0
0
0
0
0
0
0
0
0
0
-0.663983
-0.709913
-1.01769
-1.93242
-1.91996
-1.01958
0
0
0
0
0
0
0
0
0
0
-0.629409
-0.385618
-0.739466
-1.59611
-1.85148
-1.05448
0
0
0
0
0
0
0
0
0
0
-0.693037
-0.38032
-0.604689
-1.23488
-1.77517
-1.14517
0
0
0
0
0
0
0
0
0
0
-0.808807
-0.516773
-0.50929
-0.759859
-1.65341
-1.28465
0
0
0
0
0
0
0
0
0
0
0
-0.898637
-0.496086
-0.437238
-1.46293
-1.28509
0
0
0
0
0
0
0
0
0
0
0
-1.23889
-0.512847
0
-1.27677
-1.17328
0
0
0
0
0
0
0
0
0
0
0
-1.48369
-0.472694
0
-1.11349
-0.908345
0
0
0
0
0
0
0
0
0
0
0
-1.66685
0
0
-0.947528
-0.63632
0
0
0
0
0
0
0
0
0
0
0
-1.64752
0
0
-0.809775
-0.321994
0
0
0
0
0
0
0
0
0
0
0
0
0
0
-0.774457
0
0
0
0
0
0
0
0
0
0
0
0
0
0
0
-0.759767
0
0
0
0
0
0
0
0
0
0
0
0
0
0
0
0
0
0
0
0
0
0
0
0
0
0
0
0
0
0
0
0
0
0
0
0
0
0
0
0
0
0
0
0
0
0
0
0
0
0
0
0
0
0
0
0
0
0
0
0
0
0
0
0
0
0
0
0
0
0
0
0
0
0
0
0
0
0
0
0
0
0
0
0
0
0
0
0
0
0
0
0
0
0
0
0
0
0
0
0
0
0
0
0
0
0
0
0
0
0
0
0
0
0
0
0
0
0
0
0
0
0
0
0
0
0
0
0
0
0
0
0
0
0
0
0
0
0
0
0
0
0
0
0
0
0
0
0
0
0
0
0
0
0
0
0
0
0
0
0
0
0
0
0
0
0
0
0
0
0
0
0
0
0
0
0
0
0
0
0
0
0
0
0
0
0
0
0
0
0
0
0
0
0
0
0
0
0
0
0
0
0
0
0
0
0
0
-0.615702
-0.458905
0
0
0
0
0
0
0
0
0
0
0
0
-1.10956
0
-0.475757
-0.539856
0
0
0
0
0
0
0
0
0
0
0
0
-1.00842
-0.463225
-0.258725
-0.401177
0
0
0
0
0
0
0
0
0
0
0
0
-0.917985
-0.416926
-0.0444765
-0.212503
0
0
0
0
0
0
0
0
0
0
0
0
-0.672999
-0.424847
0
0
0
0
0
0
0
0
0
0
0
0
0
0
-0.541968
-0.50646
0
0
0
0
0
0
0
0
0
0
0
0
0
0
-0.600039
-0.775663
-0.300061
0
0
0
0
0
0
0
0
0
0
0
0
0
-0.786343
-1.13602
-0.848285
0
0
0
0
0
0
0
0
0
0
0
0
0
-1.07823
-1.55988
-1.35063
0
0
0
0
0
0
0
0
0
0
0
0
0
-1.35449
-1.93449
-1.72521
-0.339404
0
0
0
0
0
0
0
0
0
0
0
0
-1.60659
-2.23279
-2.03565
-0.831364
0
0
0
0
0
0
0
0
0
0
-0.223131
-0.365673
-1.77528
-2.38752
-2.22563
-1.20407
0
0
0
0
0
0
0
0
0
0
-0.425689
-0.668067
-1.91333
-2.49678
-2.38509
-1.49627
0
0
0
0
0
0
0
0
0
0
-0.540371
-0.940983
-1.91931
-2.47241
-2.37933
-1.58217
0
0
0
0
0
0
0
0
0
0
-0.63091
-1.12589
-1.89563
-2.44585
-2.34625
-1.60391
0
0
0
0
0
0
0
0
0
0
-0.646801
-1.1681
-1.76158
-2.38407
-2.22188
-1.45354
0
0
0
0
0
0
0
0
0
0
-0.621755
-1.12504
-1.58299
-2.31211
-2.08801
-1.28113
0
0
0
0
0
0
0
0
0
0
-0.524157
-0.927037
-1.32974
-2.21122
-1.96328
-1.11403
0
0
0
0
0
0
0
0
0
0
-0.453193
-0.69386
-1.07398
-2.04682
-1.88423
-1.06147
0
0
0
0
0
0
0
0
0
0
-0.413117
-0.395561
-0.809827
-1.79058
-1.85923
-1.08292
0
0
0
0
0
0
0
0
0
0
-0.4536
-0.350943
-0.682638
-1.46296
-1.84848
-1.10903
0
0
0
0
0
0
0
0
0
0
0
-0.414878
-0.60374
-1.02312
-1.81146
-1.18311
0
0
0
0
0
0
0
0
0
0
0
-0.702064
-0.565627
-0.689471
-1.64305
-1.19798
0
0
0
0
0
0
0
0
0
0
0
-0.99114
-0.512521
-0.316682
-1.42913
-1.19158
0
0
0
0
0
0
0
0
0
0
0
-1.17968
-0.388019
-0.139037
-1.24126
-0.981266
0
0
0
0
0
0
0
0
0
0
0
-1.33465
0
0
-1.0932
-0.710713
0
0
0
0
0
0
0
0
0
0
0
-1.31811
0
0
-0.958285
-0.442815
0
0
0
0
0
0
0
0
0
0
0
0
0
0
-0.872394
-0.219933
0
0
0
0
0
0
0
0
0
0
0
0
0
0
-0.875843
0
0
0
0
0
0
0
0
0
0
0
0
0
0
0
-0.956097
0
0
0
0
0
0
0
0
0
0
0
0
0
0
0
0
0
0
0
0
0
0
0
0
0
0
0
0
0
0
0
0
0
0
0
0
0
0
0
0
0
0
0
0
0
0
0
0
0
0
0
0
0
0
0
0
0
0
0
0
0
0
0
0
0
0
0
0
0
0
0
0
0
0
0
0
0
0
0
0
0
0
0
0
0
0
0
0
0
0
0
0
0
0
0
0
0
0
0
0
0
0
0
0
0
0
0
0
0
0
0
0
0
0
0
0
0
0
0
0
0
0
0
0
0
0
0
0
0
0
0
0
0
0
0
0
0
0
0
0
0
0
0
0
0
0
0
0
0
0
0
0
0
0
0
0
0
0
0
0
0
0
0
0
0
0
0
0
0
0
0
0
0
0
0
0
0
0
0
0
0
0
0
0
0
0
0
0
0
0
0
0
0
0
0
0
0
0
0
0
0
0
0
0
0
-1.03045
0
-0.157788
-0.207505
0
0
0
0
0
0
0
0
0
0
0
0
-0.938523
-0.304171
0
-0.119613
0
0
0
0
0
0
0
0
0
0
0
0
-0.851492
-0.3322
0
0
0
0
0
0
0
0
0
0
0
0
0
-0.57592
-0.678287
-0.42361
0
0
0
0
0
0
0
0
0
0
0
0
0
-0.436832
-0.625193
-0.565885
0
0
0
0
0
0
0
0
0
0
0
0
0
0
-0.704459
-0.903382
-0.218726
0
0
0
0
0
0
0
0
0
0
0
0
0
-0.88166
-1.28991
-0.64598
0
0
0
0
0
0
0
0
0
0
0
0
0
-1.16824
-1.6918
-1.08902
0
0
0
0
0
0
0
0
0
0
0
0
0
-1.4411
-1.99177
-1.49102
0
0
0
0
0
0
0
0
0
0
0
0
0
-1.68744
-2.20733
-1.85439
-0.681205
0
0
0
0
0
0
0
0
0
0
-0.203766
-0.30318
-1.83901
-2.29778
-2.08792
-1.09266
0
0
0
0
0
0
0
0
0
0
-0.409471
-0.598331
-1.95574
-2.36862
-2.27505
-1.42016
0
0
0
0
0
0
0
0
0
0
-0.467299
-0.858873
-1.94496
-2.33237
-2.29
-1.54215
0
0
0
0
0
0
0
0
0
0
-0.507357
-1.0355
-1.90871
-2.29927
-2.27166
-1.5881
0
0
0
0
0
0
0
0
0
0
-0.475215
-1.0704
-1.78164
-2.25247
-2.17914
-1.4602
0
0
0
0
0
0
0
0
0
0
-0.420681
-1.02662
-1.61897
-2.2038
-2.07571
-1.30503
0
0
0
0
0
0
0
0
0
0
-0.325253
-0.846846
-1.3975
-2.15078
-1.97865
-1.15081
0
0
0
0
0
0
0
0
0
0
-0.252952
-0.650337
-1.177
-2.05681
-1.89565
-1.10091
0
0
0
0
0
0
0
0
0
0
-0.210579
-0.422138
-0.95561
-1.90196
-1.84356
-1.10866
0
0
0
0
0
0
0
0
0
0
0
-0.378541
-0.843932
-1.65385
-1.80416
-1.09455
0
0
0
0
0
0
0
0
0
0
0
-0.396984
-0.780347
-1.27881
-1.8018
-1.09196
0
0
0
0
0
0
0
0
0
0
0
-0.551332
-0.726005
-0.948263
-1.71352
-1.03803
0
0
0
0
0
0
0
0
0
0
0
-0.738377
-0.642401
-0.589578
-1.52758
-1.06669
0
0
0
0
0
0
0
0
0
0
0
-0.863906
-0.431056
-0.403333
-1.3226
-1.00501
0
0
0
0
0
0
0
0
0
0
0
-0.948418
0
-0.238969
-1.16354
-0.815552
-0.0901724
0
0
0
0
0
0
0
0
0
0
0
0
0
-1.06485
-0.617183
-0.250504
0
0
0
0
0
0
0
0
0
0
0
0
0
-0.967453
-0.504979
-0.192734
0
0
0
0
0
0
0
0
0
0
0
0
0
-0.97371
-0.42342
-0.123383
0
0
0
0
0
0
0
0
0
0
0
0
0
-1.0786
-0.428804
0
0
0
0
0
0
0
0
0
0
0
0
0
0
-1.22371
0
0
0
0
0
0
0
0
0
0
0
0
0
0
0
0
0
0
0
0
0
0
0
0
0
0
0
0
0
0
0
0
0
0
0
0
0
0
0
0
0
0
0
0
0
0
0
0
0
0
0
0
0
0
0
0
0
0
0
0
0
0
0
0
0
0
0
0
0
0
0
0
0
0
0
0
0
0
0
0
0
0
0
0
0
0
0
0
0
0
0
0
0
0
0
0
0
0
0
0
0
0
0
0
0
0
0
0
0
0
0
0
0
0
0
0
0
0
0
0
0
0
0
0
0
0
0
0
0
0
0
0
0
0
0
0
0
0
0
0
0
0
0
0
0
0
0
0
0
0
0
0
0
0
0
0
0
0
0
0
0
0
0
0
0
0
0
0
0
0
0
0
0
0
0
0
0
0
0
0
0
0
0
0
0
0
0
0
0
-1.00184
0
0
0
0
0
0
0
0
0
0
0
0
0
0
0
-0.915872
-0.234125
0
0
0
0
0
0
0
0
0
0
0
0
0
-0.807076
-0.845869
-0.297173
0
0
0
0
0
0
0
0
0
0
0
0
0
-0.678342
-0.748131
-0.449264
0
0
0
0
0
0
0
0
0
0
0
0
0
-0.552027
-0.729394
-0.662139
0
0
0
0
0
0
0
0
0
0
0
0
0
-0.293684
-0.809636
-1.04818
-0.0937628
0
0
0
0
0
0
0
0
0
0
0
0
0
-0.992987
-1.42668
-0.427868
0
0
0
0
0
0
0
0
0
0
0
0
0
-1.28212
-1.75985
-0.867149
0
0
0
0
0
0
0
0
0
0
0
0
0
-1.54719
-1.97606
-1.31082
0
0
0
0
0
0
0
0
0
0
0
0
0
-1.77517
-2.14758
-1.71203
0
0
0
0
0
0
0
0
0
0
0
-0.188831
-0.269875
-1.89126
-2.22077
-1.96794
-0.893724
0
0
0
0
0
0
0
0
0
0
-0.387866
-0.55715
-1.96872
-2.28332
-2.1667
-1.25714
0
0
0
0
0
0
0
0
0
0
-0.389916
-0.799404
-1.92809
-2.25062
-2.19769
-1.42132
0
0
0
0
0
0
0
0
0
0
-0.378297
-0.963265
-1.87332
-2.21575
-2.19686
-1.50153
0
0
0
0
0
0
0
0
0
0
-0.296944
-0.987579
-1.75419
-2.18044
-2.15116
-1.42187
0
0
0
0
0
0
0
0
0
0
-0.217676
-0.941147
-1.61603
-2.13978
-2.09531
-1.31395
0
0
0
0
0
0
0
0
0
0
-0.143141
-0.777714
-1.44086
-2.10054
-2.04353
-1.19368
0
0
0
0
0
0
0
0
0
0
-0.0908072
-0.610454
-1.26952
-2.0262
-1.973
-1.14829
0
0
0
0
0
0
0
0
0
0
0
-0.437298
-1.09457
-1.92612
-1.89987
-1.13808
0
0
0
0
0
0
0
0
0
0
0
-0.396811
-0.997302
-1.7618
-1.80545
-1.1019
0
0
0
0
0
0
0
0
0
0
0
-0.397201
-0.934336
-1.48118
-1.75995
-1.06024
0
0
0
0
0
0
0
0
0
0
0
-0.448776
-0.852471
-1.17412
-1.69964
-0.944291
0
0
0
0
0
0
0
0
0
0
0
-0.519854
-0.757721
-0.819729
-1.59073
-0.925581
0
0
0
0
0
0
0
0
0
0
0
-0.558505
-0.505348
-0.603658
-1.40259
-0.96464
-0.0148204
0
0
0
0
0
0
0
0
0
0
0
-0.215961
-0.434731
-1.22627
-0.922102
-0.350859
0
0
0
0
0
0
0
0
0
0
0
0
-0.341265
-1.13964
-0.798751
-0.616993
0
0
0
0
0
0
0
0
0
0
0
0
-0.346864
-1.06677
-0.73652
-0.570688
0
0
0
0
0
0
0
0
0
0
0
0
0
-1.04917
-0.733595
-0.470958
0
0
0
0
0
0
0
0
0
0
0
0
0
-1.16186
-0.700168
-0.279638
0
0
0
0
0
0
0
0
0
0
0
0
0
-1.31883
-0.798742
0
0
0
0
0
0
0
0
0
0
0
0
0
0
-1.43309
0
0
0
0
0
0
0
0
0
0
0
0
0
0
0
0
0
0
0
0
0
0
0
0
0
0
0
0
0
0
0
0
0
0
0
0
0
0
0
0
0
0
0
0
0
0
0
0
0
0
0
0
0
0
0
0
0
0
0
0
0
0
0
0
0
0
0
0
0
0
0
0
0
0
0
0
0
0
0
0
0
0
0
0
0
0
0
0
0
0
0
0
0
0
0
-1.77245
0
0
0
0
0
0
0
0
0
0
0
0
0
0
-1.73749
-1.40528
0
0
0
0
0
0
0
0
0
0
0
0
0
0
-1.4076
-0.986525
0
0
0
0
0
0
0
0
0
0
0
0
0
0
-1.00062
-0.502706
0
0
0
0
0
0
0
0
0
0
0
0
0
-1.11705
-0.651326
0
0
0
0
0
0
0
0
0
0
0
0
0
0
-1.1044
-0.370431
0
0
0
0
0
0
0
0
0
0
0
0
0
-0.912352
-1.01027
-0.336196
0
0
0
0
0
0
0
0
0
0
0
0
0
-0.95251
-0.973084
-0.38196
0
0
0
0
0
0
0
0
0
0
0
0
-0.713182
-0.812307
-0.91519
-0.581015
0
0
0
0
0
0
0
0
0
0
0
0
-0.507287
-0.709334
-0.894203
-0.83629
0
0
0
0
0
0
0
0
0
0
0
0
0
-0.464448
-0.962916
-1.20667
-0.110141
0
0
0
0
0
0
0
0
0
0
0
0
-0.210814
-1.1407
-1.51057
-0.370235
0
0
0
0
0
0
0
0
0
0
0
0
0
-1.41612
-1.74946
-0.771405
0
0
0
0
0
0
0
0
0
0
0
0
0
-1.65716
-1.92355
-1.21173
0
0
0
0
0
0
0
0
0
0
0
0
0
-1.84688
-2.09278
-1.61547
0
0
0
0
0
0
0
0
0
0
0
0
-0.283465
-1.91189
-2.17721
-1.8831
0
0
0
0
0
0
0
0
0
0
0
-0.211517
-0.542871
-1.9457
-2.24584
-2.09364
0
0
0
0
0
0
0
0
0
0
0
-0.183789
-0.736194
-1.86983
-2.22773
-2.14868
-1.31551
0
0
0
0
0
0
0
0
0
0
-0.144061
-0.866563
-1.78834
-2.19915
-2.16955
-1.41991
0
0
0
0
0
0
0
0
0
0
-0.0408178
-0.866175
-1.6606
-2.16954
-2.15675
-1.38619
0
0
0
0
0
0
0
0
0
0
0
-0.809949
-1.52901
-2.12447
-2.12401
-1.32514
0
0
0
0
0
0
0
0
0
0
0
-0.663097
-1.38923
-2.07052
-2.08424
-1.23926
0
0
0
0
0
0
0
0
0
0
0
-0.523732
-1.27262
-1.9799
-2.01252
-1.19802
0
0
0
0
0
0
0
0
0
0
0
-0.394328
-1.15764
-1.87738
-1.923
-1.15437
0
0
0
0
0
0
0
0
0
0
0
-0.346735
-1.09138
-1.75141
-1.78799
-1.08392
0
0
0
0
0
0
0
0
0
0
0
-0.333051
-1.03955
-1.57373
-1.68404
-1.01572
0
0
0
0
0
0
0
0
0
0
0
-0.323625
-0.935928
-1.33804
-1.5796
-0.877853
0
0
0
0
0
0
0
0
0
0
0
-0.309739
-0.82942
-1.01789
-1.51356
-0.81244
0
0
0
0
0
0
0
0
0
0
0
-0.270811
-0.56974
-0.769571
-1.37561
-0.87886
-0.320774
0
0
0
0
0
0
0
0
0
0
0
-0.235919
-0.582339
-1.19558
-0.99845
-0.567025
0
0
0
0
0
0
0
0
0
0
0
0
-0.47365
-1.11555
-1.00545
-0.874613
0
0
0
0
0
0
0
0
0
0
0
0
-0.435812
-1.09272
-0.999135
-0.903276
0
0
0
0
0
0
0
0
0
0
0
0
-0.54929
-1.09867
-1.0691
-0.79758
0
0
0
0
0
0
0
0
0
0
0
0
0
-1.20422
-1.03282
-0.617541
0
0
0
0
0
0
0
0
0
0
0
0
0
-1.37765
-1.10679
-0.363932
0
0
0
0
0
0
0
0
0
0
0
0
0
-1.50655
-1.12377
0
0
0
0
0
0
0
0
0
0
0
0
0
0
0
0
0
0
0
0
0
0
0
0
0
0
0
0
0
0
0
0
0
0
0
0
0
0
0
0
0
0
0
0
0
0
0
0
0
0
0
0
0
0
0
0
0
0
0
0
0
0
0
0
0
0
0
0
0
0
0
0
0
0
0
0
0
0
0
0
0
0
0
0
0
0
0
0
0
0
0
0
0
-2.54467
-1.9528
0
0
0
0
0
0
0
0
0
0
0
0
0
0
-1.89977
-1.59503
0
0
0
0
0
0
0
0
0
0
0
0
0
0
-1.60384
-1.14171
0
0
0
0
0
0
0
0
0
0
0
0
0
-1.21646
-1.16973
-0.598852
0
0
0
0
0
0
0
0
0
0
0
0
0
-1.2073
-0.789832
-0.152802
0
0
0
0
0
0
0
0
0
0
0
0
0
-1.18999
-0.483582
0
0
0
0
0
0
0
0
0
0
0
0
0
-1.02921
-1.09955
-0.446721
0
0
0
0
0
0
0
0
0
0
0
0
-0.945786
-1.06831
-1.09702
-0.470624
0
0
0
0
0
0
0
0
0
0
0
0
-0.726628
-0.939018
-1.05123
-0.711389
0
0
0
0
0
0
0
0
0
0
0
0
-0.50679
-0.861104
-1.02816
-0.990717
-0.0911514
0
0
0
0
0
0
0
0
0
0
0
0
-0.614579
-1.0951
-1.3214
-0.162953
0
0
0
0
0
0
0
0
0
0
0
0
-0.341627
-1.26561
-1.54394
-0.370406
0
0
0
0
0
0
0
0
0
0
0
0
-0.0503032
-1.519
-1.73098
-0.696507
0
0
0
0
0
0
0
0
0
0
0
0
0
-1.72113
-1.8993
-1.09153
0
0
0
0
0
0
0
0
0
0
0
0
-0.0679396
-1.86618
-2.07633
-1.47527
0
0
0
0
0
0
0
0
0
0
0
0
-0.312209
-1.89154
-2.16804
-1.75112
0
0
0
0
0
0
0
0
0
0
0
0
-0.540954
-1.8988
-2.23495
-1.97368
0
0
0
0
0
0
0
0
0
0
0
0
-0.676619
-1.79918
-2.22579
-2.05974
0
0
0
0
0
0
0
0
0
0
0
0
-0.764428
-1.69422
-2.2014
-2.10939
0
0
0
0
0
0
0
0
0
0
0
0
-0.73106
-1.55252
-2.1789
-2.14025
0
0
0
0
0
0
0
0
0
0
0
0
-0.66241
-1.41508
-2.13393
-2.13597
0
0
0
0
0
0
0
0
0
0
0
0
-0.537354
-1.29504
-2.07101
-2.108
0
0
0
0
0
0
0
0
0
0
0
0
-0.432277
-1.22373
-1.96733
-2.03516
-1.16895
0
0
0
0
0
0
0
0
0
0
0
-0.348194
-1.17481
-1.85205
-1.93839
-1.12898
0
0
0
0
0
0
0
0
0
0
0
-0.289298
-1.15533
-1.72934
-1.78439
-1.03791
0
0
0
0
0
0
0
0
0
0
0
-0.253373
-1.12381
-1.61062
-1.64032
-0.942757
0
0
0
0
0
0
0
0
0
0
0
-0.188215
-1.0057
-1.45232
-1.47408
-0.810923
0
0
0
0
0
0
0
0
0
0
0
-0.106436
-0.881726
-1.18202
-1.39584
-0.733327
-0.35778
0
0
0
0
0
0
0
0
0
0
0
-0.61581
-0.913744
-1.31768
-0.807717
-0.582438
0
0
0
0
0
0
0
0
0
0
0
-0.266104
-0.702074
-1.16472
-1.03143
-0.750028
0
0
0
0
0
0
0
0
0
0
0
0
-0.588703
-1.09965
-1.18074
-1.02882
0
0
0
0
0
0
0
0
0
0
0
0
-0.527326
-1.11515
-1.2159
-1.14295
0
0
0
0
0
0
0
0
0
0
0
0
-0.625338
-1.16208
-1.31184
-1.04692
0
0
0
0
0
0
0
0
0
0
0
0
-0.725454
-1.24194
-1.28343
-0.858738
0
0
0
0
0
0
0
0
0
0
0
0
0
-1.42528
-1.31649
-0.630196
0
0
0
0
0
0
0
0
0
0
0
0
0
-1.54399
-1.31575
-0.409584
0
0
0
0
0
0
0
0
0
0
0
0
0
0
-1.27151
0
0
0
0
0
0
0
0
0
0
0
0
0
0
0
0
0
0
0
0
0
0
0
0
0
0
0
0
0
0
0
0
0
0
0
0
0
0
0
0
0
0
0
0
0
0
0
0
0
0
0
0
0
0
0
0
0
0
0
0
0
0
-2.71821
0
0
0
0
0
0
0
0
0
0
0
0
0
0
-2.57133
-2.15306
0
0
0
0
0
0
0
0
0
0
0
0
0
0
-2.06876
-1.76496
0
0
0
0
0
0
0
0
0
0
0
0
0
0
-1.77531
-1.29952
0
0
0
0
0
0
0
0
0
0
0
0
0
-1.34835
-1.34954
-0.73817
0
0
0
0
0
0
0
0
0
0
0
0
0
-1.29858
-0.961846
-0.305511
0
0
0
0
0
0
0
0
0
0
0
0
-1.05568
-1.26286
-0.661012
0
0
0
0
0
0
0
0
0
0
0
0
0
-1.14025
-1.18042
-0.60129
0
0
0
0
0
0
0
0
0
0
0
0
-0.93739
-1.18426
-1.19588
-0.598671
0
0
0
0
0
0
0
0
0
0
0
0
-0.72217
-1.07849
-1.13674
-0.83685
-0.199624
0
0
0
0
0
0
0
0
0
0
0
-0.499046
-1.01773
-1.10228
-1.09878
-0.282169
0
0
0
0
0
0
0
0
0
0
0
0
-0.760525
-1.14468
-1.35295
-0.312814
0
0
0
0
0
0
0
0
0
0
0
0
-0.47215
-1.28631
-1.5071
-0.471314
0
0
0
0
0
0
0
0
0
0
0
0
-0.162187
-1.50205
-1.67199
-0.710044
0
0
0
0
0
0
0
0
0
0
0
0
-0.0612846
-1.66582
-1.85015
-1.04452
0
0
0
0
0
0
0
0
0
0
0
0
-0.151539
-1.78781
-2.03977
-1.40209
0
0
0
0
0
0
0
0
0
0
0
0
-0.376679
-1.80188
-2.14091
-1.6851
0
0
0
0
0
0
0
0
0
0
0
0
-0.58841
-1.80565
-2.21046
-1.91621
0
0
0
0
0
0
0
0
0
0
0
0
-0.672635
-1.69224
-2.20616
-2.01877
0
0
0
0
0
0
0
0
0
0
0
0
-0.716892
-1.56748
-2.18241
-2.07948
0
0
0
0
0
0
0
0
0
0
0
0
-0.634166
-1.40361
-2.15634
-2.11807
0
0
0
0
0
0
0
0
0
0
0
0
-0.527897
-1.24349
-2.10186
-2.11162
0
0
0
0
0
0
0
0
0
0
0
0
-0.383579
-1.11406
-2.02103
-2.06832
0
0
0
0
0
0
0
0
0
0
0
0
-0.270735
-1.05322
-1.90223
-1.97985
0
0
0
0
0
0
0
0
0
0
0
0
-0.187345
-1.04082
-1.77079
-1.87086
-1.08894
0
0
0
0
0
0
0
0
0
0
0
-0.10946
-1.06835
-1.64421
-1.70929
-0.995737
0
0
0
0
0
0
0
0
0
0
0
-0.0489788
-1.0663
-1.55438
-1.54825
-0.869939
0
0
0
0
0
0
0
0
0
0
0
0
-0.951299
-1.45612
-1.33254
-0.737528
0
0
0
0
0
0
0
0
0
0
0
0
-0.822316
-1.25355
-1.21868
-0.662133
-0.52005
0
0
0
0
0
0
0
0
0
0
0
-0.557449
-0.987018
-1.17835
-0.746193
-0.703959
0
0
0
0
0
0
0
0
0
0
0
-0.221351
-0.764066
-1.08253
-1.02343
-0.824502
0
0
0
0
0
0
0
0
0
0
0
0
-0.652132
-1.05566
-1.3037
-1.06152
0
0
0
0
0
0
0
0
0
0
0
0
-0.587238
-1.10411
-1.38931
-1.25087
0
0
0
0
0
0
0
0
0
0
0
0
-0.659168
-1.19586
-1.50197
-1.20742
0
0
0
0
0
0
0
0
0
0
0
0
-0.752071
-1.24277
-1.48867
-1.03326
0
0
0
0
0
0
0
0
0
0
0
0
0
-1.41195
-1.49736
-0.865213
0
0
0
0
0
0
0
0
0
0
0
0
0
-1.49694
-1.48317
-0.634757
0
0
0
0
0
0
0
0
0
0
0
0
0
-1.47148
-1.43349
0
0
0
0
0
0
0
0
0
0
0
0
0
0
0
0
0
0
0
0
0
0
0
0
0
0
0
0
0
0
0
0
0
0
0
0
0
0
0
0
0
0
0
0
0
0
0
0
0
0
0
0
0
0
0
0
0
0
0
0
0
0
-2.79142
0
0
0
0
0
0
0
0
0
0
0
0
0
0
-2.61907
-2.3087
0
0
0
0
0
0
0
0
0
0
0
0
0
0
-2.20518
-1.89164
0
0
0
0
0
0
0
0
0
0
0
0
0
-1.4398
-1.90332
-1.42146
0
0
0
0
0
0
0
0
0
0
0
0
0
-1.46074
-1.48845
-0.854152
0
0
0
0
0
0
0
0
0
0
0
0
0
-1.38398
-1.10097
-0.431517
0
0
0
0
0
0
0
0
0
0
0
0
-1.14075
-1.32846
-0.809532
0
0
0
0
0
0
0
0
0
0
0
0
0
-1.233
-1.25406
-0.730191
0
0
0
0
0
0
0
0
0
0
0
0
-0.936942
-1.28411
-1.27422
-0.713739
-0.157448
0
0
0
0
0
0
0
0
0
0
0
-0.722855
-1.19848
-1.20167
-0.944286
-0.385154
0
0
0
0
0
0
0
0
0
0
0
-0.501207
-1.14509
-1.15938
-1.18088
-0.451348
0
0
0
0
0
0
0
0
0
0
0
0
-0.878841
-1.17585
-1.36423
-0.460921
0
0
0
0
0
0
0
0
0
0
0
0
-0.582443
-1.28289
-1.47387
-0.571273
0
0
0
0
0
0
0
0
0
0
0
0
-0.258245
-1.45547
-1.6244
-0.71286
0
0
0
0
0
0
0
0
0
0
0
0
-0.141445
-1.58809
-1.80471
-0.967945
0
0
0
0
0
0
0
0
0
0
0
0
-0.223732
-1.70134
-1.99585
-1.27983
0
0
0
0
0
0
0
0
0
0
0
0
-0.434977
-1.71388
-2.09707
-1.55606
0
0
0
0
0
0
0
0
0
0
0
0
-0.633493
-1.71817
-2.16311
-1.78286
0
0
0
0
0
0
0
0
0
0
0
0
-0.673024
-1.5914
-2.16022
-1.89799
0
0
0
0
0
0
0
0
0
0
0
0
-0.676224
-1.44572
-2.1352
-1.96912
0
0
0
0
0
0
0
0
0
0
0
0
-0.538486
-1.25713
-2.10506
-2.01875
0
0
0
0
0
0
0
0
0
0
0
0
-0.383503
-1.07036
-2.04183
-2.01562
0
0
0
0
0
0
0
0
0
0
0
0
-0.206635
-0.925894
-1.94574
-1.96358
0
0
0
0
0
0
0
0
0
0
0
0
-0.0776026
-0.866217
-1.81991
-1.8669
0
0
0
0
0
0
0
0
0
0
0
0
0
-0.87766
-1.68416
-1.75092
0
0
0
0
0
0
0
0
0
0
0
0
0
-0.947015
-1.56408
-1.58996
0
0
0
0
0
0
0
0
0
0
0
0
0
-0.981334
-1.49736
-1.42913
-0.737115
0
0
0
0
0
0
0
0
0
0
0
0
-0.878249
-1.43658
-1.18348
-0.619451
0
0
0
0
0
0
0
0
0
0
0
0
-0.7513
-1.29695
-1.03857
-0.57075
-0.638966
0
0
0
0
0
0
0
0
0
0
0
-0.488089
-1.04342
-1.01723
-0.6954
-0.789449
0
0
0
0
0
0
0
0
0
0
0
-0.169651
-0.81746
-0.990471
-1.01483
-0.886299
0
0
0
0
0
0
0
0
0
0
0
0
-0.705653
-1.01871
-1.39431
-1.09031
0
0
0
0
0
0
0
0
0
0
0
0
-0.645159
-1.09954
-1.52959
-1.32293
0
0
0
0
0
0
0
0
0
0
0
0
-0.696319
-1.23049
-1.65231
-1.3373
0
0
0
0
0
0
0
0
0
0
0
0
-0.779341
-1.25601
-1.64789
-1.17728
0
0
0
0
0
0
0
0
0
0
0
0
0
-1.40704
-1.64354
-1.05199
0
0
0
0
0
0
0
0
0
0
0
0
0
-1.46178
-1.61469
-0.818489
0
0
0
0
0
0
0
0
0
0
0
0
0
-1.41486
-1.55846
-0.653627
0
0
0
0
0
0
0
0
0
0
0
0
0
0
-1.43946
0
0
0
0
0
0
0
0
0
0
0
0
0
0
0
0
0
0
0
0
0
0
0
0
0
0
0
0
0
0
0
0
0
0
0
0
0
0
0
0
0
0
0
0
0
0
-2.82816
0
0
0
0
0
0
0
0
0
0
0
0
0
0
-2.63017
-2.37824
0
0
0
0
0
0
0
0
0
0
0
0
0
0
-2.25775
-1.92862
0
0
0
0
0
0
0
0
0
0
0
0
0
-1.6355
-1.94802
-1.4471
0
0
0
0
0
0
0
0
0
0
0
0
0
-1.56553
-1.5435
-0.878753
0
0
0
0
0
0
0
0
0
0
0
0
0
-1.42941
-1.16722
-0.480957
0
0
0
0
0
0
0
0
0
0
0
0
-1.15447
-1.32604
-0.896448
-0.103837
0
0
0
0
0
0
0
0
0
0
0
0
-1.25236
-1.23724
-0.81359
-0.175938
0
0
0
0
0
0
0
0
0
0
0
-0.845431
-1.31208
-1.24131
-0.797229
-0.405549
0
0
0
0
0
0
0
0
0
0
0
-0.647089
-1.24237
-1.14825
-0.994742
-0.587674
0
0
0
0
0
0
0
0
0
0
0
-0.442418
-1.19394
-1.08794
-1.18948
-0.633751
0
0
0
0
0
0
0
0
0
0
0
0
-0.922468
-1.07101
-1.30665
-0.61379
0
0
0
0
0
0
0
0
0
0
0
0
-0.621094
-1.13985
-1.38679
-0.680211
0
0
0
0
0
0
0
0
0
0
0
0
-0.282673
-1.27725
-1.53554
-0.754431
0
0
0
0
0
0
0
0
0
0
0
0
-0.164628
-1.39713
-1.72449
-0.951114
0
0
0
0
0
0
0
0
0
0
0
0
-0.261214
-1.51723
-1.9242
-1.22567
0
0
0
0
0
0
0
0
0
0
0
0
-0.50708
-1.54324
-2.02442
-1.48037
0
0
0
0
0
0
0
0
0
0
0
0
-0.730855
-1.56163
-2.08581
-1.68779
0
0
0
0
0
0
0
0
0
0
0
0
-0.781942
-1.44054
-2.0741
-1.78617
0
0
0
0
0
0
0
0
0
0
0
0
-0.790587
-1.29664
-2.03831
-1.84108
0
0
0
0
0
0
0
0
0
0
0
0
-0.627727
-1.09951
-1.99801
-1.87287
0
0
0
0
0
0
0
0
0
0
0
0
-0.427672
-0.896435
-1.92096
-1.85355
0
0
0
0
0
0
0
0
0
0
0
0
-0.161741
-0.726332
-1.80611
-1.78249
0
0
0
0
0
0
0
0
0
0
0
0
0
-0.642786
-1.66854
-1.67556
0
0
0
0
0
0
0
0
0
0
0
0
0
-0.639512
-1.52364
-1.55279
0
0
0
0
0
0
0
0
0
0
0
0
0
-0.717495
-1.40691
-1.39765
0
0
0
0
0
0
0
0
0
0
0
0
0
-0.765905
-1.35078
-1.24644
0
0
0
0
0
0
0
0
0
0
0
0
0
-0.674458
-1.31097
-1.0082
-0.467574
0
0
0
0
0
0
0
0
0
0
0
0
-0.552638
-1.21702
-0.874717
-0.444402
0
0
0
0
0
0
0
0
0
0
0
0
-0.301527
-0.996785
-0.90289
-0.616621
-0.704693
0
0
0
0
0
0
0
0
0
0
0
0
-0.793961
-0.953379
-0.96777
-0.806909
0
0
0
0
0
0
0
0
0
0
0
0
-0.701369
-1.02093
-1.40558
-1.01355
0
0
0
0
0
0
0
0
0
0
0
0
-0.644821
-1.1031
-1.57737
-1.29192
0
0
0
0
0
0
0
0
0
0
0
0
-0.665461
-1.23077
-1.70681
-1.3764
0
0
0
0
0
0
0
0
0
0
0
0
-0.721554
-1.22514
-1.70969
-1.25434
0
0
0
0
0
0
0
0
0
0
0
0
0
-1.33672
-1.7054
-1.18767
0
0
0
0
0
0
0
0
0
0
0
0
0
-1.36086
-1.67059
-0.97511
0
0
0
0
0
0
0
0
0
0
0
0
0
0
-1.61974
-0.858268
0
0
0
0
0
0
0
0
0
0
0
0
0
0
-1.5111
0
0
0
0
0
0
0
0
0
0
0
0
0
0
0
0
0
0
0
0
0
0
0
0
0
0
0
0
0
0
0
0
0
0
0
0
0
0
0
0
0
0
0
0
0
0
-2.89549
0
0
0
0
0
0
0
0
0
0
0
0
0
0
-2.6778
-2.44652
0
0
0
0
0
0
0
0
0
0
0
0
0
-2.10277
-2.31435
-1.97296
0
0
0
0
0
0
0
0
0
0
0
0
0
-1.81878
-2.00092
-1.47754
0
0
0
0
0
0
0
0
0
0
0
0
0
-1.68265
-1.60145
-0.902793
0
0
0
0
0
0
0
0
0
0
0
0
0
-1.4925
-1.23251
-0.521527
0
0
0
0
0
0
0
0
0
0
0
0
-1.18058
-1.34092
-0.973687
-0.19665
0
0
0
0
0
0
0
0
0
0
0
0
-1.27902
-1.22598
-0.890751
-0.333025
0
0
0
0
0
0
0
0
0
0
0
-0.762283
-1.34195
-1.206
-0.874475
-0.602163
0
0
0
0
0
0
0
0
0
0
0
-0.578611
-1.27799
-1.09025
-1.03763
-0.760484
0
0
0
0
0
0
0
0
0
0
0
-0.387856
-1.23088
-1.00375
-1.19476
-0.792206
0
0
0
0
0
0
0
0
0
0
0
0
-0.955165
-0.942345
-1.25603
-0.741212
0
0
0
0
0
0
0
0
0
0
0
0
-0.647393
-0.963978
-1.30319
-0.763776
0
0
0
0
0
0
0
0
0
0
0
0
-0.29393
-1.06687
-1.43776
-0.771599
0
0
0
0
0
0
0
0
0
0
0
0
-0.17423
-1.1811
-1.62436
-0.900557
0
0
0
0
0
0
0
0
0
0
0
0
-0.284758
-1.31161
-1.82612
-1.12186
0
0
0
0
0
0
0
0
0
0
0
0
-0.564832
-1.35162
-1.91992
-1.34169
0
0
0
0
0
0
0
0
0
0
0
0
-0.813104
-1.38418
-1.97224
-1.5203
0
0
0
0
0
0
0
0
0
0
0
0
-0.878464
-1.26935
-1.94748
-1.59598
0
0
0
0
0
0
0
0
0
0
0
0
-0.895054
-1.12979
-1.89728
-1.62744
0
0
0
0
0
0
0
0
0
0
0
0
-0.715129
-0.926009
-1.84495
-1.63134
0
0
0
0
0
0
0
0
0
0
0
0
-0.478381
-0.708182
-1.75198
-1.58439
0
0
0
0
0
0
0
0
0
0
0
0
-0.124909
-0.509613
-1.61492
-1.48409
0
0
0
0
0
0
0
0
0
0
0
0
0
-0.39639
-1.46593
-1.36862
0
0
0
0
0
0
0
0
0
0
0
0
0
-0.36748
-1.317
-1.24862
0
0
0
0
0
0
0
0
0
0
0
0
0
-0.44143
-1.21885
-1.11651
0
0
0
0
0
0
0
0
0
0
0
0
0
-0.492588
-1.1894
-0.992409
0
0
0
0
0
0
0
0
0
0
0
0
0
-0.414884
-1.17538
-0.788891
0
0
0
0
0
0
0
0
0
0
0
0
0
-0.306159
-1.11915
-0.699422
-0.273265
0
0
0
0
0
0
0
0
0
0
0
0
-0.0802937
-0.933983
-0.795463
-0.525202
-0.572822
0
0
0
0
0
0
0
0
0
0
0
0
-0.762964
-0.915577
-0.927732
-0.699272
0
0
0
0
0
0
0
0
0
0
0
0
-0.694851
-1.02067
-1.41106
-0.935635
0
0
0
0
0
0
0
0
0
0
0
0
-0.642711
-1.1075
-1.60985
-1.26142
0
0
0
0
0
0
0
0
0
0
0
0
-0.643329
-1.2295
-1.75056
-1.40273
0
0
0
0
0
0
0
0
0
0
0
0
-0.676709
-1.2018
-1.76113
-1.32059
0
0
0
0
0
0
0
0
0
0
0
0
0
-1.27994
-1.76345
-1.30259
0
0
0
0
0
0
0
0
0
0
0
0
0
-1.27791
-1.7302
-1.11184
0
0
0
0
0
0
0
0
0
0
0
0
0
0
-1.68786
-1.03162
0
0
0
0
0
0
0
0
0
0
0
0
0
0
-1.58608
0
0
0
0
0
0
0
0
0
0
0
0
0
0
0
0
0
0
0
0
0
0
0
0
0
0
0
0
0
0
0
0
0
0
0
0
0
0
0
0
0
0
0
0
0
0
-2.86752
0
0
0
0
0
0
0
0
0
0
0
0
0
0
-2.65721
-2.39089
0
0
0
0
0
0
0
0
0
0
0
0
0
-2.39172
-2.27042
-1.90262
0
0
0
0
0
0
0
0
0
0
0
0
0
-2.03996
-1.95822
-1.39398
0
0
0
0
0
0
0
0
0
0
0
0
0
-1.83586
-1.56364
-0.814839
0
0
0
0
0
0
0
0
0
0
0
0
0
-1.57319
-1.21352
-0.468851
0
0
0
0
0
0
0
0
0
0
0
0
-1.12593
-1.35007
-0.987661
-0.237619
0
0
0
0
0
0
0
0
0
0
0
0
-1.20985
-1.18011
-0.937361
-0.453329
0
0
0
0
0
0
0
0
0
0
0
0
-1.26384
-1.11378
-0.947106
-0.768484
0
0
0
0
0
0
0
0
0
0
0
0
-1.19413
-0.970817
-1.07318
-0.918086
0
0
0
0
0
0
0
0
0
0
0
0
-1.14523
-0.850574
-1.19772
-0.932285
0
0
0
0
0
0
0
0
0
0
0
0
-0.869975
-0.751175
-1.21141
-0.843405
0
0
0
0
0
0
0
0
0
0
0
0
-0.561777
-0.737992
-1.2244
-0.82537
0
0
0
0
0
0
0
0
0
0
0
0
-0.209646
-0.825077
-1.34522
-0.784764
0
0
0
0
0
0
0
0
0
0
0
0
-0.107188
-0.946181
-1.52912
-0.8632
0
0
0
0
0
0
0
0
0
0
0
0
-0.241043
-1.08994
-1.73477
-1.04353
0
0
0
0
0
0
0
0
0
0
0
0
-0.569632
-1.1529
-1.82055
-1.23332
0
0
0
0
0
0
0
0
0
0
0
0
-0.851478
-1.20959
-1.86195
-1.38808
0
0
0
0
0
0
0
0
0
0
0
0
-0.959088
-1.12901
-1.82495
-1.44245
0
0
0
0
0
0
0
0
0
0
0
0
-1.00754
-1.02814
-1.76301
-1.45081
0
0
0
0
0
0
0
0
0
0
0
0
-0.846094
-0.853579
-1.70588
-1.42673
0
0
0
0
0
0
0
0
0
0
0
0
-0.614038
-0.658431
-1.60291
-1.34687
0
0
0
0
0
0
0
0
0
0
0
0
-0.221261
-0.453756
-1.44595
-1.2065
0
0
0
0
0
0
0
0
0
0
0
0
0
-0.314187
-1.27485
-1.06314
0
0
0
0
0
0
0
0
0
0
0
0
0
-0.23912
-1.10178
-0.925827
0
0
0
0
0
0
0
0
0
0
0
0
0
-0.257734
-0.999739
-0.813521
0
0
0
0
0
0
0
0
0
0
0
0
0
-0.254476
-0.972072
-0.715258
0
0
0
0
0
0
0
0
0
0
0
0
0
-0.150545
-0.97495
-0.592567
0
0
0
0
0
0
0
0
0
0
0
0
0
-0.0246155
-0.934972
-0.593871
0
0
0
0
0
0
0
0
0
0
0
0
0
0
-0.791255
-0.778752
-0.429405
-0.369965
0
0
0
0
0
0
0
0
0
0
0
0
-0.664755
-0.933555
-0.871305
-0.540548
0
0
0
0
0
0
0
0
0
0
-0.574506
0
-0.628023
-1.02879
-1.365
-0.829955
0
0
0
0
0
0
0
0
0
0
-0.818083
0
-0.574926
-1.09098
-1.56198
-1.19963
0
0
0
0
0
0
0
0
0
0
0
0
-0.553196
-1.17542
-1.7057
-1.37204
0
0
0
0
0
0
0
0
0
0
0
0
-0.561364
-1.12363
-1.71964
-1.32647
0
0
0
0
0
0
0
0
0
0
0
0
0
-1.16784
-1.72829
-1.3468
0
0
0
0
0
0
0
0
0
0
0
0
0
-1.15013
-1.70483
-1.18041
0
0
0
0
0
0
0
0
0
0
0
0
0
0
-1.67325
-1.13509
0
0
0
0
0
0
0
0
0
0
0
0
0
0
-1.57439
-1.05731
0
0
0
0
0
0
0
0
0
0
0
0
0
0
0
0
0
0
0
0
0
0
0
0
0
0
0
0
0
0
0
0
0
0
0
0
0
0
0
0
0
0
0
0
0
-2.88644
0
0
0
0
0
0
0
0
0
0
0
0
0
0
-2.6834
-2.34535
0
0
0
0
0
0
0
0
0
0
0
0
0
-2.68021
-2.23982
-1.84445
0
0
0
0
0
0
0
0
0
0
0
0
0
-2.24525
-1.93324
-1.31579
0
0
0
0
0
0
0
0
0
0
0
0
0
-1.99632
-1.53984
-0.7254
0
0
0
0
0
0
0
0
0
0
0
0
0
-1.67091
-1.20602
-0.411373
0
0
0
0
0
0
0
0
0
0
0
0
-1.08753
-1.37999
-1.00334
-0.273194
0
0
0
0
0
0
0
0
0
0
0
0
-1.15109
-1.14324
-0.983495
-0.548046
0
0
0
0
0
0
0
0
0
0
0
0
-1.19052
-1.01923
-1.01186
-0.896375
0
0
0
0
0
0
0
0
0
0
0
0
-1.10558
-0.843419
-1.0997
-1.05624
0
0
0
0
0
0
0
0
0
0
0
0
-1.05184
-0.676006
-1.19714
-1.05588
0
0
0
0
0
0
0
0
0
0
0
0
-0.778622
-0.521208
-1.17505
-0.921432
0
0
0
0
0
0
0
0
0
0
0
0
-0.469319
-0.456476
-1.15046
-0.85834
0
0
0
0
0
0
0
0
0
0
0
0
-0.118778
-0.523788
-1.24593
-0.769147
0
0
0
0
0
0
0
0
0
0
0
0
-0.0340198
-0.662155
-1.41734
-0.793354
0
0
0
0
0
0
0
0
0
0
0
0
-0.189749
-0.828476
-1.62137
-0.924628
0
0
0
0
0
0
0
0
0
0
0
0
-0.564495
-0.924671
-1.69512
-1.07836
0
0
0
0
0
0
0
0
0
0
0
0
-0.877749
-1.01334
-1.72269
-1.20597
0
0
0
0
0
0
0
0
0
0
0
0
-1.02379
-0.976521
-1.6709
-1.2372
0
0
0
0
0
0
0
0
0
0
0
0
-1.0988
-0.922617
-1.59534
-1.21818
0
0
0
0
0
0
0
0
0
0
0
0
-0.951603
-0.782933
-1.53325
-1.15612
0
0
0
0
0
0
0
0
0
0
0
0
-0.721819
-0.616269
-1.41941
-1.02716
0
0
0
0
0
0
0
0
0
0
0
0
-0.297503
-0.411653
-1.23874
-0.822499
0
0
0
0
0
0
0
0
0
0
0
0
0
-0.249666
-1.04004
-0.630209
0
0
0
0
0
0
0
0
0
0
0
0
0
-0.122777
-0.835809
-0.459874
0
0
0
0
0
0
0
0
0
0
0
0
0
0
-0.733299
-0.386098
0
0
0
0
0
0
0
0
0
0
0
0
0
0
-0.712912
-0.336743
0
0
0
0
0
0
0
0
0
0
0
0
0
0
-0.739155
-0.352529
0
0
0
0
0
0
0
0
0
0
0
0
0
0
-0.711544
-0.486655
0
0
0
0
0
0
0
0
0
0
0
0
0
0
-0.620837
-0.769593
-0.32227
0
0
0
0
0
0
0
0
0
0
0
-0.26731
0
-0.553069
-0.942408
-0.821366
-0.349257
0
0
0
0
0
0
0
0
0
0
-0.695849
0
-0.555432
-1.02832
-1.31445
-0.722209
0
0
0
0
0
0
0
0
0
0
-0.952087
0
-0.501813
-1.07293
-1.50256
-1.13853
0
0
0
0
0
0
0
0
0
0
0
0
-0.465083
-1.11836
-1.65616
-1.33086
0
0
0
0
0
0
0
0
0
0
0
0
0
-1.04896
-1.6754
-1.32775
0
0
0
0
0
0
0
0
0
0
0
0
0
-1.05922
-1.69888
-1.38524
0
0
0
0
0
0
0
0
0
0
0
0
0
-1.02682
-1.69398
-1.25027
0
0
0
0
0
0
0
0
0
0
0
0
0
0
-1.67865
-1.24218
0
0
0
0
0
0
0
0
0
0
0
0
0
0
-1.58029
-1.18181
0
0
0
0
0
0
0
0
0
0
0
0
0
0
0
0
0
0
0
0
0
0
0
0
0
0
0
0
0
0
0
0
0
0
0
0
0
0
0
0
0
0
0
0
0
-2.82754
0
0
0
0
0
0
0
0
0
0
0
0
0
0
-2.65579
-2.18439
0
0
0
0
0
0
0
0
0
0
0
0
0
-2.93356
-2.12278
-1.68451
0
0
0
0
0
0
0
0
0
0
0
0
0
-2.39373
-1.83315
-1.14211
0
0
0
0
0
0
0
0
0
0
0
0
0
-2.12522
-1.45171
-0.551248
0
0
0
0
0
0
0
0
0
0
0
0
0
-1.76421
-1.15089
-0.270912
0
0
0
0
0
0
0
0
0
0
0
0
-0.99879
-1.43077
-0.978124
-0.223062
0
0
0
0
0
0
0
0
0
0
0
0
-1.03537
-1.13583
-0.994555
-0.537596
0
0
0
0
0
0
0
0
0
0
0
0
-1.05841
-0.957073
-1.04414
-0.903485
0
0
0
0
0
0
0
0
0
0
0
0
-0.956409
-0.764248
-1.10219
-1.09614
0
0
0
0
0
0
0
0
0
0
0
0
-0.89991
-0.566102
-1.1847
-1.1025
0
0
0
0
0
0
0
0
0
0
0
0
-0.651147
-0.380767
-1.16109
-0.932363
0
0
0
0
0
0
0
0
0
0
0
0
-0.371992
-0.292204
-1.12283
-0.835109
0
0
0
0
0
0
0
0
0
0
0
0
-0.0686639
-0.360556
-1.19204
-0.720649
0
0
0
0
0
0
0
0
0
0
0
0
0
-0.529652
-1.34426
-0.722679
0
0
0
0
0
0
0
0
0
0
0
0
-0.138352
-0.720778
-1.54088
-0.831628
0
0
0
0
0
0
0
0
0
0
0
0
-0.49237
-0.841804
-1.61157
-0.984759
0
0
0
0
0
0
0
0
0
0
0
0
-0.796924
-0.949712
-1.64085
-1.12423
0
0
0
0
0
0
0
0
0
0
0
0
-0.964577
-0.93789
-1.59205
-1.16981
0
0
0
0
0
0
0
0
0
0
0
0
-1.05535
-0.911996
-1.52216
-1.16217
0
0
0
0
0
0
0
0
0
0
0
0
-0.925755
-0.799804
-1.46452
-1.08626
0
0
0
0
0
0
0
0
0
0
0
0
-0.708307
-0.666976
-1.35206
-0.929516
0
0
0
0
0
0
0
0
0
0
0
0
-0.287835
-0.499822
-1.1649
-0.67136
0
0
0
0
0
0
0
0
0
0
0
0
0
-0.370596
-0.950429
0
0
0
0
0
0
0
0
0
0
0
0
0
0
-0.262594
-0.721162
0
0
0
0
0
0
0
0
0
0
0
0
0
0
-0.154405
-0.600792
0
0
0
0
0
0
0
0
0
0
0
0
0
0
0
-0.554957
-0.0437608
0
0
0
0
0
0
0
0
0
0
0
0
0
0
-0.562097
-0.191615
0
0
0
0
0
0
0
0
0
0
0
0
0
0
-0.499506
-0.433052
0
0
0
0
0
0
0
0
0
0
0
0
0
0
-0.429148
-0.755933
-0.251829
0
0
0
0
0
0
0
0
0
0
0
0
0
-0.392281
-0.903664
-0.776634
-0.236589
0
0
0
0
0
0
0
0
0
0
-0.62931
0
-0.408896
-0.970789
-1.22441
-0.671113
0
0
0
0
0
0
0
0
0
0
-0.897996
0
-0.349936
-1.00016
-1.38954
-1.07321
0
0
0
0
0
0
0
0
0
0
0
0
-0.315954
-1.00599
-1.54889
-1.24167
0
0
0
0
0
0
0
0
0
0
0
0
0
-0.937083
-1.56399
-1.25861
0
0
0
0
0
0
0
0
0
0
0
0
0
-0.925139
-1.60425
-1.32178
0
0
0
0
0
0
0
0
0
0
0
0
0
0
-1.61624
-1.2176
0
0
0
0
0
0
0
0
0
0
0
0
0
0
-1.61171
-1.23012
0
0
0
0
0
0
0
0
0
0
0
0
0
0
-1.51176
-1.18338
0
0
0
0
0
0
0
0
0
0
0
0
0
0
0
0
0
0
0
0
0
0
0
0
0
0
0
0
0
0
0
0
0
0
0
0
0
0
0
0
0
0
0
0
0
0
0
0
0
0
0
0
0
0
0
0
0
0
0
0
-2.67784
-1.99708
0
0
0
0
0
0
0
0
0
0
0
0
0
0
-2.003
-1.48432
0
0
0
0
0
0
0
0
0
0
0
0
0
-2.57064
-1.72351
-0.92639
0
0
0
0
0
0
0
0
0
0
0
0
0
-2.26511
-1.36419
-0.345223
0
0
0
0
0
0
0
0
0
0
0
0
0
-1.87898
-1.10765
-0.110243
0
0
0
0
0
0
0
0
0
0
0
0
0
-1.50099
-0.961927
-0.169173
0
0
0
0
0
0
0
0
0
0
0
0
-0.909837
-1.1466
-1.00524
-0.523104
0
0
0
0
0
0
0
0
0
0
0
0
-0.914839
-0.896523
-1.07691
-0.894488
0
0
0
0
0
0
0
0
0
0
0
0
-0.793953
-0.683209
-1.09973
-1.11836
0
0
0
0
0
0
0
0
0
0
0
0
-0.727189
-0.45279
-1.15851
-1.15772
0
0
0
0
0
0
0
0
0
0
0
0
-0.511639
-0.227689
-1.13558
-0.952502
0
0
0
0
0
0
0
0
0
0
0
0
-0.277503
-0.102818
-1.10441
-0.805815
0
0
0
0
0
0
0
0
0
0
0
0
-0.0313322
-0.162388
-1.15358
-0.6559
0
0
0
0
0
0
0
0
0
0
0
0
0
-0.373551
-1.2801
-0.634914
0
0
0
0
0
0
0
0
0
0
0
0
-0.0900981
-0.609175
-1.45992
-0.721913
0
0
0
0
0
0
0
0
0
0
0
0
-0.411089
-0.77027
-1.52094
-0.870812
0
0
0
0
0
0
0
0
0
0
0
0
-0.69809
-0.904265
-1.54889
-1.01546
0
0
0
0
0
0
0
0
0
0
0
0
-0.885142
-0.918579
-1.50161
-1.06998
0
0
0
0
0
0
0
0
0
0
0
0
-0.990635
-0.919481
-1.43732
-1.07182
0
0
0
0
0
0
0
0
0
0
0
0
-0.879092
-0.832671
-1.38429
-0.986278
0
0
0
0
0
0
0
0
0
0
0
0
-0.67498
-0.730493
-1.27532
-0.810608
0
0
0
0
0
0
0
0
0
0
0
0
-0.261189
-0.59529
-1.08686
-0.508496
0
0
0
0
0
0
0
0
0
0
0
0
0
-0.487883
-0.864468
0
0
0
0
0
0
0
0
0
0
0
0
0
0
-0.383683
-0.616755
0
0
0
0
0
0
0
0
0
0
0
0
0
0
-0.230379
-0.47616
0
0
0
0
0
0
0
0
0
0
0
0
0
0
0
-0.380728
0
0
0
0
0
0
0
0
0
0
0
0
0
0
0
-0.339767
-0.0258579
0
0
0
0
0
0
0
0
0
0
0
0
0
0
-0.235118
-0.388913
0
0
0
0
0
0
0
0
0
0
0
0
0
0
-0.202367
-0.72841
-0.195772
0
0
0
0
0
0
0
0
0
0
0
0
0
-0.207208
-0.852995
-0.732879
-0.127262
0
0
0
0
0
0
0
0
0
0
0
0
-0.235862
-0.911025
-1.11253
-0.632341
0
0
0
0
0
0
0
0
0
0
0
0
-0.177333
-0.9239
-1.26432
-0.989215
0
0
0
0
0
0
0
0
0
0
0
0
0
-0.884683
-1.43266
-1.14354
0
0
0
0
0
0
0
0
0
0
0
0
0
-0.824031
-1.44116
-1.18774
0
0
0
0
0
0
0
0
0
0
0
0
0
-0.773825
-1.51288
-1.25516
0
0
0
0
0
0
0
0
0
0
0
0
0
0
-1.54099
-1.19947
0
0
0
0
0
0
0
0
0
0
0
0
0
0
-1.54707
-1.23317
0
0
0
0
0
0
0
0
0
0
0
0
0
0
0
0
0
0
0
0
0
0
0
0
0
0
0
0
0
0
0
0
0
0
0
0
0
0
0
0
0
0
0
0
0
0
0
0
0
0
0
0
0
0
0
0
0
0
0
0
0
0
0
0
0
0
0
0
0
0
0
0
0
0
0
0
0
-1.79759
0
0
0
0
0
0
0
0
0
0
0
0
0
0
-1.87486
-1.24111
0
0
0
0
0
0
0
0
0
0
0
0
0
-2.63947
-1.57477
0
0
0
0
0
0
0
0
0
0
0
0
0
0
-2.26988
-1.25996
0
0
0
0
0
0
0
0
0
0
0
0
0
0
-1.90422
-1.03765
0
0
0
0
0
0
0
0
0
0
0
0
0
0
-1.51099
-0.900342
0
0
0
0
0
0
0
0
0
0
0
0
0
-0.798139
-1.13977
-0.934778
-0.374273
0
0
0
0
0
0
0
0
0
0
0
0
-0.799182
-0.845289
-1.02068
-0.731543
0
0
0
0
0
0
0
0
0
0
0
0
-0.684463
-0.626923
-1.02304
-0.984578
0
0
0
0
0
0
0
0
0
0
0
0
-0.613679
-0.404218
-1.06387
-1.09934
0
0
0
0
0
0
0
0
0
0
0
0
-0.456936
-0.169198
-1.05523
-0.912536
0
0
0
0
0
0
0
0
0
0
0
0
-0.312927
-0.0411821
-1.0735
-0.737622
0
0
0
0
0
0
0
0
0
0
0
0
-0.170538
-0.111104
-1.13725
-0.573129
0
0
0
0
0
0
0
0
0
0
0
0
-0.134669
-0.365142
-1.2514
-0.569172
0
0
0
0
0
0
0
0
0
0
0
0
-0.182233
-0.64972
-1.41363
-0.679443
0
0
0
0
0
0
0
0
0
0
0
0
-0.364984
-0.833816
-1.4734
-0.865494
0
0
0
0
0
0
0
0
0
0
0
0
-0.550343
-0.974459
-1.51403
-1.04531
0
0
0
0
0
0
0
0
0
0
0
0
-0.693667
-0.962199
-1.47188
-1.12314
0
0
0
0
0
0
0
0
0
0
0
0
-0.773038
-0.938375
-1.41736
-1.14883
0
0
0
0
0
0
0
0
0
0
0
0
-0.662866
-0.833553
-1.3623
-1.06666
0
0
0
0
0
0
0
0
0
0
0
0
-0.462707
-0.728522
-1.26035
-0.897558
0
0
0
0
0
0
0
0
0
0
0
0
-0.0617383
-0.618362
-1.09165
-0.597334
0
0
0
0
0
0
0
0
0
0
0
0
0
-0.542525
-0.896905
-0.239751
0
0
0
0
0
0
0
0
0
0
0
0
0
-0.477048
-0.680749
0
0
0
0
0
0
0
0
0
0
0
0
0
0
-0.342177
-0.543407
0
0
0
0
0
0
0
0
0
0
0
0
0
0
-0.178877
-0.394991
0
0
0
0
0
0
0
0
0
0
0
0
0
0
0
-0.25193
0
0
0
0
0
0
0
0
0
0
0
0
0
0
0
-0.0700756
-0.341419
0
0
0
0
0
0
0
0
0
0
0
0
0
0
-0.00803639
-0.619565
-0.195019
0
0
0
0
0
0
0
0
0
0
0
0
0
0
-0.726165
-0.662083
-0.0941348
0
0
0
0
0
0
0
0
0
0
0
0
0
-0.796583
-0.954049
-0.619125
0
0
0
0
0
0
0
0
0
0
0
0
0
-0.802879
-1.10565
-0.87662
0
0
0
0
0
0
0
0
0
0
0
0
0
-0.753544
-1.28043
-1.01541
0
0
0
0
0
0
0
0
0
0
0
0
0
-0.725008
-1.28669
-1.06377
0
0
0
0
0
0
0
0
0
0
0
0
0
0
-1.39993
-1.11547
0
0
0
0
0
0
0
0
0
0
0
0
0
0
-1.43847
-1.10756
0
0
0
0
0
0
0
0
0
0
0
0
0
0
-1.4343
-1.14365
0
0
0
0
0
0
0
0
0
0
0
0
0
0
0
0
0
0
0
0
0
0
0
0
0
0
0
0
0
0
0
0
0
0
0
0
0
0
0
0
0
0
0
0
0
0
0
0
0
0
0
0
0
0
0
0
0
0
0
0
0
0
0
0
0
0
0
0
0
0
0
0
0
0
0
0
0
0
0
0
0
0
0
0
0
0
0
0
0
0
0
0
0
0
0
0
0
0
0
0
0
0
0
0
0
0
0
-2.79778
0
0
0
0
0
0
0
0
0
0
0
0
0
0
0
-2.28575
-1.13295
0
0
0
0
0
0
0
0
0
0
0
0
0
0
-1.94669
-0.959449
0
0
0
0
0
0
0
0
0
0
0
0
0
0
-1.53745
-0.860026
0
0
0
0
0
0
0
0
0
0
0
0
0
0
-1.15615
-0.867872
-0.210191
0
0
0
0
0
0
0
0
0
0
0
0
-0.653015
-0.815984
-0.963889
-0.553835
0
0
0
0
0
0
0
0
0
0
0
0
-0.573882
-0.569728
-0.955637
-0.8146
0
0
0
0
0
0
0
0
0
0
0
0
-0.50723
-0.358772
-0.968809
-1.00046
0
0
0
0
0
0
0
0
0
0
0
0
-0.406709
-0.122193
-0.948797
-0.893068
0
0
0
0
0
0
0
0
0
0
0
0
-0.353582
0
-1.00451
-0.711567
0
0
0
0
0
0
0
0
0
0
0
0
-0.308482
-0.0538829
-1.11984
-0.517392
0
0
0
0
0
0
0
0
0
0
0
0
-0.282859
-0.331469
-1.25616
-0.508814
0
0
0
0
0
0
0
0
0
0
0
0
-0.278957
-0.654061
-1.41069
-0.629468
0
0
0
0
0
0
0
0
0
0
0
0
-0.329645
-0.868103
-1.46548
-0.842714
0
0
0
0
0
0
0
0
0
0
0
0
-0.393289
-1.02921
-1.51023
-1.04586
0
0
0
0
0
0
0
0
0
0
0
0
-0.473074
-1.00098
-1.46643
-1.13662
0
0
0
0
0
0
0
0
0
0
0
0
-0.511703
-0.954858
-1.41832
-1.17636
0
0
0
0
0
0
0
0
0
0
0
0
-0.404019
-0.826361
-1.36365
-1.09814
0
0
0
0
0
0
0
0
0
0
0
0
-0.21206
-0.706999
-1.27457
-0.937289
0
0
0
0
0
0
0
0
0
0
0
0
0
-0.609377
-1.13314
-0.643373
0
0
0
0
0
0
0
0
0
0
0
0
0
-0.556567
-0.970908
-0.279834
0
0
0
0
0
0
0
0
0
0
0
0
0
-0.531665
-0.778758
0
0
0
0
0
0
0
0
0
0
0
0
0
0
-0.427611
-0.614004
0
0
0
0
0
0
0
0
0
0
0
0
0
0
-0.309341
-0.376392
0
0
0
0
0
0
0
0
0
0
0
0
0
0
-0.0233436
-0.13854
0
0
0
0
0
0
0
0
0
0
0
0
0
0
0
0
-0.259595
0
0
0
0
0
0
0
0
0
0
0
0
0
0
0
-0.483507
-0.212939
0
0
0
0
0
0
0
0
0
0
0
0
0
0
-0.597812
-0.547912
-0.0993158
0
0
0
0
0
0
0
0
0
0
0
0
0
-0.681587
-0.776708
-0.575394
0
0
0
0
0
0
0
0
0
0
0
0
0
-0.665981
-0.935983
-0.745065
0
0
0
0
0
0
0
0
0
0
0
0
0
-0.624861
-1.09763
-0.886498
0
0
0
0
0
0
0
0
0
0
0
0
0
-0.611471
-1.12134
-0.920453
0
0
0
0
0
0
0
0
0
0
0
0
0
0
-1.26529
-0.971341
0
0
0
0
0
0
0
0
0
0
0
0
0
0
-1.31738
-1.00203
0
0
0
0
0
0
0
0
0
0
0
0
0
0
0
-1.03961
0
0
0
0
0
0
0
0
0
0
0
0
0
0
0
0
0
0
0
0
0
0
0
0
0
0
0
0
0
0
0
0
0
0
0
0
0
0
0
0
0
0
0
0
0
0
0
0
0
0
0
0
0
0
0
0
0
0
0
0
0
0
0
0
0
0
0
0
0
0
0
0
0
0
0
0
0
0
0
0
0
0
0
0
0
0
0
0
0
0
0
0
0
0
0
0
0
0
0
0
0
0
0
0
0
0
0
0
0
0
0
0
0
0
0
0
0
0
0
0
0
0
0
-2.22215
0
0
0
0
0
0
0
0
0
0
0
0
0
0
0
-1.86476
-0.872904
0
0
0
0
0
0
0
0
0
0
0
0
0
0
-1.48134
-0.791391
0
0
0
0
0
0
0
0
0
0
0
0
0
0
-1.09789
-0.768331
0
0
0
0
0
0
0
0
0
0
0
0
0
0
-0.754804
-0.847009
-0.306132
0
0
0
0
0
0
0
0
0
0
0
0
-0.51543
-0.469845
-0.86071
-0.566925
0
0
0
0
0
0
0
0
0
0
0
0
-0.465329
-0.262793
-0.863868
-0.785532
0
0
0
0
0
0
0
0
0
0
0
0
-0.402275
-0.0440156
-0.818198
-0.793733
0
0
0
0
0
0
0
0
0
0
0
0
-0.410431
0
-0.869842
-0.68129
0
0
0
0
0
0
0
0
0
0
0
0
-0.454964
0
-1.01615
-0.482849
0
0
0
0
0
0
0
0
0
0
0
0
-0.464178
-0.271416
-1.21156
-0.463453
0
0
0
0
0
0
0
0
0
0
0
0
-0.451339
-0.604963
-1.39531
-0.58214
0
0
0
0
0
0
0
0
0
0
0
0
-0.394886
-0.822394
-1.46473
-0.81248
0
0
0
0
0
0
0
0
0
0
0
0
-0.328796
-0.991236
-1.51841
-1.03355
0
0
0
0
0
0
0
0
0
0
0
0
-0.287192
-0.936649
-1.46953
-1.13907
0
0
0
0
0
0
0
0
0
0
0
0
-0.228325
-0.854235
-1.42406
-1.19496
0
0
0
0
0
0
0
0
0
0
0
0
-0.0897954
-0.679685
-1.36832
-1.12858
0
0
0
0
0
0
0
0
0
0
0
0
0
-0.520764
-1.293
-0.989144
0
0
0
0
0
0
0
0
0
0
0
0
0
-0.421985
-1.17972
-0.7324
0
0
0
0
0
0
0
0
0
0
0
0
0
-0.398514
-1.03984
-0.423084
0
0
0
0
0
0
0
0
0
0
0
0
0
-0.428996
-0.844129
-0.045778
0
0
0
0
0
0
0
0
0
0
0
0
0
-0.378946
-0.625298
0
0
0
0
0
0
0
0
0
0
0
0
0
0
-0.324971
-0.329903
0
0
0
0
0
0
0
0
0
0
0
0
0
0
-0.0718569
-0.055412
0
0
0
0
0
0
0
0
0
0
0
0
0
0
0
0
-0.191925
0
0
0
0
0
0
0
0
0
0
0
0
0
0
0
-0.374814
-0.258486
0
0
0
0
0
0
0
0
0
0
0
0
0
0
-0.5098
-0.434296
0
0
0
0
0
0
0
0
0
0
0
0
0
0
-0.607961
-0.621794
-0.42416
0
0
0
0
0
0
0
0
0
0
0
0
0
-0.59649
-0.783681
-0.57818
0
0
0
0
0
0
0
0
0
0
0
0
0
-0.612185
-0.925747
-0.748134
0
0
0
0
0
0
0
0
0
0
0
0
0
0
-1.00586
-0.76328
0
0
0
0
0
0
0
0
0
0
0
0
0
0
-1.16181
-0.856841
0
0
0
0
0
0
0
0
0
0
0
0
0
0
-1.23303
-0.902751
0
0
0
0
0
0
0
0
0
0
0
0
0
0
0
0
0
0
0
0
0
0
0
0
0
0
0
0
0
0
0
0
0
0
0
0
0
0
0
0
0
0
0
0
0
0
0
0
0
0
0
0
0
0
0
0
0
0
0
0
0
0
0
0
0
0
0
0
0
0
0
0
0
0
0
0
0
0
0
0
0
0
0
0
0
0
0
0
0
0
0
0
0
0
0
0
0
0
0
0
0
0
0
0
0
0
0
0
0
0
0
0
0
0
0
0
0
0
0
0
0
0
0
0
0
0
0
0
0
0
0
0
0
0
0
0
0
0
0
-2.20049
0
0
0
0
0
0
0
0
0
0
0
0
0
0
0
-1.71288
0
0
0
0
0
0
0
0
0
0
0
0
0
0
0
-1.39715
-0.701883
0
0
0
0
0
0
0
0
0
0
0
0
0
0
-1.02089
-0.69304
0
0
0
0
0
0
0
0
0
0
0
0
0
0
-0.702215
-0.730576
0
0
0
0
0
0
0
0
0
0
0
0
0
0
-0.3981
-0.756603
-0.285653
0
0
0
0
0
0
0
0
0
0
0
0
0
-0.167732
-0.775761
-0.515063
0
0
0
0
0
0
0
0
0
0
0
0
-0.451216
0
-0.70102
-0.606213
0
0
0
0
0
0
0
0
0
0
0
0
-0.500297
0
-0.719814
-0.62605
0
0
0
0
0
0
0
0
0
0
0
0
-0.597691
0
-0.847982
-0.50788
0
0
0
0
0
0
0
0
0
0
0
0
-0.630639
-0.231129
-1.09215
-0.504776
0
0
0
0
0
0
0
0
0
0
0
0
-0.61855
-0.560542
-1.3451
-0.608695
0
0
0
0
0
0
0
0
0
0
0
0
-0.48117
-0.761243
-1.47852
-0.830585
0
0
0
0
0
0
0
0
0
0
0
0
-0.289565
-0.919343
-1.57329
-1.04785
-0.41884
0
0
0
0
0
0
0
0
0
0
0
-0.0951121
-0.823859
-1.53423
-1.15461
-0.442395
0
0
0
0
0
0
0
0
0
0
0
0
-0.694149
-1.49562
-1.21914
-0.424319
0
0
0
0
0
0
0
0
0
0
0
0
-0.464798
-1.43463
-1.16425
0
0
0
0
0
0
0
0
0
0
0
0
0
-0.266581
-1.35848
-1.05017
0
0
0
0
0
0
0
0
0
0
0
0
0
-0.190976
-1.24359
-0.838794
0
0
0
0
0
0
0
0
0
0
0
0
0
-0.229976
-1.08117
-0.594391
0
0
0
0
0
0
0
0
0
0
0
0
0
-0.341886
-0.845349
-0.300382
0
0
0
0
0
0
0
0
0
0
0
0
0
-0.357495
-0.5852
-0.132627
0
0
0
0
0
0
0
0
0
0
0
0
0
-0.362866
-0.277734
0
0
0
0
0
0
0
0
0
0
0
0
0
0
-0.125124
0
0
0
0
0
0
0
0
0
0
0
0
0
0
0
0
0
-0.109279
-0.148245
0
0
0
0
0
0
0
0
0
0
0
0
0
0
-0.285081
-0.242326
0
0
0
0
0
0
0
0
0
0
0
0
0
0
-0.436342
-0.321032
0
0
0
0
0
0
0
0
0
0
0
0
0
0
-0.529731
-0.473839
-0.237509
0
0
0
0
0
0
0
0
0
0
0
0
0
-0.5647
-0.599213
-0.415859
0
0
0
0
0
0
0
0
0
0
0
0
0
-0.621166
-0.74085
-0.58845
0
0
0
0
0
0
0
0
0
0
0
0
0
0
-0.871625
-0.59785
0
0
0
0
0
0
0
0
0
0
0
0
0
0
-1.01453
-0.724052
0
0
0
0
0
0
0
0
0
0
0
0
0
0
0
0
0
0
0
0
0
0
0
0
0
0
0
0
0
0
0
0
0
0
0
0
0
0
0
0
0
0
0
0
0
0
0
0
0
0
0
0
0
0
0
0
0
0
0
0
0
0
0
0
0
0
0
0
0
0
0
0
0
0
0
0
0
0
0
0
0
0
0
0
0
0
0
0
0
0
0
0
0
0
0
0
0
0
0
0
0
0
0
0
0
0
0
0
0
0
0
0
0
0
0
0
0
0
0
0
0
0
0
0
0
0
0
0
0
0
0
0
0
0
0
0
0
0
0
0
0
0
0
0
0
0
0
0
0
0
0
0
0
0
0
0
0
0
0
0
0
0
0
0
0
0
0
0
0
0
0
0
0
0
0
0
0
0
0
0
0
0
0
0
0
0
0
0
0
0
0
0
0
0
0
0
0
0
0
0
0
0
0
0
-0.672278
0
0
0
0
0
0
0
0
0
0
0
0
0
0
0
-0.687788
0
0
0
0
0
0
0
0
0
0
0
0
0
0
0
-0.673949
-0.0419679
0
0
0
0
0
0
0
0
0
0
0
0
0
0
-0.700309
-0.251999
0
0
0
0
0
0
0
0
0
0
0
0
0
0
-0.604766
-0.343743
0
0
0
0
0
0
0
0
0
0
0
0
-0.536047
0
-0.567643
-0.416858
0
0
0
0
0
0
0
0
0
0
0
0
-0.640859
0
-0.630167
-0.409572
0
0
0
0
0
0
0
0
0
0
0
0
-0.672363
-0.100236
-0.85727
-0.495654
0
0
0
0
0
0
0
0
0
0
0
0
-0.670014
-0.412005
-1.13241
-0.624345
0
0
0
0
0
0
0
0
0
0
0
0
-0.512889
-0.588293
-1.31811
-0.835239
-0.0772656
0
0
0
0
0
0
0
0
0
0
0
-0.28232
-0.727765
-1.46247
-1.03287
-0.332416
0
0
0
0
0
0
0
0
0
0
0
0
-0.604503
-1.44836
-1.13041
-0.340889
0
0
0
0
0
0
0
0
0
0
0
0
-0.446733
-1.42085
-1.19894
-0.317776
0
0
0
0
0
0
0
0
0
0
0
0
-0.186471
-1.35208
-1.16444
-0.232444
0
0
0
0
0
0
0
0
0
0
0
0
0
-1.25927
-1.09146
-0.136853
0
0
0
0
0
0
0
0
0
0
0
0
0
-1.1233
-0.946666
-0.047796
0
0
0
0
0
0
0
0
0
0
0
0
0
-0.93507
-0.777918
0
0
0
0
0
0
0
0
0
0
0
0
0
-0.136139
-0.687383
-0.553967
0
0
0
0
0
0
0
0
0
0
0
0
0
-0.188201
-0.429821
-0.355724
0
0
0
0
0
0
0
0
0
0
0
0
0
-0.217594
-0.134997
-0.100285
0
0
0
0
0
0
0
0
0
0
0
0
0
0
0
-0.0701987
-0.126694
0
0
0
0
0
0
0
0
0
0
0
0
0
0
-0.0982012
-0.193311
0
0
0
0
0
0
0
0
0
0
0
0
0
0
-0.276002
-0.194284
0
0
0
0
0
0
0
0
0
0
0
0
0
0
-0.417064
-0.251067
0
0
0
0
0
0
0
0
0
0
0
0
0
0
-0.54404
-0.371406
0
0
0
0
0
0
0
0
0
0
0
0
0
0
-0.664488
-0.465191
-0.207358
0
0
0
0
0
0
0
0
0
0
0
0
0
-0.742546
-0.664506
-0.389329
0
0
0
0
0
0
0
0
0
0
0
0
0
0
-0.816171
-0.482778
0
0
0
0
0
0
0
0
0
0
0
0
0
0
0
0
0
0
0
0
0
0
0
0
0
0
0
0
0
0
0
0
0
0
0
0
0
0
0
0
0
0
0
0
0
0
0
0
0
0
0
0
0
0
0
0
0
0
0
0
0
0
0
0
0
0
0
0
0
0
0
0
0
0
0
0
0
0
0
0
0
0
0
0
0
0
0
0
0
0
0
0
0
0
0
0
0
0
0
0
0
0
0
0
0
0
0
0
0
0
0
0
0
0
0
0
0
0
0
0
0
0
0
0
0
0
0
0
0
0
0
0
0
0
0
0
0
0
0
0
0
0
0
0
0
0
0
0
0
0
0
0
0
0
0
0
0
0
0
0
0
0
0
0
0
0
0
0
0
0
0
0
0
0
0
0
0
0
0
0
0
0
0
0
0
0
0
0
0
0
0
0
0
0
0
0
0
0
0
0
0
0
0
0
0
0
0
0
0
0
0
0
0
0
0
0
0
0
0
0
0
0
0
0
0
0
0
0
0
0
0
0
0
0
0
0
-0.686852
0
0
0
0
0
0
0
0
0
0
0
0
0
0
0
-0.643134
0
0
0
0
0
0
0
0
0
0
0
0
0
0
0
-0.627556
0
0
0
0
0
0
0
0
0
0
0
0
0
0
0
-0.508974
-0.0584143
0
0
0
0
0
0
0
0
0
0
0
0
-0.626172
0
-0.435585
-0.14691
0
0
0
0
0
0
0
0
0
0
0
0
-0.768798
0
-0.419065
-0.198334
0
0
0
0
0
0
0
0
0
0
0
0
-0.789307
0
-0.605767
-0.390957
0
0
0
0
0
0
0
0
0
0
0
0
-0.770579
-0.275364
-0.871189
-0.619375
0
0
0
0
0
0
0
0
0
0
0
0
-0.571916
-0.433134
-1.07945
-0.890078
-0.105126
0
0
0
0
0
0
0
0
0
0
0
-0.288501
-0.552617
-1.25336
-1.11083
-0.317694
0
0
0
0
0
0
0
0
0
0
0
0
-0.390687
-1.25367
-1.21898
-0.302493
0
0
0
0
0
0
0
0
0
0
0
0
-0.189828
-1.23564
-1.29684
-0.271982
0
0
0
0
0
0
0
0
0
0
0
0
0
-1.16173
-1.27691
-0.19704
0
0
0
0
0
0
0
0
0
0
0
0
0
-1.06544
-1.22446
-0.1307
0
0
0
0
0
0
0
0
0
0
0
0
0
-0.938157
-1.10119
-0.0945531
0
0
0
0
0
0
0
0
0
0
0
0
0
-0.764464
-0.933669
-0.0583987
0
0
0
0
0
0
0
0
0
0
0
0
0
-0.541275
-0.697403
-0.0372692
0
0
0
0
0
0
0
0
0
0
0
0
0
-0.304532
-0.460123
-0.103423
0
0
0
0
0
0
0
0
0
0
0
0
0
0
-0.198051
-0.155746
0
0
0
0
0
0
0
0
0
0
0
0
0
0
-0.131098
-0.199021
0
0
0
0
0
0
0
0
0
0
0
0
0
0
-0.133612
-0.206271
0
0
0
0
0
0
0
0
0
0
0
0
0
0
-0.281469
-0.186103
0
0
0
0
0
0
0
0
0
0
0
0
0
0
-0.424336
-0.213986
0
0
0
0
0
0
0
0
0
0
0
0
0
0
-0.640783
-0.256098
0
0
0
0
0
0
0
0
0
0
0
0
0
0
-0.805558
-0.362519
0
0
0
0
0
0
0
0
0
0
0
0
0
0
0
-0.580201
0
0
0
0
0
0
0
0
0
0
0
0
0
0
0
0
0
0
0
0
0
0
0
0
0
0
0
0
0
0
0
0
0
0
0
0
0
0
0
0
0
0
0
0
0
0
0
0
0
0
0
0
0
0
0
0
0
0
0
0
0
0
0
0
0
0
0
0
0
0
0
0
0
0
0
0
0
0
0
0
0
0
0
0
0
0
0
0
0
0
0
0
0
0
0
0
0
0
0
0
0
0
0
0
0
0
0
0
0
0
0
0
0
0
0
0
0
0
0
0
0
0
0
0
0
0
0
0
0
0
0
0
0
0
0
0
0
0
0
0
0
0
0
0
0
0
0
0
0
0
0
0
0
0
0
0
0
0
0
0
0
0
0
0
0
0
0
0
0
0
0
0
0
0
0
0
0
0
0
0
0
0
0
0
0
0
0
0
0
0
0
0
0
0
0
0
0
0
0
0
0
0
0
0
0
0
0
0
0
0
0
0
0
0
0
0
0
0
0
0
0
0
0
0
0
0
0
0
0
0
0
0
0
0
0
0
0
0
0
0
0
0
0
0
0
0
0
0
0
0
0
0
0
0
0
0
0
0
0
0
0
0
0
0
0
0
0
0
0
-0.652965
0
0
0
0
0
0
0
0
0
0
0
0
0
0
0
-0.570903
0
0
0
0
0
0
0
0
0
0
0
0
0
0
0
-0.371857
0
0
0
0
0
0
0
0
0
0
0
0
0
0
0
-0.2646
0
0
0
0
0
0
0
0
0
0
0
0
0
-0.791844
0
-0.228807
0
0
0
0
0
0
0
0
0
0
0
0
0
-0.81751
0
-0.404067
-0.208665
0
0
0
0
0
0
0
0
0
0
0
0
-0.789012
0
-0.656564
-0.473141
0
0
0
0
0
0
0
0
0
0
0
0
-0.563192
-0.185642
-0.855027
-0.759681
-0.103866
0
0
0
0
0
0
0
0
0
0
0
0
-0.2987
-1.02345
-0.997857
-0.270416
0
0
0
0
0
0
0
0
0
0
0
0
-0.126509
-1.00931
-1.11235
-0.231608
0
0
0
0
0
0
0
0
0
0
0
0
0
-0.981538
-1.18804
-0.198834
0
0
0
0
0
0
0
0
0
0
0
0
0
-0.898285
-1.16347
-0.162008
0
0
0
0
0
0
0
0
0
0
0
0
0
-0.802985
-1.10145
-0.153703
0
0
0
0
0
0
0
0
0
0
0
0
0
-0.693068
-0.976352
-0.186437
0
0
0
0
0
0
0
0
0
0
0
0
0
-0.542355
-0.815156
-0.190683
0
0
0
0
0
0
0
0
0
0
0
0
0
-0.34321
-0.61818
-0.156772
0
0
0
0
0
0
0
0
0
0
0
0
0
-0.112039
-0.415153
-0.119559
0
0
0
0
0
0
0
0
0
0
0
0
0
0
-0.197557
-0.0629813
0
0
0
0
0
0
0
0
0
0
0
0
0
0
-0.120465
-0.0657603
0
0
0
0
0
0
0
0
0
0
0
0
0
0
-0.0807999
-0.0867687
0
0
0
0
0
0
0
0
0
0
0
0
0
0
-0.220598
-0.0838519
0
0
0
0
0
0
0
0
0
0
0
0
0
0
-0.43717
0
0
0
0
0
0
0
0
0
0
0
0
0
0
0
-0.714577
0
0
0
0
0
0
0
0
0
0
0
0
0
0
0
-0.912477
0
0
0
0
0
0
0
0
0
0
0
0
0
0
0
0
0
0
0
0
0
0
0
0
0
0
0
0
0
0
0
0
0
0
0
0
0
0
0
0
0
0
0
0
0
0
0
0
0
0
0
0
0
0
0
0
0
0
0
0
0
0
0
0
0
0
0
0
0
0
0
0
0
0
0
0
0
0
0
0
0
0
0
0
0
0
0
0
0
0
0
0
0
0
0
0
0
0
0
0
0
0
0
0
0
0
0
0
0
0
0
0
0
0
0
0
0
0
0
0
0
0
0
0
0
0
0
0
0
0
0
0
0
0
0
0
0
0
0
0
0
0
0
0
0
0
0
0
0
0
0
0
0
0
0
0
0
0
0
0
0
0
0
0
0
0
0
0
0
0
0
0
0
0
0
0
0
0
0
0
0
0
0
0
0
0
0
0
0
0
0
0
0
0
0
0
0
0
0
0
0
0
0
0
0
0
0
0
0
0
0
0
0
0
0
0
0
0
0
0
0
0
0
0
0
0
0
0
0
0
0
0
0
0
0
0
0
0
0
0
0
0
0
0
0
0
0
0
0
0
0
0
0
0
0
0
0
0
0
0
0
0
0
0
0
0
0
0
0
0
0
0
0
0
0
0
0
0
0
0
0
0
0
0
0
0
0
0
0
0
0
0
0
0
0
0
0
0
0
0
0
0
-0.564416
0
0
0
0
0
0
0
0
0
0
0
0
0
0
0
0
0
0
0
0
0
0
0
0
0
0
0
0
0
0
0
0
0
0
0
0
0
0
0
0
0
0
0
0
0
0
0
0
0
0
0
0
0
0
0
0
0
0
0
0
0
-0.847913
0
-0.157898
-0.0624695
0
0
0
0
0
0
0
0
0
0
0
0
-0.834222
0
-0.42763
-0.331103
0
0
0
0
0
0
0
0
0
0
0
0
-0.605008
0
-0.63887
-0.582083
0
0
0
0
0
0
0
0
0
0
0
0
0
0
-0.812717
-0.794269
-0.251968
0
0
0
0
0
0
0
0
0
0
0
0
0
-0.781253
-0.887578
-0.228796
0
0
0
0
0
0
0
0
0
0
0
0
0
-0.739021
-0.9506
-0.207566
0
0
0
0
0
0
0
0
0
0
0
0
0
-0.638869
-0.928974
-0.201511
0
0
0
0
0
0
0
0
0
0
0
0
0
-0.538465
-0.883602
-0.215481
0
0
0
0
0
0
0
0
0
0
0
0
0
-0.4413
-0.804155
-0.25179
0
0
0
0
0
0
0
0
0
0
0
0
0
-0.298466
-0.703817
-0.220257
0
0
0
0
0
0
0
0
0
0
0
0
0
-0.100474
-0.58926
-0.139305
0
0
0
0
0
0
0
0
0
0
0
0
0
0
-0.436716
-0.0535248
0
0
0
0
0
0
0
0
0
0
0
0
0
0
-0.246897
0
0
0
0
0
0
0
0
0
0
0
0
0
0
0
-0.123945
0
0
0
0
0
0
0
0
0
0
0
0
0
0
0
0
0
0
0
0
0
0
0
0
0
0
0
0
0
0
0
0
0
0
0
0
0
0
0
0
0
0
0
0
0
0
0
0
0
0
0
0
0
0
0
0
0
0
0
0
0
0
0
0
0
0
0
0
0
0
0
0
0
0
0
0
0
0
0
0
0
0
0
0
0
0
0
0
0
0
0
0
0
0
0
0
0
0
0
0
0
0
0
0
0
0
0
0
0
0
0
0
0
0
0
0
0
0
0
0
0
0
0
0
0
0
0
0
0
0
0
0
0
0
0
0
0
0
0
0
0
0
0
0
0
0
0
0
0
0
0
0
0
0
0
0
0
0
0
0
0
0
0
0
0
0
0
0
0
0
0
0
0
0
0
0
0
0
0
0
0
0
0
0
0
0
0
0
0
0
0
0
0
0
0
0
0
0
0
0
0
0
0
0
0
0
0
0
0
0
0
0
0
0
0
0
0
0
0
0
0
0
0
0
0
0
0
0
0
0
0
0
0
0
0
0
0
0
0
0
0
0
0
0
0
0
0
0
0
0
0
0
0
0
0
0
0
0
0
0
0
0
0
0
0
0
0
0
0
0
0
0
0
0
0
0
0
0
0
0
0
0
0
0
0
0
0
0
0
0
0
0
0
0
0
0
0
0
0
0
0
0
0
0
0
0
0
0
0
0
0
0
0
0
0
0
0
0
0
0
0
0
0
0
0
0
0
0
0
0
0
0
0
0
0
0
0
0
0
0
0
0
0
0
0
0
0
0
0
0
0
0
0
0
0
0
0
0
0
0
0
0
0
0
0
0
0
0
0
0
0
0
0
0
0
0
0
0
0
0
0
0
0
0
0
0
0
0
0
0
0
0
0
0
0
0
0
0
0
0
0
0
0
0
0
0
0
0
0
0
0
0
0
0
0
0
0
0
0
0
0
0
0
0
0
0
0
0
0
0
0
0
0
0
0
0
0
0
0
0
0
0
0
0
0
0
0
-0.108581
0
0
0
0
0
0
0
0
0
0
0
0
0
0
-0.320897
-0.364888
0
0
0
0
0
0
0
0
0
0
0
0
0
0
-0.519611
-0.532755
0
0
0
0
0
0
0
0
0
0
0
0
0
0
-0.687149
-0.670526
0
0
0
0
0
0
0
0
0
0
0
0
0
0
-0.628967
-0.689846
0
0
0
0
0
0
0
0
0
0
0
0
0
0
-0.558009
-0.698927
0
0
0
0
0
0
0
0
0
0
0
0
0
0
-0.419632
-0.658218
0
0
0
0
0
0
0
0
0
0
0
0
0
0
-0.286609
-0.616826
0
0
0
0
0
0
0
0
0
0
0
0
0
0
-0.177426
-0.5746
0
0
0
0
0
0
0
0
0
0
0
0
0
0
0
-0.51883
0
0
0
0
0
0
0
0
0
0
0
0
0
0
0
-0.450239
0
0
0
0
0
0
0
0
0
0
0
0
0
0
0
-0.311289
0
0
0
0
0
0
0
0
0
0
0
0
0
0
0
-0.139684
0
0
0
0
0
0
0
0
0
0
0
0
0
0
0
0
0
0
0
0
0
0
0
0
0
0
0
0
0
0
0
0
0
0
0
0
0
0
0
0
0
0
0
0
0
0
0
0
0
0
0
0
0
0
0
0
0
0
0
0
0
0
0
0
0
0
0
0
0
0
0
0
0
0
0
0
0
0
0
0
0
0
0
0
0
0
0
0
0
0
0
0
0
0
0
0
0
0
0
0
0
0
0
0
0
0
0
0
0
0
0
0
0
0
0
0
0
0
0
0
0
0
0
0
0
0
0
0
0
0
0
0
0
0
0
0
0
0
0
0
0
0
0
0
0
0
0
0
0
0
0
0
0
0
0
0
0
0
0
0
0
0
0
0
0
0
0
0
0
0
0
0
0
0
0
0
0
0
0
0
0
0
0
0
0
0
0
0
0
0
0
0
0
0
0
0
0
0
0
0
0
0
0
0
0
0
0
0
0
0
0
0
0
0
0
0
0
0
0
0
0
0
0
0
0
0
0
0
0
0
0
0
0
0
0
0
0
0
0
0
0
0
0
0
0
0
0
0
0
0
0
0
0
0
0
0
0
0
0
0
0
0
0
0
0
0
0
0
0
0
0
0
0
0
0
0
0
0
0
0
0
0
0
0
0
0
0
0
0
0
0
0
0
0
0
0
0
0
0
0
0
0
0
0
0
0
0
0
0
0
0
0
0
0
0
0
0
0
0
0
0
0
0
0
0
0
0
0
0
0
0
0
0
0
0
0
0
0
0
0
0
0
0
0
0
0
0
0
0
0
0
0
0
0
0
0
0
0
0
0
0
0
0
0
0
0
0
0
0
0
0
0
0
0
0
0
0
0
0
0
0
0
0
0
0
0
0
0
0
0
0
0
0
0
0
0
0
0
0
0
0
0
0
0
0
0
0
0
0
0
0
0
0
0
0
0
0
0
0
0
0
0
0
0
0
0
0
0
0
0
0
0
0
0
0
0
0
0
0
0
0
0
0
0
0
0
0
0
0
0
0
0
0
0
0
0
0
0
0
0
0
0
0
-0.194941
0
0
0
0
0
0
0
0
0
0
0
0
0
0
0
-0.432661
0
0
0
0
0
0
0
0
0
0
0
0
0
0
-0.484157
-0.525651
0
0
0
0
0
0
0
0
0
0
0
0
0
0
-0.618796
-0.590107
0
0
0
0
0
0
0
0
0
0
0
0
0
0
-0.504163
-0.517364
0
0
0
0
0
0
0
0
0
0
0
0
0
0
-0.38025
-0.442459
0
0
0
0
0
0
0
0
0
0
0
0
0
0
0
-0.360134
0
0
0
0
0
0
0
0
0
0
0
0
0
0
0
-0.305619
0
0
0
0
0
0
0
0
0
0
0
0
0
0
0
-0.300278
0
0
0
0
0
0
0
0
0
0
0
0
0
0
0
-0.291228
0
0
0
0
0
0
0
0
0
0
0
0
0
0
0
-0.291355
0
0
0
0
0
0
0
0
0
0
0
0
0
0
0
0
0
0
0
0
0
0
0
0
0
0
0
0
0
0
0
0
0
0
0
0
0
0
0
0
0
0
0
0
0
0
0
0
0
0
0
0
0
0
0
0
0
0
0
0
0
0
0
0
0
0
0
0
0
0
0
0
0
0
0
0
0
0
0
0
0
0
0
0
0
0
0
0
0
0
0
0
0
0
0
0
0
0
0
0
0
0
0
0
0
0
0
0
0
0
0
0
0
0
0
0
0
0
0
0
0
0
0
0
0
0
0
0
0
0
0
0
0
0
0
0
0
0
0
0
0
0
0
0
0
0
0
0
0
0
0
0
0
0
0
0
0
0
0
0
0
0
0
0
0
0
0
0
0
0
0
0
0
0
0
0
0
0
0
0
0
0
0
0
0
0
0
0
0
0
0
0
0
0
0
0
0
0
0
0
0
0
0
0
0
0
0
0
0
0
0
0
0
0
0
0
0
0
0
0
0
0
0
0
0
0
0
0
0
0
0
0
0
0
0
0
0
0
0
0
0
0
0
0
0
0
0
0
0
0
0
0
0
0
0
0
0
0
0
0
0
0
0
0
0
0
0
0
0
0
0
0
0
0
0
0
0
0
0
0
0
0
0
0
0
0
0
0
0
0
0
0
0
0
0
0
0
0
0
0
0
0
0
0
0
0
0
0
0
0
0
0
0
0
0
0
0
0
0
0
0
0
0
0
0
0
0
0
0
0
0
0
0
0
0
0
0
0
0
0
0
0
0
0
0
0
0
0
0
0
0
0
0
0
0
0
0
0
0
0
0
0
0
0
0
0
0
0
0
0
0
0
0
0
0
0
0
0
0
0
0
0
0
0
0
0
0
0
0
0
0
0
0
0
0
0
0
0
0
0
0
0
0
0
0
0
0
0
0
0
0
0
0
0
0
0
0
0
0
0
0
0
0
0
0
0
0
0
0
0
0
0
0
0
0
0
0
0
0
0
0
0
0
0
0
0
0
0
0
0
0
0
0
0
0
0
0
0
0
0
0
0
0
0
0
0
0
0
0
0
0
0
0
0
0
0
0
0
0
0
0
0
0
0
0
0
0
0
0
0
0
0
0
0
0
-0.447777
0
0
0
0
0
0
0
0
0
0
0
0
0
0
0
-0.617192
0
0
0
0
0
0
0
0
0
0
0
0
0
0
0
-0.615047
0
0
0
0
0
0
0
0
0
0
0
0
0
0
-0.717026
-0.594843
0
0
0
0
0
0
0
0
0
0
0
0
0
0
-0.569343
-0.433236
0
0
0
0
0
0
0
0
0
0
0
0
0
0
0
-0.27163
0
0
0
0
0
0
0
0
0
0
0
0
0
0
0
0
0
0
0
0
0
0
0
0
0
0
0
0
0
0
0
0
0
0
0
0
0
0
0
0
0
0
0
0
0
0
0
0
0
0
0
0
0
0
0
0
0
0
0
0
0
0
0
0
0
0
0
0
0
0
0
0
0
0
0
0
0
0
0
0
0
0
0
0
0
0
0
0
0
0
0
0
0
0
0
0
0
0
0
0
0
0
0
0
0
0
0
0
0
0
0
0
0
0
0
0
0
0
0
0
0
0
0
0
0
0
0
0
0
0
0
0
0
0
0
0
0
0
0
0
0
0
0
0
0
0
0
0
0
0
0
0
0
0
0
0
0
0
0
0
0
0
0
0
0
0
0
0
0
0
0
0
0
0
0
0
0
0
0
0
0
0
0
0
0
0
0
0
0
0
0
0
0
0
0
0
0
0
0
0
0
0
0
0
0
0
0
0
0
0
0
0
0
0
0
0
0
0
0
0
0
0
0
0
0
0
0
0
0
0
0
0
0
0
0
0
0
0
0
0
0
0
0
0
0
0
0
0
0
0
0
0
0
0
0
0
0
0
0
0
0
0
0
0
0
0
0
0
0
0
0
0
0
0
0
0
0
0
0
0
0
0
0
0
0
0
0
0
0
0
0
0
0
0
0
0
0
0
0
0
0
0
0
0
0
0
0
0
0
0
0
0
0
0
0
0
0
0
0
0
0
0
0
0
0
0
0
0
0
0
0
0
0
0
0
0
0
0
0
0
0
0
0
0
0
0
0
0
0
0
0
0
0
0
0
0
0
0
0
0
0
0
0
0
0
0
0
0
0
0
0
0
0
0
0
0
0
0
0
0
0
0
0
0
0
0
0
0
0
0
0
0
0
0
0
0
0
0
0
0
0
0
0
0
0
0
0
0
0
0
0
0
0
0
0
0
0
0
0
0
0
0
0
0
0
0
0
0
0
0
0
0
0
0
0
0
0
0
0
0
0
0
0
0
0
0
0
0
0
0
0
0
0
0
0
0
0
0
0
0
0
0
0
0
0
0
0
0
0
0
0
0
0
0
0
0
0
0
0
0
0
0
0
0
0
0
0
0
0
0
0
0
0
0
0
0
0
0
0
0
0
0
0
0
0
0
0
0
0
0
0
0
0
0
0
0
0
0
0
0
0
0
0
0
0
0
0
0
0
0
0
0
0
0
0
0
0
0
0
0
0
0
0
0
0
0
0
0
0
0
0
0
0
0
0
0
0
0
0
0
0
0
0
0
0
0
0
0
0
0
0
0
0
0
0
-0.810982
0
0
0
0
0
0
0
0
0
0
0
0
0
0
0
-0.948161
0
0
0
0
0
0
0
0
0
0
0
0
0
0
0
-0.875351
0
0
0
0
0
0
0
0
0
0
0
0
0
0
0
-0.771425
0
0
0
0
0
0
0
0
0
0
0
0
0
0
0
-0.496364
0
0
0
0
0
0
0
0
0
0
0
0
0
0
0
0
0
0
0
0
-0.150106
0
0
0
0
0
0
0
0
0
0
0
0
0
0
0
0
0
0
0
0
0
0
0
0
0
0
0
0
0
0
0
0
0
0
0
0
0
0
0
0
0
0
0
0
0
0
0
0
0
0
0
0
0
0
0
0
0
0
0
0
0
0
0
0
0
0
0
0
0
0
0
0
0
0
0
0
0
0
0
0
0
0
0
0
0
0
0
0
0
0
0
0
0
0
0
0
0
0
0
0
0
0
0
0
0
0
0
0
0
0
0
0
0
0
0
0
0
0
0
0
0
0
0
0
0
0
0
0
0
0
0
0
0
0
0
0
0
0
0
0
0
0
0
0
0
0
0
0
0
0
0
0
0
0
0
0
0
0
0
0
0
0
0
0
0
0
0
0
0
0
0
0
0
0
0
0
0
0
0
0
0
0
0
0
0
0
0
0
0
0
0
0
0
0
0
0
0
0
0
0
0
0
0
0
0
0
0
0
0
0
0
0
0
0
0
0
0
0
0
0
0
0
0
0
0
0
0
0
0
0
0
0
0
0
0
0
0
0
0
0
0
0
0
0
0
0
0
0
0
0
0
0
0
0
0
0
0
0
0
0
0
0
0
0
0
0
0
0
0
0
0
0
0
0
0
0
0
0
0
0
0
0
0
0
0
0
0
0
0
0
0
0
0
0
0
0
0
0
0
0
0
0
0
0
0
0
0
0
0
0
0
0
0
0
0
0
0
0
0
0
0
0
0
0
0
0
0
0
0
0
0
0
0
0
0
0
0
0
0
0
0
0
0
0
0
0
0
0
0
0
0
0
0
0
0
0
0
0
0
0
0
0
0
0
0
0
0
0
0
0
0
0
0
0
0
0
0
0
0
0
0
0
0
0
0
0
0
0
0
0
0
0
0
0
0
0
0
0
0
0
0
0
0
0
0
0
0
0
0
0
0
0
0
0
0
0
0
0
0
0
0
0
0
0
0
0
0
0
0
0
0
0
0
0
0
0
0
0
0
0
0
0
0
0
0
0
0
0
0
0
0
0
0
0
0
0
0
0
0
0
0
0
0
0
0
0
0
0
0
0
0
0
0
0
0
0
0
0
0
0
0
0
0
0
0
0
0
0
0
0
0
0
0
0
0
0
0
0
0
0
0
0
0
0
0
0
0
0
0
0
0
0
0
0
0
0
0
0
0
0
0
0
0
0
0
0
0
0
0
0
0
0
0
0
0
0
0
0
0
0
0
0
0
0
0
0
0
0
0
0
0
0
0
0
0
0
0
0
0
0
0
0
0
0
0
0
0
0
0
0
0
0
0
0
0
0
0
0
0
0
0
0
0
0
0
0
-1.23895
0
0
0
0
0
0
0
0
0
0
0
0
0
0
0
-1.12681
0
0
0
0
0
0
0
0
0
0
0
0
0
0
0
-0.978882
0
0
0
0
0
0
0
0
0
0
0
0
0
0
0
0
0
0
0
0
0
0
0
0
0
0
0
0
0
0
0
0
0
0
0
0
0
0
0
0
0
0
0
0
0
0
0
0
0
0
0
0
0
0
0
0
0
0
0
0
0
0
0
0
0
0
0
0
0
0
0
0
0
0
0
0
0
0
0
0
0
0
0
0
0
0
0
0
0
0
0
0
0
0
0
0
0
0
0
0
0
0
0
0
0
0
0
0
0
0
0
0
0
0
0
0
0
0
0
0
0
0
0
0
0
0
0
0
0
0
0
0
0
0
0
0
0
0
0
0
0
0
0
0
0
0
0
0
0
0
0
0
0
0
0
0
0
0
0
0
0
0
0
0
0
0
0
0
0
0
0
0
0
0
0
0
0
0
0
0
0
0
0
0
0
0
0
0
0
0
0
0
0
0
0
0
0
0
0
0
0
0
0
0
0
0
0
0
0
0
0
0
0
0
0
0
0
0
0
0
0
0
0
0
0
0
0
0
0
0
0
0
0
0
0
0
0
0
0
0
0
0
0
0
0
0
0
0
0
0
0
0
0
0
0
0
0
0
0
0
0
0
0
0
0
0
0
0
0
0
0
0
0
0
0
0
0
0
0
0
0
0
0
0
0
0
0
0
0
0
0
0
0
0
0
0
0
0
0
0
0
0
0
0
0
0
0
0
0
0
0
0
0
0
0
0
0
0
0
0
0
0
0
0
0
0
0
0
0
0
0
0
0
0
0
0
0
0
0
0
0
0
0
0
0
0
0
0
0
0
0
0
0
0
0
0
0
0
0
0
0
0
0
0
0
0
0
0
0
0
0
0
0
0
0
0
0
0
0
0
0
0
0
0
0
0
0
0
0
0
0
0
0
0
0
0
0
0
0
0
0
0
0
0
0
0
0
0
0
0
0
0
0
0
0
0
0
0
0
0
0
0
0
0
0
0
0
0
0
0
0
0
0
0
0
0
0
0
0
0
0
0
0
0
0
0
0
0
0
0
0
0
0
0
0
0
0
0
0
0
0
0
0
0
0
0
0
0
0
0
0
0
0
0
0
0
0
0
0
0
0
0
0
0
0
0
0
0
0
0
0
0
0
0
0
0
0
0
0
0
0
0
0
0
0
0
0
0
0
0
0
0
0
0
0
0
0
0
0
0
0
0
0
0
0
0
0
0
0
0
0
0
0
0
0
0
0
0
0
0
0
0
0
0
0
0
0
0
0
0
0
0
0
0
0
0
0
0
0
0
0
0
0
0
0
0
0
0
0
0
0
0
0
0
0
0
0
0
0
0
0
0
0
0
0
0
0
0
0
0
0
0
0
0
0
0
0
0
0
0
0
0
0
0
0
0
0
0
0
0
0
0
0
0
0
0
0
0
0
0
0
0
0
0
0
0
0
0
0
0
0
0
0
0
0
0
0
0
0
0
0
0
0
0
0
0
0
0
0
0
0
0
0
0
0
0
0
0
0
0
0
0
0
0
0
0
0
0
0
0
0
0
0
0
0
0
0
0
0
0
0
0
0
0
0
0
0
0
0
0
0
0
0
0
0
0
0
0
0
0
0
0
0
0
0
0
0
0
0
0
0
0
0
0
0
0
0
0
0
0
0
0
0
0
0
0
0
0
0
0
0
0
0
0
0
0
0
0
0
0
0
0
0
0
0
0
0
0
0
0
0
0
0
0
0
0
0
0
0
0
0
0
0
0
0
0
0
0
0
0
0
0
0
0
0
0
0
0
0
0
0
0
0
0
0
0
0
0
0
0
0
0
0
0
0
0
0
0
0
0
0
0
0
0
0
0
0
0
0
0
0
0
0
0
0
0
0
0
0
0
0
0
0
0
0
0
0
0
0
0
0
0
0
0
0
0
0
0
0
0
0
0
0
0
0
0
0
0
0
0
0
0
0
0
0
0
0
0
0
0
0
0
0
0
0
0
0
0
0
0
0
0
0
0
0
0
0
0
0
0
0
0
0
0
0
0
0
0
0
0
0
0
0
0
0
0
0
0
0
0
0
0
0
0
0
0
0
0
0
0
0
0
0
0
0
0
0
0
0
0
0
0
0
0
0
0
0
0
0
0
0
0
0
0
0
0
0
0
0
0
0
0
0
0
0
0
0
0
0
0
0
0
0
0
0
0
0
0
0
0
0
0
0
0
0
0
0
0
0
0
0
0
0
0
0
0
0
0
0
0
0
0
0
0
0
0
0
0
0
0
0
0
0
0
0
0
0
0
0
0
0
0
0
0
0
0
0
0
0
0
0
0
0
0
0
0
0
0
0
0
0
0
0
0
0
0
0
0
0
0
0
0
0
0
0
0
0
0
0
0
0
0
0
0
0
0
0
0
0
0
0
0
0
0
0
0
0
0
0
0
0
0
0
0
0
0
0
0
0
0
0
0
0
0
0
0
0
0
0
0
0
0
0
0
0
0
0
0
0
0
0
0
0
0
0
0
0
0
0
0
0
0
0
0
0
0
0
0
0
0
0
0
0
0
0
0
0
0
0
0
0
0
0
0
0
0
0
0
0
0
0
0
0
0
0
0
0
0
0
0
0
0
0
0
0
0
0
0
0
0
0
0
0
0
0
0
0
0
0
0
0
0
0
0
0
0
0
0
0
0
0
0
0
0
0
0
0
0
0
0
0
0
0
0
0
0
0
0
0
0
0
0
0
0
0
0
0
0
0
0
0
0
0
0
0
0
0
0
0
0
0
0
0
0
0
0
0
0
0
0
0
0
0
0
0
0
0
0
0
0
0
0
0
0
0
0
0
0
0
0
0
0
0
0
0
0
0
0
0
0
0
0
0
0
0
0
0
0
0
0
0
0
0
0
0
0
0
0
0
0
0
0
0
0
0
0
0
0
0
0
0
0
0
0
0
0
0
0
0
0
0
0
0
0
0
0
0
0
0
0
0
0
0
0
0
0
0
0
0
0
0
0
0
0
0
0
0
0
0
0
0
0
0
0
0
0
0
0
0
0
0
0
0
0
0
0
0
0
0
0
0
0
0
0
0
0
0
0
0
0
0
0
0
0
0
0
0
0
0
0
0
0
0
0
0
0
0
0
0
0
0
0
0
0
0
0
0
0
0
0
0
0
0
0
0
0
0
0
0
0
0
0
0
0
0
0
0
0
0
0
0
0
0
0
0
0
0
0
0
0
0
0
0
0
0
0
0
0
0
0
0
0
0
0
0
0
0
0
0
0
0
0
0
0
0
0
0
0
0
0
0
0
0
0
0
0
0
0
0
0
0
0
0
0
0
0
0
0
0
0
0
0
0
0
0
0
0
0
0
0
0
0
0
0
0
0
0
0
0
0
0
0
0
0
0
0
0
0
0
0
0
0
0
0
0
0
0
0
0
0
0
0
0
0
0
0
0
0
0
0
0
0
0
0
0
0
0
0
0
0
0
0
0
0
0
0
0
0
0
0
0
0
0
0
0
0
0
0
0
0
0
0
0
0
0
0
0
0
0
0
0
0
0
0
0
0
0
0
0
0
0
0
0
0
0
0
0
0
0
0
0
0
0
0
0
0
0
0
0
0
0
0
0
0
0
0
0
0
0
0
0
0
0
0
0
0
0
0
0
0
0
0
0
0
0
0
0
0
0
0
0
0
0
0
0
0
0
0
0
0
0
0
0
0
0
0
0
0
0
0
0
0
0
0
0
0
0
0
0
0
0
0
0
0
0
0
0
0
0
0
0
0
0
0
0
0
0
0
0
0
0
0
0
0
0
0
0
0
0
0
0
0
0
0
0
0
0
0
0
0
0
0
0
0
0
0
0
0
0
0
0
0
0
0
0
0
0
0
0
0
0
0
0
0
0
0
0
0
0
0
0
0
0
0
0
0
0
0
0
0
0
0
0
0
0
0
0
0
0
0
0
0
0
0
0
0
0
0
0
0
0
0
0
0
0
0
0
0
0
0
0
0
0
0
0
0
0
0
0
0
0
0
0
0
0
0
0
0
0
0
0
0
0
0
0
0
0
0
0
0
0
0
0
0
0
0
0
0
0
0
0
0
0
0
0
0
0
0
0
0
0
0
0
0
0
0
0
0
0
0
0
0
0
0
0
0
0
0
0
0
0
0
0
0
0
0
0
0
0
0
0
0
0
0
0
0
0
0
0
0
0
0
0
0
0
0
0
0
0
0
0
0
0
0
0
0
0
0
0
0
0
0
0
0
0
0
0
0
0
0
0
0
0
0
0
0
0
0
0
0
0
0
0
0
0
0
0
0
0
0
0
0
0
0
0
0
0
0
0
0
0
0
0
0
0
0
0
0
0
0
0
0
0
0
0
0
0
0
0
0
0
0
0
0
0
0
0
0
0
0
0
0
0
0
0
0
0
0
0
0
0
0
0
0
0
0
0
0
0
0
0
0
0
0
0
0
0
0
0
0
0
0
0
0
0
0
0
0
0
0
0
0
0
0
0
0
0
0
0
0
0
0
0
0
0
0
0
0
0
0
0
0
0
0
0
0
0
0
0
0
0
0
0
0
0
0
0
0
0
0
0
0
0
0
0
0
0
0
0
0
0
0
0
0
0
0
0
0
0
0
0
0
0
0
0
0
0
0
0
0
0
0
0
0
0
0
0
0
0
0
0
0
0
0
0
0
0
0
0
0
0
0
0
0
0
0
0
0
0
0
0
0
0
0
0
0
0
0
0
0
0
0
0
0
0
0
0
0
0
0
0
0
0
0
0
0
0
0
0
0
0
0
0
0
0
0
0
0
0
0
0
0
0
0
0
0
0
0
0
0
0
0
0
0
0
0
0
0
0
0
0
0
0
0
0
0
0
0
0
0
0
0
0
0
0
0
0
0
0
0
0
0
0
0
0
0
0
0
0
0
0
0
0
0
0
0
0
0
0
0
0
0
0
0
0
0
0
0
0
0
0
0
0
0
0
0
0
0
0
0
0
0
0
0
0
0
0
0
0
0
0
0
0
0
0
0
0
0
0
0
0
0
0
0
0
0
0
0
0
0
0
0
0
0
0
0
0
0
0
0
0
0
0
0
0
0
0
0
0
0
0
0
0
0
0
0
0
0
0
0
0
0
0
0
0
0
0
0
0
0
0
0
0
0
0
0
0
0
0
0
0
0
0
0
0
0
0
0
0
0
0
0
0
0
0
0
0
0
0
0
0
0
0
0
0
0
0
0
0
0
0
0
0
0
0
0
0
0
0
0
0
0
0
0
0
0
0
0
0
0
0
0
0
0
0
0
0
