41 41 14
0.2 0.2 0.2
-4 -4 2
0
0
0
0
0
0
0
0
0
0
0
0
0
0
0
0
0
0
0
0
0
0
0
0
0
0
0
0
0
0
0
0
0
0
0
0
0
0
0
0
0
0
0
0
0
0
0
0
0
0
0
0
0
0
0
0
0
0
0
0
0
0
0
0
0
0
0
0
0
0
0
0
0
0
0
0
0
0
0
0
0
0
0
0
0
0
0
0
0
0
0
0
0
0
0
0
0
0
0
0
0
0
0
0
0
0
0
0
0
0
0
0
0
0
0
0
0
0
0
0
0
0
0
0
0
0
0
0
0
0
0
0
0
0
0
0
0
0
0
0
0
0
0
0
0
0
0
0
0
0
0
0
0
0
0
0
0
0
0
0
0
0
0
0
0
0
0
0
0
0
0
0
0
0
0
0
0
0
0
0
0
0
0
0
0
0
0
0
0
0
0
0
0
0
0
0
0
0
0
0
0
0
0
0
0
0
0
0
0
0
0
0
0
0
0
0
0
0
0
0
0
0
0
0
0
0
0
0
0
0
0
0
0
0
0
0
0
0
0
0
0
0
0
0
-1.75824
0
0
0
0
0
0
0
0
0
0
0
0
0
-1.90785
0
0
0
0
0
0
0
0
0
0
0
0
0
-1.96964
-1.93144
0
0
0
0
0
0
0
0
0
0
0
0
-1.80628
-1.83078
0
0
0
0
0
0
0
0
0
0
0
0
-1.58433
0
0
0
0
0
0
0
0
0
0
0
0
0
0
0
0
0
0
0
0
0
0
0
0
0
0
0
0
0
0
0
0
0
0
0
0
0
0
0
0
0
0
0
0
0
0
0
0
0
0
0
0
0
0
0
0
0
0
0
0
0
0
0
0
0
0
0
0
0
0
0
0
0
0
0
0
0
0
0
0
0
0
0
0
0
0
0
0
0
0
0
0
0
0
0
0
0
0
0
0
0
0
0
0
0
0
0
0
0
0
0
0
0
0
0
0
0
0
0
0
0
0
0
0
0
0
0
0
0
0
0
0
0
0
0
0
0
0
0
0
0
0
0
0
0
0
0
0
0
0
0
0
0
0
0
0
0
0
0
0
0
0
0
0
0
0
0
0
0
0
0
0
0
0
0
0
0
0
0
0
0
0
0
0
0
0
0
0
0
0
0
0
0
0
0
0
0
0
0
0
0
0
0
0
0
0
0
0
0
0
0
0
0
0
0
0
0
0
0
0
0
0
0
0
0
0
0
0
0
0
0
0
0
0
0
0
0
0
0
0
0
0
0
0
0
0
0
0
0
0
0
0
0
0
0
0
0
0
0
0
0
0
0
0
0
0
0
0
0
0
0
0
0
0
0
0
0
0
0
0
0
0
0
0
0
0
0
0
0
0
0
0
0
0
0
0
0
0
0
0
0
0
0
0
0
0
0
0
0
0
0
0
0
0
0
0
0
0
0
0
0
0
0
0
0
0
0
0
0
0
0
0
0
0
0
0
0
0
0
0
0
0
0
0
0
0
0
0
0
0
0
0
0
0
0
0
0
0
0
0
0
0
0
0
0
0
0
0
0
0
0
0
0
0
0
0
0
0
0
0
0
0
0
0
0
0
0
0
0
0
0
0
0
0
0
0
0
0
0
0
0
0
0
0
0
0
0
0
0
0
0
0
0
0
0
0
0
0
0
0
0
0
0
0
0
0
0
0
0
0
0
0
0
0
0
0
0
0
0
0
0
0
0
0
0
0
0
0
0
0
0
0
0
0
0
0
0
0
0
0
0
0
0
0
0
0
0
0
0
0
0
0
0
0
0
0
0
0
0
0
0
0
0
0
0
0
0
0
0
0
0
0
0
0
0
0
0
0
0
0
0
0
0
-1.3019
0
0
0
0
0
0
0
0
0
0
0
0
0
-1.63153
0
0
0
0
0
0
0
0
0
0
0
0
0
-1.78164
-1.63993
0
0
0
0
0
0
0
0
0
0
0
0
-1.85036
-1.82462
0
0
0
0
0
0
0
0
0
0
0
0
-1.70928
-1.74284
0
0
0
0
0
0
0
0
0
0
0
0
-1.51936
-1.61504
0
0
0
0
0
0
0
0
0
0
0
0
-1.24754
-1.40141
0
0
0
0
0
0
0
0
0
0
0
0
0
0
0
0
0
0
0
0
0
0
0
0
0
0
0
0
0
0
0
0
0
0
0
0
0
0
0
0
0
0
0
0
0
0
0
0
0
0
0
0
0
0
0
0
0
0
0
0
0
0
0
0
0
0
0
0
0
0
0
0
0
0
0
0
0
0
0
0
0
0
0
0
0
0
0
0
0
0
0
0
0
0
0
0
0
0
0
0
0
0
0
0
0
0
0
0
0
0
0
0
0
0
0
0
0
0
0
0
0
0
0
0
0
0
0
0
0
0
0
0
0
0
0
0
0
0
0
0
0
0
0
0
0
0
0
0
0
0
0
0
0
0
0
0
0
0
0
0
0
0
0
0
0
0
0
0
0
0
0
0
0
0
0
0
0
0
0
0
0
0
0
0
0
0
0
0
0
0
0
0
0
0
0
0
0
0
0
0
0
0
0
0
0
0
0
0
0
0
0
0
0
0
0
0
0
0
0
0
0
0
0
0
0
0
0
0
0
0
0
0
0
0
0
0
0
0
0
0
0
0
0
0
0
0
0
0
0
0
0
0
0
0
0
0
0
0
0
0
0
0
0
0
0
0
0
0
0
0
0
0
0
0
0
0
0
0
0
0
0
0
0
0
0
0
0
0
0
0
0
0
0
0
0
0
0
0
0
0
0
0
0
0
0
0
0
0
0
0
0
0
0
0
0
0
0
0
0
0
0
0
0
0
0
0
0
0
0
0
0
0
0
0
0
0
0
0
0
0
0
0
0
0
0
0
0
0
0
0
0
0
0
0
0
0
0
0
0
0
0
0
0
0
0
0
0
0
0
0
0
0
0
0
0
0
0
0
0
0
0
0
0
0
0
0
0
0
0
0
0
0
0
0
0
0
0
0
0
0
0
0
0
0
0
0
0
0
0
0
0
0
0
0
0
0
0
0
0
0
0
0
0
0
0
0
0
0
0
0
0
0
0
0
0
0
0
0
0
0
0
0
0
0
0
0
0
0
0
0
0
0
0
0
0
0
0
0
0
0
0
0
0
0
0
0
0
0
0
0
0
0
0
0
0
0
0
0
0
0
0
0
0
0
0
0
0
0
-1.17485
0
0
0
0
0
0
0
0
0
0
0
0
0
-1.48362
-1.23104
0
0
0
0
0
0
0
0
0
0
0
-0.503319
-1.63102
-1.46204
0
0
0
0
0
0
0
0
0
0
0
-0.568075
-1.70264
-1.64611
0
0
0
0
0
0
0
0
0
0
0
-0.572247
-1.58495
-1.58915
-1.49615
0
0
0
0
0
0
0
0
0
0
-0.550945
-1.42697
-1.49434
-1.64458
0
0
0
0
0
0
0
0
0
0
-0.440943
-1.20082
-1.32656
-1.68836
0
0
0
0
0
0
0
0
0
-0.257432
0
-0.971226
-1.24424
-1.59801
0
0
0
0
0
0
0
0
0
-0.361816
0
0
-1.24179
0
0
0
0
0
0
0
0
0
0
-0.337188
0
0
-1.31142
0
0
0
0
0
0
0
0
0
0
0
0
0
-1.37592
0
0
0
0
0
0
0
0
0
0
0
0
0
0
0
0
0
0
0
0
0
0
0
0
0
0
0
0
0
0
0
0
0
0
0
0
0
0
0
0
0
0
0
0
0
0
0
0
0
0
0
0
0
0
0
0
0
0
0
0
0
0
0
0
0
0
0
0
0
0
0
0
0
0
0
0
0
0
0
0
0
0
0
0
0
0
0
0
0
0
0
0
0
0
0
0
0
0
0
0
0
0
0
0
0
0
0
0
0
0
0
0
0
0
0
0
0
0
0
0
0
0
0
0
0
0
0
0
0
0
0
0
0
0
0
0
0
0
0
0
0
0
0
0
0
0
0
0
0
0
0
0
0
0
0
0
0
0
0
0
0
0
0
0
0
0
0
0
0
0
0
0
0
0
0
0
0
0
0
0
0
0
0
0
0
0
0
0
0
0
0
0
0
0
0
0
0
0
0
0
0
0
0
0
0
0
0
0
0
0
0
0
0
0
0
0
0
0
0
0
0
0
0
0
0
0
0
0
0
0
0
0
0
0
0
0
0
0
0
0
0
0
0
0
0
0
0
0
0
0
0
0
0
0
0
0
0
0
0
0
0
0
0
0
0
0
0
0
0
0
0
0
0
0
0
0
0
0
0
0
0
0
0
0
0
0
0
0
0
0
0
0
0
0
0
0
0
0
0
0
0
0
0
0
0
0
0
0
0
0
0
0
0
0
0
0
0
0
0
0
0
0
0
0
0
0
0
0
0
0
0
0
0
0
0
0
0
0
0
0
0
0
0
0
0
0
0
0
0
0
0
0
0
0
0
0
0
0
0
0
0
0
0
0
0
0
0
0
0
0
0
0
0
0
0
0
0
0
0
0
0
0
0
0
0
0
0
0
0
0
0
0
0
0
0
0
0
0
0
0
0
0
0
0
0
0
0
0
0
0
0
0
0
0
0
0
-0.147769
0
-0.752084
0
0
0
0
0
0
0
0
0
0
0
-0.193725
0
-1.07502
-0.735231
0
0
0
0
0
0
0
0
0
0
-0.152589
-0.383678
-1.37503
-1.05192
0
0
0
0
0
0
0
0
0
0
0
-0.532872
-1.5279
-1.27879
0
0
0
0
0
0
0
0
0
0
0
-0.608196
-1.60634
-1.46465
-1.2829
0
0
0
0
0
0
0
0
0
0
-0.62921
-1.5117
-1.43272
-1.49713
0
0
0
0
0
0
0
0
0
0
-0.621822
-1.37905
-1.36716
-1.65119
-1.48323
0
0
0
0
0
0
0
0
0
-0.529563
-1.18425
-1.2355
-1.69924
-1.51608
0
0
0
0
0
0
0
0
-0.209038
-0.354975
-0.973223
-1.16874
-1.60863
0
0
0
0
0
0
0
0
0
-0.337288
0
-0.723369
-1.16092
-1.37036
0
0
0
0
0
0
0
0
0
-0.326675
0
-0.491283
-1.21838
0
0
0
0
0
0
0
0
0
0
-0.291007
0
0
-1.28795
0
0
0
0
0
0
0
0
0
0
0
0
0
-1.35282
0
0
0
0
0
0
0
0
0
0
0
0
0
-1.45481
0
0
0
0
0
0
0
0
0
0
0
0
0
-1.5801
0
0
0
0
0
0
0
0
0
0
0
0
0
0
0
0
0
0
0
0
0
0
0
0
0
0
0
0
0
0
0
0
0
0
0
0
0
0
0
0
0
0
0
0
0
0
0
0
0
0
0
0
0
0
0
0
0
0
0
0
0
0
0
0
0
0
0
0
0
0
0
0
0
0
0
0
0
0
0
0
0
0
0
0
0
0
0
0
0
0
0
0
0
0
0
0
0
0
0
0
0
0
0
0
0
0
0
0
0
0
0
0
0
0
0
0
0
0
0
0
0
0
0
0
0
0
0
0
0
0
0
0
0
0
0
0
0
0
0
0
0
0
0
0
0
0
0
0
0
0
0
0
0
0
0
0
0
0
0
0
0
0
0
0
0
0
0
0
0
0
0
0
0
0
0
0
0
0
0
0
0
0
0
0
0
0
0
0
0
0
0
0
0
0
0
0
0
0
0
0
0
0
0
0
0
0
0
0
0
0
0
0
0
0
0
0
0
0
0
0
0
0
0
0
0
0
0
0
0
0
0
0
0
0
0
0
0
0
0
0
0
0
0
0
0
0
0
0
0
0
0
0
0
0
0
0
0
0
0
0
0
0
0
0
0
0
0
0
0
0
0
0
0
0
0
0
0
0
0
0
0
0
0
0
0
0
0
0
0
0
0
0
0
0
0
0
0
0
0
0
0
0
0
0
0
0
0
0
0
0
0
0
0
0
0
0
0
0
0
0
0
0
0
0
0
0
0
0
0
0
0
0
0
0
0
0
0
0
0
0
0
0
0
0
0
0
0
0
0
0
0
0
0
0
0
0
0
0
0
0
0
0
0
0
0
0
0
0
0
0
0
0
0
0
-0.127543
0
-0.702572
-0.491019
0
0
0
0
0
0
0
0
0
0
-0.223607
-0.155104
-1.03517
-0.566415
0
-1.17236
0
0
0
0
0
0
0
0
-0.225769
-0.438333
-1.33336
-0.879929
0
-1.09393
0
0
0
0
0
0
0
0
-0.131073
-0.588261
-1.49123
-1.1132
-0.977387
-1.12908
0
0
0
0
0
0
0
0
0
-0.662153
-1.57308
-1.30538
-1.27016
-1.2491
0
0
0
0
0
0
0
0
0
-0.695818
-1.49609
-1.29692
-1.47519
-1.41003
0
0
0
0
0
0
0
0
0
-0.703934
-1.38183
-1.2532
-1.622
-1.53069
0
0
0
0
0
0
0
0
0
-0.639751
-1.20886
-1.14287
-1.66431
-1.53661
0
0
0
0
0
0
0
0
-0.135952
-0.483868
-1.00819
-1.07757
-1.5676
-1.4019
0
0
0
0
0
0
0
0
-0.288726
-0.220638
-0.760504
-1.05409
-1.32284
0
0
0
0
0
0
0
0
0
-0.30739
0
-0.523371
-1.10623
-0.967869
0
0
0
0
0
0
0
0
0
-0.304362
0
-0.324851
-1.19314
0
0
0
0
0
0
0
0
0
0
-0.256466
0
0
-1.32164
0
0
0
0
0
0
0
0
0
0
-0.237257
0
-0.586823
-1.49084
0
0
0
0
0
0
0
0
0
0
-0.247353
0
-0.895924
-1.68781
0
0
0
0
0
0
0
0
0
0
0
0
-1.07153
-1.78864
0
0
0
0
0
0
0
0
0
0
0
0
-1.18862
-1.85403
0
0
0
0
0
0
0
0
0
0
0
0
0
-1.8211
0
0
0
0
0
0
0
0
0
0
0
0
0
0
0
0
0
0
0
0
0
0
0
0
0
0
0
0
0
0
0
0
0
0
0
0
0
0
0
0
0
0
0
0
0
0
0
0
0
0
0
0
0
0
0
0
0
0
0
0
0
0
0
0
0
0
0
0
0
0
0
0
0
0
0
0
0
0
0
0
0
0
0
0
0
0
0
0
0
0
0
0
0
0
0
0
0
0
0
0
0
0
0
0
0
0
0
0
0
0
0
0
0
0
0
0
0
0
0
0
0
0
0
0
0
0
0
0
0
0
0
0
0
0
0
0
0
0
0
0
0
0
0
0
0
0
0
0
0
0
0
0
0
0
0
0
0
0
0
0
0
0
0
0
0
0
0
0
0
0
0
0
0
0
0
0
0
0
0
0
0
0
0
0
0
0
0
0
0
0
0
0
0
0
0
0
0
0
0
0
0
0
0
0
0
0
0
0
0
0
0
0
0
0
0
0
0
0
0
0
0
0
0
0
0
0
0
0
0
0
0
0
0
0
0
0
0
0
0
0
0
0
0
0
0
0
0
0
0
0
0
0
0
0
0
0
0
0
0
0
0
0
0
0
0
0
0
0
0
0
0
0
0
0
0
0
0
0
0
0
0
0
0
0
0
0
0
0
0
0
0
0
0
0
0
0
0
0
0
0
0
0
0
0
0
0
0
0
0
0
0
0
0
0
0
0
0
0
0
0
-0.293275
0
0
0
0
0
0
0
0
0
0
0
-0.0790323
0
-0.72558
-0.34718
0
-1.00466
0
0
0
0
0
0
0
0
-0.252723
-0.224699
-1.06228
-0.465705
0
-1.07352
0
0
0
0
0
0
0
0
-0.320414
-0.498182
-1.3514
-0.784258
-0.655364
-1.07051
0
0
0
0
0
0
0
0
-0.256388
-0.645085
-1.50605
-1.02517
-1.00133
-1.15057
0
0
0
0
0
0
0
0
0
-0.715963
-1.58477
-1.22263
-1.28464
-1.28658
0
0
0
0
0
0
0
0
0
-0.762132
-1.52124
-1.23612
-1.47961
-1.43514
0
0
0
0
0
0
0
0
0
-0.784614
-1.42376
-1.21204
-1.61525
-1.5406
0
0
0
0
0
0
0
0
0
-0.747736
-1.27279
-1.11905
-1.64502
-1.52357
0
0
0
0
0
0
0
0
-0.0965365
-0.61125
-1.08613
-1.05196
-1.53386
-1.37139
0
0
0
0
0
0
0
0
-0.252307
-0.372436
-0.846583
-1.00861
-1.27369
-1.03702
0
0
0
0
0
0
0
0
-0.282534
-0.10115
-0.615292
-1.04998
-0.914423
0
0
0
0
0
0
0
0
0
-0.310646
0
-0.438096
-1.13963
0
0
0
0
0
0
0
0
0
0
-0.33644
0
-0.500841
-1.30482
0
0
0
0
0
0
0
0
0
0
-0.386582
0
-0.710548
-1.5089
0
0
0
0
0
0
0
0
0
0
-0.444694
-0.328369
-0.982621
-1.74086
0
0
0
0
0
0
0
0
0
0
-0.386085
-0.455847
-1.11422
-1.85208
0
0
0
0
0
0
0
0
0
0
-0.276876
-0.530869
-1.20897
-1.93803
0
0
0
0
0
0
0
0
0
0
0
0
-1.17403
-1.93781
0
0
0
0
0
0
0
0
0
0
0
0
0
-1.9397
0
0
0
0
0
0
0
0
0
0
0
0
0
0
0
0
0
0
0
0
0
0
0
0
0
0
0
0
0
0
0
0
0
0
0
0
0
0
0
0
0
0
0
0
0
0
0
0
0
0
0
0
0
0
0
0
0
0
0
0
0
0
0
0
0
0
0
0
0
0
0
0
0
0
0
0
0
0
0
0
0
0
0
0
0
0
0
0
0
0
0
0
0
0
0
0
0
0
0
0
0
0
0
0
0
0
0
0
0
0
0
0
0
0
0
0
0
0
0
0
0
0
0
0
0
0
0
0
0
0
0
0
0
0
0
0
0
0
0
0
0
0
0
0
0
0
0
0
0
0
0
0
0
0
0
0
0
0
0
0
0
0
0
0
0
0
0
0
0
0
0
0
0
0
0
0
0
0
0
0
0
0
0
0
0
0
0
0
0
0
0
0
0
0
0
0
0
0
0
0
0
0
0
0
0
0
0
0
0
0
0
0
0
0
0
0
0
0
0
0
0
0
0
0
0
0
0
0
0
0
0
0
0
0
0
0
0
0
0
0
0
0
0
0
0
0
0
0
0
0
0
0
0
0
0
0
0
0
0
0
0
0
0
0
0
0
0
0
0
0
0
0
0
0
0
0
0
0
0
0
0
0
0
0
0
0
0
0
0
0
0
0
0
0
0
0
0
0
0
0
0
0
0
0
0
0
-0.286119
0
0
0
0
0
0
0
0
0
0
0
0
0
-0.717874
-0.253824
0
-0.86163
0
0
0
0
0
0
0
0
-0.228277
-0.267948
-1.0528
-0.421557
-0.289742
-0.990042
0
0
0
0
0
0
0
0
-0.307768
-0.554472
-1.3391
-0.75188
-0.741809
-1.02996
0
0
0
0
0
0
0
0
-0.236051
-0.711422
-1.4985
-0.99873
-1.07061
-1.13725
0
0
0
0
0
0
0
0
0
-0.786345
-1.58406
-1.19792
-1.33509
-1.2859
0
0
0
0
0
0
0
0
0
-0.847538
-1.53453
-1.22449
-1.51274
-1.4326
0
0
0
0
0
0
0
0
0
-0.885089
-1.4497
-1.21208
-1.63267
-1.5297
-0.878718
0
0
0
0
0
0
0
0
-0.869666
-1.30951
-1.12785
-1.64807
-1.49386
-1.00456
0
0
0
0
0
0
0
0
-0.741539
-1.13338
-1.05998
-1.52371
-1.32433
-0.977264
0
0
0
0
0
0
0
-0.202447
-0.507234
-0.909905
-1.00571
-1.25244
-0.971735
0
0
0
0
0
0
0
0
-0.274451
-0.245141
-0.716657
-1.05886
-0.901279
0
0
0
0
0
0
0
0
0
-0.329835
-0.0548049
-0.59747
-1.16532
-0.521695
0
0
0
0
0
0
0
0
0
-0.391545
-0.133635
-0.706595
-1.35589
0
0
0
0
0
0
0
0
0
0
-0.476571
-0.332339
-0.903096
-1.5581
-0.678064
0
0
0
0
0
0
0
0
0
-0.580479
-0.549854
-1.12909
-1.78109
-1.01143
0
0
0
0
0
0
0
0
0
-0.526819
-0.620281
-1.19955
-1.88419
-1.32635
0
0
0
0
0
0
0
0
0
-0.393397
-0.63397
-1.25735
-1.9779
-1.60698
0
0
0
0
0
0
0
0
0
0
-0.514111
-1.23392
-2.00884
-1.82927
0
0
0
0
0
0
0
0
0
0
0
-1.20962
-2.0466
-1.95895
0
0
0
0
0
0
0
0
0
0
0
0
-2.04534
0
0
0
0
0
0
0
0
0
0
0
0
0
0
0
0
0
0
0
0
0
0
0
0
0
0
0
0
0
0
0
0
0
0
0
0
0
0
0
0
0
0
0
0
0
0
0
0
0
0
0
0
0
0
0
0
0
0
0
0
0
0
0
0
0
0
0
0
0
0
0
0
0
0
0
0
0
0
0
0
0
0
0
0
0
0
0
0
0
0
0
0
0
0
0
0
0
0
0
0
0
0
0
0
0
0
0
0
0
0
0
0
0
0
0
0
0
0
0
0
0
0
0
0
0
0
0
0
0
0
0
0
0
0
0
0
0
0
0
0
0
0
0
0
0
0
0
0
0
0
0
0
0
0
0
0
0
0
0
0
0
0
0
0
0
0
0
0
0
0
0
0
0
0
0
0
0
0
0
0
0
0
0
0
0
0
0
0
0
0
0
0
0
0
0
0
0
0
0
0
0
0
0
0
0
0
0
0
0
0
0
0
0
0
0
0
0
0
0
0
0
0
0
0
0
0
0
0
0
0
0
0
0
0
0
0
0
0
0
0
0
0
0
0
0
0
0
0
0
0
0
0
0
0
0
0
0
0
0
0
0
0
0
0
0
0
0
0
0
0
0
0
0
0
0
0
0
0
0
0
0
0
0
0
0
0
0
0
0
0
0
0
-0.250604
0
0
-0.507537
0
0
0
0
0
0
0
0
0
0
-0.691584
-0.189279
0
-0.776808
0
0
0
0
0
0
0
0
0
-0.310454
-1.04759
-0.400828
-0.438719
-0.956554
0
0
0
0
0
0
0
0
-0.115523
-0.570766
-1.35672
-0.740723
-0.870264
-1.03024
0
0
0
0
0
0
0
0
-0.0668061
-0.705712
-1.53699
-0.991361
-1.17734
-1.15957
0
0
0
0
0
0
0
0
0
-0.767194
-1.63888
-1.19143
-1.41926
-1.31969
0
-1.0418
0
0
0
0
0
0
0
-0.840371
-1.60462
-1.22667
-1.57718
-1.46815
-0.684304
-1.01424
0
0
0
0
0
0
0
-0.901842
-1.53046
-1.22079
-1.68126
-1.55973
-0.918628
-0.954382
0
0
0
0
0
0
0
-0.928561
-1.39219
-1.13984
-1.68501
-1.50733
-1.03913
0
0
0
0
0
0
0
0
-0.843038
-1.2141
-1.0734
-1.55335
-1.31901
-1.00796
0
0
0
0
0
0
0
0
-0.653714
-0.988936
-1.01931
-1.27999
-0.94354
-0.8566
0
0
0
0
0
0
0
-0.133366
-0.433725
-0.821412
-1.10527
-0.947742
-0.46928
0
0
0
0
0
0
0
0
-0.296483
-0.282464
-0.755075
-1.2435
-0.616479
0
0
0
0
0
0
0
0
0
-0.472166
-0.377354
-0.914288
-1.46094
-0.590068
0
0
0
0
0
0
0
0
0
-0.598887
-0.561009
-1.11327
-1.65588
-0.77383
0
0
0
0
0
0
0
0
0
-0.700619
-0.766036
-1.30813
-1.85099
-1.0632
0
0
0
0
0
0
0
0
0
-0.641346
-0.810042
-1.32881
-1.91666
-1.35839
0
0
0
0
0
0
0
0
0
-0.512645
-0.781209
-1.33527
-1.99367
-1.64012
0
0
0
0
0
0
0
0
0
-0.16514
-0.619193
-1.2904
-2.03741
-1.8943
0
0
0
0
0
0
0
0
0
0
0
-1.2744
-2.09297
-2.05437
0
0
0
0
0
0
0
0
0
0
0
-1.22938
-2.12307
-2.15485
0
0
0
0
0
0
0
0
0
0
0
0
-2.05249
0
0
0
0
0
0
0
0
0
0
0
0
0
0
0
0
0
0
0
0
0
0
0
0
0
0
0
0
0
0
0
0
0
0
0
0
0
0
0
0
0
0
0
0
0
0
0
0
0
0
0
0
0
0
0
0
0
0
0
0
0
0
0
0
0
0
0
0
0
0
0
0
0
0
0
0
0
0
0
0
0
0
0
0
0
0
0
0
0
0
0
0
0
0
0
0
0
0
0
0
0
0
0
0
0
0
0
0
0
0
0
0
0
0
0
0
0
0
0
0
0
0
0
0
0
0
0
0
0
0
0
0
0
0
0
0
0
0
0
0
0
0
0
0
0
0
0
0
0
0
0
0
0
0
0
0
0
0
0
0
0
0
0
0
0
0
0
0
0
0
0
0
0
0
0
0
0
0
0
0
0
0
0
0
0
0
0
0
0
0
0
0
0
0
0
0
0
0
0
0
0
0
0
0
0
0
0
0
0
0
0
0
0
0
0
0
0
0
0
0
0
0
0
0
0
0
0
0
0
0
0
0
0
0
0
0
0
0
0
0
0
0
0
0
0
0
0
0
0
0
0
0
0
0
0
0
0
0
0
0
0
0
0
0
0
0
0
0
0
0
0
0
0
0
0
0
0
0
-0.180133
0
0
-0.367259
0
0
0
0
0
0
0
0
0
0
-0.657586
-0.153509
-0.121828
-0.68691
0
0
0
0
0
0
0
0
0
-0.176997
-1.03272
-0.424448
-0.566375
-0.90271
0
0
0
0
0
0
0
0
0
-0.425099
-1.354
-0.793149
-0.96551
-1.00152
0
0
0
0
0
0
0
0
0
-0.569563
-1.5422
-1.06319
-1.24727
-1.15285
0
-0.736854
0
0
0
0
0
0
0
-0.64906
-1.65736
-1.27396
-1.46732
-1.32993
-0.355752
-0.978208
0
0
0
0
0
0
0
-0.747823
-1.63842
-1.31814
-1.61356
-1.49335
-0.684754
-0.965188
0
0
0
0
0
0
0
-0.827997
-1.58415
-1.31416
-1.71064
-1.59235
-0.922687
-0.921354
0
0
0
0
0
0
0
-0.87023
-1.46145
-1.22571
-1.71486
-1.54061
-1.03822
-0.830549
0
0
0
0
0
0
0
-0.800512
-1.3066
-1.14876
-1.59413
-1.35024
-1.00103
0
0
0
0
0
0
0
0
-0.644997
-1.10618
-1.08356
-1.34767
-0.976359
-0.846351
0
0
0
0
0
0
0
0
-0.501493
-0.979667
-1.19073
-1.06781
-0.509636
-0.524775
0
0
0
0
0
0
0
-0.126831
-0.454014
-0.945057
-1.35421
-0.810715
0
0
0
0
0
0
0
0
0
-0.395998
-0.615118
-1.11084
-1.59179
-0.797202
0
0
0
0
0
0
0
0
0
-0.629901
-0.785241
-1.30054
-1.77611
-0.92494
0
0
0
0
0
0
0
0
0
-0.780793
-0.947589
-1.48695
-1.93936
-1.1324
0
0
0
0
0
0
0
0
0
-0.692634
-0.977098
-1.4934
-1.96431
-1.37658
0
0
0
0
0
0
0
0
0
-0.540991
-0.945759
-1.47391
-2.00037
-1.64313
0
0
0
0
0
0
0
0
0
-0.201209
-0.773077
-1.40954
-2.03166
-1.91626
-1.50446
0
0
0
0
0
0
0
0
0
-0.51319
-1.37046
-2.09134
-2.0967
-1.7171
0
0
0
0
0
0
0
0
0
0
-1.3343
-2.13845
-2.22553
0
0
0
0
0
0
0
0
0
0
0
-1.23034
-2.07972
-2.15031
0
0
0
0
0
0
0
0
0
0
0
0
-1.90789
0
0
0
0
0
0
0
0
0
0
0
0
0
0
0
0
0
0
0
0
0
0
0
0
0
0
0
0
0
0
0
0
0
0
0
0
0
0
0
0
0
0
0
0
0
0
0
0
0
0
0
0
0
0
0
0
0
0
0
0
0
0
0
0
0
0
0
0
0
0
0
0
0
0
0
0
0
0
0
0
0
0
0
0
0
0
0
0
0
0
0
0
0
0
0
0
0
0
0
0
0
0
0
0
0
0
0
0
0
0
0
0
0
0
0
0
0
0
0
0
0
0
0
0
0
0
0
0
0
0
0
0
0
0
0
0
0
0
0
0
0
0
0
0
0
0
0
0
0
0
0
0
0
0
0
0
0
0
0
0
0
0
0
0
0
0
0
0
0
0
0
0
0
0
0
0
0
0
0
0
0
0
0
0
0
0
0
0
0
0
0
0
0
0
0
0
0
0
0
0
0
0
0
0
0
0
0
0
0
0
0
0
0
0
0
0
0
0
0
0
0
0
0
0
0
0
0
0
0
0
0
0
0
0
0
0
0
0
0
0
0
0
0
0
0
0
0
0
0
0
0
0
0
0
0
0
0
0
0
0
0
0
0
0
-0.0643145
0
0
-0.257924
0
0
0
0
0
0
0
0
0
0
-0.533703
-0.18042
-0.238605
-0.61077
0
0
0
0
0
0
0
0
0
0
-0.892713
-0.522242
-0.672959
-0.849564
0
0
0
0
0
0
0
0
0
-0.278089
-1.22696
-0.914029
-1.04417
-0.965184
0
0
0
0
0
0
0
0
0
-0.470197
-1.44085
-1.19052
-1.30943
-1.13559
0
-0.643407
0
0
0
0
0
0
0
-0.594227
-1.59124
-1.40139
-1.51508
-1.33046
-0.35586
-0.89384
-0.996912
0
0
0
0
0
0
-0.732096
-1.59675
-1.44844
-1.65596
-1.51465
-0.701216
-0.898322
-1.03132
0
0
0
0
0
0
-0.832827
-1.56104
-1.44907
-1.74788
-1.62811
-0.944103
-0.871404
-1.03045
0
0
0
0
0
0
-0.876079
-1.44256
-1.36302
-1.75124
-1.5874
-1.05674
-0.798971
-0.951212
0
0
0
0
0
0
-0.794602
-1.30646
-1.28994
-1.6399
-1.40618
-1.01518
-0.692597
0
0
0
0
0
0
0
-0.624138
-1.14716
-1.22261
-1.42416
-1.04812
-0.856987
0
0
0
0
0
0
0
0
-0.498889
-1.10772
-1.33712
-1.20407
-0.599133
-0.538513
0
0
0
0
0
0
0
0
-0.511479
-1.15352
-1.49304
-1.02167
0
0
0
0
0
0
0
0
0
-0.254552
-0.759906
-1.34189
-1.72084
-1.01875
0
0
0
0
0
0
0
0
0
-0.516527
-0.996175
-1.49821
-1.89521
-1.09799
0
0
0
0
0
0
0
0
0
-0.7528
-1.15717
-1.64957
-2.04123
-1.23155
0
0
0
0
0
0
0
0
0
-0.731794
-1.14436
-1.65776
-2.03767
-1.41743
0
0
0
0
0
0
0
0
0
-0.559334
-1.09851
-1.63633
-2.03732
-1.64505
-1.07609
0
0
0
0
0
0
0
0
-0.199481
-0.941398
-1.56141
-2.03699
-1.91956
-1.53175
0
0
0
0
0
0
0
0
0
-0.665828
-1.48537
-2.07579
-2.10572
-1.77796
0
0
0
0
0
0
0
0
0
0
-1.42007
-2.12573
-2.25075
-1.94248
0
0
0
0
0
0
0
0
0
0
-1.2969
-2.07001
-2.18815
0
0
0
0
0
0
0
0
0
0
0
0
-1.91462
-1.99249
0
0
0
0
0
0
0
0
0
0
0
0
0
0
0
0
0
0
0
0
0
0
0
0
0
0
0
0
0
0
0
0
0
0
0
0
0
0
0
0
0
0
0
0
0
0
0
0
0
0
0
0
0
0
0
0
0
0
0
0
0
0
0
0
0
0
0
0
0
0
0
0
0
0
0
0
0
0
0
0
0
0
0
0
0
0
0
0
0
0
0
0
0
0
0
0
0
0
0
0
0
0
0
0
0
0
0
0
0
0
0
0
0
0
0
0
0
0
0
0
0
0
0
0
0
0
0
0
0
0
0
0
0
0
0
0
0
0
0
0
0
0
0
0
0
0
0
0
0
0
0
0
0
0
0
0
0
0
0
0
0
0
0
0
0
0
0
0
0
0
0
0
0
0
0
0
0
0
0
0
0
0
0
0
0
0
0
0
0
0
0
0
0
0
0
0
0
0
0
0
0
0
0
0
0
0
0
0
0
0
0
0
0
0
0
0
0
0
0
0
0
0
0
0
0
0
0
0
0
0
0
0
0
0
0
0
0
0
0
0
0
0
0
0
0
0
0
0
0
0
0
0
0
0
0
0
0
0
0
0
0
0
0
0
0
0
-0.0977317
0
0
0
0
0
0
0
0
0
0
-0.300035
-0.249786
-0.286111
-0.472546
0
0
0
0
0
0
0
0
0
0
-0.691885
-0.607147
-0.730282
-0.725914
0
0
0
0
0
0
0
0
0
0
-1.0949
-0.977164
-1.09671
-0.863437
0
0
0
0
0
0
0
0
0
-0.436754
-1.37348
-1.23947
-1.36338
-1.06426
0
-0.471875
0
0
0
0
0
0
0
-0.616747
-1.58059
-1.44496
-1.56944
-1.28886
-0.299011
-0.732094
-0.786611
0
0
0
0
0
0
-0.800704
-1.61729
-1.49968
-1.72323
-1.50336
-0.663796
-0.758474
-0.858974
0
0
0
0
0
0
-0.925687
-1.59551
-1.51422
-1.82639
-1.63838
-0.915971
-0.753241
-0.896803
0
0
0
0
0
0
-0.967164
-1.46438
-1.45094
-1.84352
-1.61936
-1.03501
-0.706606
-0.86088
0
0
0
0
0
0
-0.872811
-1.31439
-1.41508
-1.7518
-1.46138
-1.00135
-0.613699
-0.719401
0
0
0
0
0
0
-0.678521
-1.14861
-1.39473
-1.57082
-1.14467
-0.857804
-0.475573
0
0
0
0
0
0
0
-0.544907
-1.14673
-1.54434
-1.39187
-0.737655
-0.567513
0
0
0
0
0
0
0
0
-0.549478
-1.25718
-1.69905
-1.25254
-0.224165
0
0
0
0
0
0
0
0
-0.164627
-0.793134
-1.5096
-1.88464
-1.23795
0
0
0
0
0
0
0
0
0
-0.387796
-1.05993
-1.68922
-2.00796
-1.26943
0
0
0
0
0
0
0
0
0
-0.599717
-1.28723
-1.80834
-2.12342
-1.33005
0
0
0
0
0
0
0
0
0
-0.645965
-1.29754
-1.79326
-2.10775
-1.45689
-0.569723
0
0
0
0
0
0
0
0
-0.548554
-1.21702
-1.78077
-2.08166
-1.63271
-1.04352
0
0
0
0
0
0
0
0
-0.182935
-1.06078
-1.71557
-2.05159
-1.87808
-1.51441
0
0
0
0
0
0
0
0
0
-0.794422
-1.6109
-2.05181
-2.05557
-1.7885
0
0
0
0
0
0
0
0
0
-0.374239
-1.50146
-2.08564
-2.20507
-1.99472
0
0
0
0
0
0
0
0
0
0
-1.33988
-2.03367
-2.15497
-1.93218
0
0
0
0
0
0
0
0
0
0
-1.11975
-1.90217
-1.99794
0
0
0
0
0
0
0
0
0
0
0
0
0
0
0
0
0
0
0
0
0
0
0
0
0
0
0
0
0
0
0
0
0
0
0
0
0
0
0
0
0
0
0
0
0
0
0
0
0
0
0
0
0
0
0
0
0
0
0
0
0
0
0
0
0
0
0
0
0
0
0
0
0
0
0
0
0
0
0
0
0
0
0
0
0
0
0
0
0
0
0
0
0
0
0
0
0
0
0
0
0
0
0
0
0
0
0
0
0
0
0
0
0
0
0
0
0
0
0
0
0
0
0
0
0
0
0
0
0
0
0
0
0
0
0
0
0
0
0
0
0
0
0
0
0
0
0
0
0
0
0
0
0
0
0
0
0
0
0
0
0
0
0
0
0
0
0
0
0
0
0
0
0
0
0
0
0
0
0
0
0
0
0
0
0
0
0
0
0
0
0
0
0
0
0
0
0
0
0
0
0
0
0
0
0
0
0
0
0
0
0
0
0
0
0
0
0
0
0
0
0
0
0
0
0
0
0
0
0
0
0
0
0
0
0
0
0
0
0
0
0
0
0
0
0
0
0
0
0
0
0
0
0
0
0
0
0
0
0
0
0
0
0
0
0
0
0
0
0
0
0
0
0
0
0
0
0
0
-0.273463
-0.328652
-0.259026
0
0
0
0
0
0
0
0
0
0
-0.519402
-0.629227
-0.773569
-0.533418
0
0
0
0
0
0
0
0
0
0
-1.02334
-0.988563
-1.11947
-0.716222
0
0
0
0
0
0
0
0
0
0
-1.37996
-1.25824
-1.37604
-0.97235
0
-0.258563
0
0
0
0
0
0
0
-0.660483
-1.64951
-1.47522
-1.57937
-1.2445
-0.199581
-0.527828
-0.528138
0
0
0
0
0
0
-0.905069
-1.71912
-1.54643
-1.75477
-1.49993
-0.588429
-0.583947
-0.648992
0
0
0
0
0
0
-1.0576
-1.71333
-1.57321
-1.88342
-1.66048
-0.854808
-0.60977
-0.731561
0
0
0
0
0
0
-1.09005
-1.5714
-1.52285
-1.93479
-1.66437
-0.988995
-0.60113
-0.740668
0
0
0
0
0
0
-0.979461
-1.40616
-1.50694
-1.88752
-1.52687
-0.974675
-0.531226
-0.622254
0
0
0
0
0
0
-0.763118
-1.22041
-1.51995
-1.76237
-1.24894
-0.860152
-0.410015
0
0
0
0
0
0
0
-0.634853
-1.21605
-1.70304
-1.62273
-0.881547
-0.613018
0
0
0
0
0
0
0
0
-0.639015
-1.32281
-1.88846
-1.49786
-0.439175
-0.349757
0
0
0
0
0
0
0
0
-0.856918
-1.58685
-2.07018
-1.44329
-0.119481
0
0
0
0
0
0
0
0
-0.27191
-1.08296
-1.81587
-2.14944
-1.42267
0
0
0
0
0
0
0
0
0
-0.430867
-1.31543
-1.96949
-2.20572
-1.42626
0
0
0
0
0
0
0
0
0
-0.457346
-1.40079
-1.94457
-2.16736
-1.50503
-0.5775
0
0
0
0
0
0
0
0
-0.435028
-1.34752
-1.91062
-2.13269
-1.63473
-1.01432
0
0
0
0
0
0
0
0
-0.163777
-1.16807
-1.86006
-2.08373
-1.84389
-1.48559
0
0
0
0
0
0
0
0
0
-0.902789
-1.74248
-2.0499
-1.99358
-1.77926
0
0
0
0
0
0
0
0
0
-0.496816
-1.59556
-2.05018
-2.1398
-2.01699
0
0
0
0
0
0
0
0
0
0
-1.38277
-1.99376
-2.09648
-1.98147
0
0
0
0
0
0
0
0
0
0
-1.14146
-1.87979
-1.96096
0
0
0
0
0
0
0
0
0
0
0
0
-1.55125
0
0
0
0
0
0
0
0
0
0
0
0
0
0
0
0
0
0
0
0
0
0
0
0
0
0
0
0
0
0
0
0
0
0
0
0
0
0
0
0
0
0
0
0
0
0
0
0
0
0
0
0
0
0
0
0
0
0
0
0
0
0
0
0
0
0
0
0
0
0
0
0
0
0
0
0
0
0
0
0
0
0
0
0
0
0
0
0
0
0
0
0
0
0
0
0
0
0
0
0
0
0
0
0
0
0
0
0
0
0
0
0
0
0
0
0
0
0
0
0
0
0
0
0
0
0
0
0
0
0
0
0
0
0
0
0
0
0
0
0
0
0
0
0
0
0
0
0
0
0
0
0
0
0
0
0
0
0
0
0
0
0
0
0
0
0
0
0
0
0
0
0
0
0
0
0
0
0
0
0
0
0
0
0
0
0
0
0
0
0
0
0
0
0
0
0
0
0
0
0
0
0
0
0
0
0
0
0
0
0
0
0
0
0
0
0
0
0
0
0
0
0
0
0
0
0
0
0
0
0
0
0
0
0
0
0
0
0
0
0
0
0
0
0
0
0
0
0
0
0
0
0
0
0
0
0
0
0
0
0
0
0
0
0
0
-0.228086
-0.283724
0
0
0
0
0
0
0
0
0
0
0
-0.413068
-0.60864
-0.704784
-0.315405
0
0
0
0
0
0
0
0
0
0
-0.999095
-0.980958
-1.02697
-0.567926
0
0
0
0
0
0
0
0
0
0
-1.41609
-1.27279
-1.28537
-0.893445
0
0
0
0
0
0
0
0
0
0
-1.73246
-1.50893
-1.50449
-1.21767
-0.0367318
-0.267255
0
0
0
0
0
0
0
-1.0724
-1.82954
-1.60738
-1.71723
-1.51152
-0.452203
-0.354558
-0.384978
0
0
0
0
0
0
-1.24766
-1.83965
-1.65605
-1.88038
-1.69655
-0.736443
-0.415916
-0.500988
0
0
0
0
0
0
-1.26449
-1.69828
-1.63214
-1.9728
-1.72379
-0.89559
-0.456574
-0.542762
0
0
0
0
0
0
-1.1261
-1.53352
-1.63928
-1.98109
-1.60758
-0.916318
-0.425313
-0.438102
0
0
0
0
0
0
-0.872082
-1.34673
-1.67143
-1.93176
-1.36345
-0.854467
-0.343982
0
0
0
0
0
0
0
-0.736614
-1.3373
-1.83855
-1.84906
-1.0259
-0.678955
0
0
0
0
0
0
0
0
-0.739267
-1.41499
-2.01744
-1.74775
-0.639824
-0.504547
0
0
0
0
0
0
0
0
-0.938549
-1.62998
-2.20235
-1.64609
-0.343047
-0.408065
0
0
0
0
0
0
0
0
-1.1144
-1.84361
-2.28239
-1.55233
-0.219348
-0.368643
0
0
0
0
0
0
0
-0.315058
-1.28757
-2.03997
-2.29646
-1.48738
-0.233758
-0.376549
0
0
0
0
0
0
0
-0.306146
-1.38193
-2.06363
-2.21454
-1.52554
-0.581696
0
0
0
0
0
0
0
0
-0.277442
-1.4025
-2.01122
-2.16528
-1.61217
-0.964328
0
0
0
0
0
0
0
0
-0.128663
-1.24178
-1.94344
-2.1128
-1.78287
-1.40978
0
0
0
0
0
0
0
0
0
-0.950726
-1.82651
-2.05831
-1.89711
-1.70901
0
0
0
0
0
0
0
0
0
-0.568993
-1.65839
-2.03114
-2.02717
-1.96546
0
0
0
0
0
0
0
0
0
0
-1.40848
-1.96766
-1.99507
-1.95248
0
0
0
0
0
0
0
0
0
0
-1.1415
-1.87995
-1.88854
-1.82689
0
0
0
0
0
0
0
0
0
0
0
-1.61234
0
0
0
0
0
0
0
0
0
0
0
0
0
0
0
0
0
0
0
0
0
0
0
0
0
0
0
0
0
0
0
0
0
0
0
0
0
0
0
0
0
0
0
0
0
0
0
0
0
0
0
0
0
0
0
0
0
0
0
0
0
0
0
0
0
0
0
0
0
0
0
0
0
0
0
0
0
0
0
0
0
0
0
0
0
0
0
0
0
0
0
0
0
0
0
0
0
0
0
0
0
0
0
0
0
0
0
0
0
0
0
0
0
0
0
0
0
0
0
0
0
0
0
0
0
0
0
0
0
0
0
0
0
0
0
0
0
0
0
0
0
0
0
0
0
0
0
0
0
0
0
0
0
0
0
0
0
0
0
0
0
0
0
0
0
0
0
0
0
0
0
0
0
0
0
0
0
0
0
0
0
0
0
0
0
0
0
0
0
0
0
0
0
0
0
0
0
0
0
0
0
0
0
0
0
0
0
0
0
0
0
0
0
0
0
0
0
0
0
0
0
0
0
0
0
0
0
0
0
0
0
0
0
0
0
0
0
0
0
0
0
0
0
0
0
0
0
0
0
0
0
0
0
0
0
0
0
0
0
0
0
0
0
0
0
-0.191835
-0.115813
0
0
0
0
0
0
0
0
0
0
0
0
-0.604637
-0.51561
0
0
0
0
0
0
0
0
0
0
0
-0.977231
-0.98578
-0.84308
-0.38088
0
0
0
0
0
0
0
0
0
0
-1.44975
-1.29607
-1.14002
-0.788225
0
0
0
0
0
0
0
0
0
0
-1.80938
-1.54983
-1.40479
-1.16723
0
0
0
0
0
0
0
0
0
-1.27122
-1.93452
-1.68345
-1.67318
-1.49841
-0.269116
0
0
0
0
0
0
0
0
-1.46609
-1.96069
-1.76483
-1.87443
-1.71075
-0.578091
-0.151726
0
0
0
0
0
0
0
-1.46542
-1.8241
-1.7833
-2.0002
-1.76985
-0.772229
-0.26853
-0.286822
0
0
0
0
0
0
-1.29948
-1.66656
-1.82435
-2.04716
-1.68852
-0.838845
-0.298766
0
0
0
0
0
0
0
-1.00348
-1.4912
-1.87597
-2.05355
-1.48995
-0.841696
-0.280102
0
0
0
0
0
0
0
-0.84477
-1.48428
-2.00633
-2.01916
-1.1849
-0.74856
0
0
0
0
0
0
0
0
-0.826901
-1.54039
-2.13734
-1.95841
-0.837479
-0.662812
0
0
0
0
0
0
0
0
-1.00948
-1.70109
-2.2813
-1.84198
-0.545476
-0.61211
0
0
0
0
0
0
0
0
-1.15297
-1.8609
-2.36702
-1.68793
-0.388053
-0.555156
0
0
0
0
0
0
0
0
-1.26854
-2.04174
-2.38372
-1.53892
-0.332556
-0.503457
0
0
0
0
0
0
0
-0.187748
-1.31871
-2.12576
-2.27528
-1.52566
-0.590115
-0.398985
0
0
0
0
0
0
0
-0.138772
-1.36986
-2.1047
-2.19105
-1.57643
-0.916252
0
0
0
0
0
0
0
0
-0.0586117
-1.28542
-2.01063
-2.13702
-1.7124
-1.3289
0
0
0
0
0
0
0
0
0
-0.986062
-1.88198
-2.07725
-1.79736
-1.62138
0
0
0
0
0
0
0
0
0
-0.611298
-1.71041
-2.03388
-1.90408
-1.89142
0
0
0
0
0
0
0
0
0
-0.120939
-1.43805
-1.96217
-1.8833
-1.89515
0
0
0
0
0
0
0
0
0
0
-1.14627
-1.89302
-1.80622
-1.79446
0
0
0
0
0
0
0
0
0
0
-0.738361
-1.67526
-1.5178
0
0
0
0
0
0
0
0
0
0
0
0
0
0
0
0
0
0
0
0
0
0
0
0
0
0
0
0
0
0
0
0
0
0
0
0
0
0
0
0
0
0
0
0
0
0
0
0
0
0
0
0
0
0
0
0
0
0
0
0
0
0
0
0
0
0
0
0
0
0
0
0
0
0
0
0
0
0
0
0
0
0
0
0
0
0
0
0
0
0
0
0
0
0
0
0
0
0
0
0
0
0
0
0
0
0
0
0
0
0
0
0
0
0
0
0
0
0
0
0
0
0
0
0
0
0
0
0
0
0
0
0
0
0
0
0
0
0
0
0
0
0
0
0
0
0
0
0
0
0
0
0
0
0
0
0
0
0
0
0
0
0
0
0
0
0
0
0
0
0
0
0
0
0
0
0
0
0
0
0
0
0
0
0
0
0
0
0
0
0
0
0
0
0
0
0
0
0
0
0
0
0
0
0
0
0
0
0
0
0
0
0
0
0
0
0
0
0
0
0
0
0
0
0
0
0
0
0
0
0
0
0
0
0
0
0
0
0
0
0
0
0
0
0
0
0
0
0
0
0
0
0
0
0
0
0
0
0
0
0
0
0
0
0
-0.13671
0
0
0
0
0
0
0
0
0
0
0
0
0
-0.575235
-0.273946
0
0
0
0
0
0
0
0
0
0
0
-0.965258
-0.961851
-0.642484
-0.160911
0
0
0
0
0
0
0
0
0
0
-1.4797
-1.28798
-1.00294
-0.640716
0
0
0
0
0
0
0
0
0
0
-1.86956
-1.55883
-1.32598
-1.06428
0
0
0
0
0
0
0
0
0
0
-2.02105
-1.73861
-1.65272
-1.42415
-0.0759275
0
0
0
0
0
0
0
0
-1.69558
-2.06587
-1.86579
-1.89004
-1.65838
-0.412343
0
0
0
0
0
0
0
0
-1.66715
-1.94911
-1.94547
-2.04583
-1.74583
-0.647728
-0.0634684
0
0
0
0
0
0
0
-1.46687
-1.81283
-2.03168
-2.11955
-1.70365
-0.767305
-0.16673
0
0
0
0
0
0
0
-1.14155
-1.66215
-2.10883
-2.15689
-1.55971
-0.834576
-0.221611
0
0
0
0
0
0
0
-0.977744
-1.64742
-2.19985
-2.1358
-1.30557
-0.816557
0
0
0
0
0
0
0
0
-0.937568
-1.6789
-2.27117
-2.09633
-1.00636
-0.799659
0
0
0
0
0
0
0
0
-1.07874
-1.78619
-2.33897
-1.98492
-0.728394
-0.775917
0
0
0
0
0
0
0
0
-1.18493
-1.88729
-2.39005
-1.80864
-0.549233
-0.699142
0
0
0
0
0
0
0
0
-1.25474
-2.01256
-2.4174
-1.59244
-0.450435
-0.59181
0
0
0
0
0
0
0
0
-1.25635
-2.10083
-2.32297
-1.51503
-0.612506
-0.417035
0
0
0
0
0
0
0
-0.0908238
-1.28243
-2.12992
-2.20733
-1.52572
-0.863036
0
0
0
0
0
0
0
0
-0.035694
-1.26709
-2.03302
-2.13411
-1.62826
-1.2225
0
0
0
0
0
0
0
0
0
-1.01333
-1.87685
-2.08003
-1.687
-1.49079
0
0
0
0
0
0
0
0
0
-0.64772
-1.71144
-2.0314
-1.76819
-1.75792
0
0
0
0
0
0
0
0
0
-0.196628
-1.43701
-1.95987
-1.75151
-1.77398
0
0
0
0
0
0
0
0
0
0
-1.13598
-1.90036
-1.70067
-1.69585
0
0
0
0
0
0
0
0
0
0
-0.738527
-1.7227
-1.46266
0
0
0
0
0
0
0
0
0
0
0
0
-1.51151
0
0
0
0
0
0
0
0
0
0
0
0
0
0
0
0
0
0
0
0
0
0
0
0
0
0
0
0
0
0
0
0
0
0
0
0
0
0
0
0
0
0
0
0
0
0
0
0
0
0
0
0
0
0
0
0
0
0
0
0
0
0
0
0
0
0
0
0
0
0
0
0
0
0
0
0
0
0
0
0
0
0
0
0
0
0
0
0
0
0
0
0
0
0
0
0
0
0
0
0
0
0
0
0
0
0
0
0
0
0
0
0
0
0
0
0
0
0
0
0
0
0
0
0
0
0
0
0
0
0
0
0
0
0
0
0
0
0
0
0
0
0
0
0
0
0
0
0
0
0
0
0
0
0
0
0
0
0
0
0
0
0
0
0
0
0
0
0
0
0
0
0
0
0
0
0
0
0
0
0
0
0
0
0
0
0
0
0
0
0
0
0
0
0
0
0
0
0
0
0
0
0
0
0
0
0
0
0
0
0
0
0
0
0
0
0
0
0
0
0
0
0
0
0
0
0
0
0
0
0
0
0
0
0
0
0
0
0
0
0
0
0
0
0
0
0
0
0
0
0
0
0
0
0
0
0
0
0
0
0
0
0
0
0
0
-0.492181
0
0
0
0
0
0
0
0
0
0
0
0
-0.941962
-0.87893
-0.416406
0
0
0
0
0
0
0
0
0
0
0
-1.47563
-1.22268
-0.86489
-0.452852
0
0
0
0
0
0
0
0
0
0
-1.8798
-1.51531
-1.25868
-0.924246
0
0
0
0
0
0
0
0
0
0
-2.05914
-1.76004
-1.64923
-1.31118
0
0
0
0
0
0
0
0
0
0
-2.13035
-1.94778
-1.9249
-1.56276
-0.211778
0
0
0
0
0
0
0
0
-1.90244
-2.05567
-2.10189
-2.114
-1.67131
-0.506601
0
0
0
0
0
0
0
0
-1.65288
-1.96257
-2.23709
-2.21374
-1.66351
-0.698616
0
0
0
0
0
0
0
0
0
-1.85141
-2.34201
-2.2727
-1.57467
-0.839326
-0.1628
0
0
0
0
0
0
0
0
-1.81706
-2.40048
-2.24384
-1.3851
-0.891602
-0.0991973
0
0
0
0
0
0
0
-1.05157
-1.81329
-2.41992
-2.19734
-1.15072
-0.923785
0
0
0
0
0
0
0
0
-1.14188
-1.86669
-2.40826
-2.07879
-0.901333
-0.912375
0
0
0
0
0
0
0
0
-1.19234
-1.91712
-2.39697
-1.90187
-0.706945
-0.818544
0
0
0
0
0
0
0
0
-1.21969
-1.98369
-2.40496
-1.64765
-0.571452
-0.663454
0
0
0
0
0
0
0
0
-1.18991
-2.03512
-2.34405
-1.50695
-0.6411
-0.436187
0
0
0
0
0
0
0
0
-1.17953
-2.08898
-2.2224
-1.46276
-0.807594
0
0
0
0
0
0
0
0
-0.070693
-1.19498
-2.02012
-2.12046
-1.53004
-1.10042
0
0
0
0
0
0
0
0
0
-1.02149
-1.8433
-2.07123
-1.5673
-1.34001
0
0
0
0
0
0
0
0
0
-0.69053
-1.67985
-2.0291
-1.6283
-1.5947
0
0
0
0
0
0
0
0
0
-0.27727
-1.4216
-1.9675
-1.61638
-1.62424
0
0
0
0
0
0
0
0
0
0
-1.12609
-1.91416
-1.59149
-1.56849
0
0
0
0
0
0
0
0
0
0
-0.740037
-1.7662
-1.39995
0
0
0
0
0
0
0
0
0
0
0
0
-1.57087
0
0
0
0
0
0
0
0
0
0
0
0
0
0
0
0
0
0
0
0
0
0
0
0
0
0
0
0
0
0
0
0
0
0
0
0
0
0
0
0
0
0
0
0
0
0
0
0
0
0
0
0
0
0
0
0
0
0
0
0
0
0
0
0
0
0
0
0
0
0
0
0
0
0
0
0
0
0
0
0
0
0
0
0
0
0
0
0
0
0
0
0
0
0
0
0
0
0
0
0
0
0
0
0
0
0
0
0
0
0
0
0
0
0
0
0
0
0
0
0
0
0
0
0
0
0
0
0
0
0
0
0
0
0
0
0
0
0
0
0
0
0
0
0
0
0
0
0
0
0
0
0
0
0
0
0
0
0
0
0
0
0
0
0
0
0
0
0
0
0
0
0
0
0
0
0
0
0
0
0
0
0
0
0
0
0
0
0
0
0
0
0
0
0
0
0
0
0
0
0
0
0
0
0
0
0
0
0
0
0
0
0
0
0
0
0
0
0
0
0
0
0
0
0
0
0
0
0
0
0
0
0
0
0
0
0
0
0
0
0
0
0
0
0
0
0
0
0
0
0
0
0
0
0
0
0
0
0
0
0
0
0
0
0
0
-0.395287
0
0
0
0
0
0
0
0
0
0
0
0
0
-0.789856
-0.229219
0
0
0
0
0
0
0
0
0
0
0
-1.45431
-1.15539
-0.7509
-0.239012
0
0
0
0
0
0
0
0
0
0
-1.85609
-1.47095
-1.19692
-0.750098
0
0
0
0
0
0
0
0
0
0
-2.06209
-1.78832
-1.64199
-1.16189
0
0
0
0
0
0
0
0
0
0
-2.1622
-2.03694
-1.95294
-1.42769
0
0
0
0
0
0
0
0
0
0
-2.14422
-2.25779
-2.17974
-1.55221
-0.356329
0
0
0
0
0
0
0
0
0
-2.10719
-2.42598
-2.30615
-1.57054
-0.623644
0
0
0
0
0
0
0
0
0
-2.04602
-2.54512
-2.38337
-1.52553
-0.831623
-0.0832659
0
0
0
0
0
0
0
0
-1.99472
-2.57344
-2.33988
-1.39943
-0.941538
-0.0864414
0
0
0
0
0
0
0
-1.1721
-1.95115
-2.55143
-2.27269
-1.24011
-1.00268
0
0
0
0
0
0
0
0
-1.21471
-1.94789
-2.47489
-2.13346
-1.04689
-0.989857
0
0
0
0
0
0
0
0
-1.20837
-1.94985
-2.40065
-1.96067
-0.867861
-0.884841
0
0
0
0
0
0
0
0
-1.19144
-1.96146
-2.36551
-1.70353
-0.7252
-0.704484
0
0
0
0
0
0
0
0
-1.14362
-1.95585
-2.32253
-1.5201
-0.719205
-0.461527
0
0
0
0
0
0
0
0
-1.10649
-1.99371
-2.21189
-1.41575
-0.800306
0
0
0
0
0
0
0
0
-0.14098
-1.12564
-1.95616
-2.08114
-1.43718
-1.00149
0
0
0
0
0
0
0
0
-0.0703646
-1.03295
-1.78065
-2.02398
-1.45021
-1.19636
0
0
0
0
0
0
0
0
0
-0.773553
-1.61692
-1.99024
-1.48684
-1.4218
0
0
0
0
0
0
0
0
0
-0.407891
-1.38535
-1.93977
-1.47149
-1.46133
0
0
0
0
0
0
0
0
0
0
-1.10542
-1.88842
-1.45692
-1.42543
0
0
0
0
0
0
0
0
0
0
-0.730264
-1.7556
-1.29249
0
0
0
0
0
0
0
0
0
0
0
0
-1.56858
0
0
0
0
0
0
0
0
0
0
0
0
0
0
0
0
0
0
0
0
0
0
0
0
0
0
0
0
0
0
0
0
0
0
0
0
0
0
0
0
0
0
0
0
0
0
0
0
0
0
0
0
0
0
0
0
0
0
0
0
0
0
0
0
0
0
0
0
0
0
0
0
0
0
0
0
0
0
0
0
0
0
0
0
0
0
0
0
0
0
0
0
0
0
0
0
0
0
0
0
0
0
0
0
0
0
0
0
0
0
0
0
0
0
0
0
0
0
0
0
0
0
0
0
0
0
0
0
0
0
0
0
0
0
0
0
0
0
0
0
0
0
0
0
0
0
0
0
0
0
0
0
0
0
0
0
0
0
0
0
0
0
0
0
0
0
0
0
0
0
0
0
0
0
0
0
0
0
0
0
0
0
0
0
0
0
0
0
0
0
0
0
0
0
0
0
0
0
0
0
0
0
0
0
0
0
0
0
0
0
0
0
0
0
0
0
0
0
0
0
0
0
0
0
0
0
0
0
0
0
0
0
0
0
0
0
0
0
0
0
0
0
0
0
0
0
0
0
0
0
0
0
0
0
0
0
0
0
0
0
0
0
0
0
0
0
0
0
0
0
0
0
0
0
0
0
0
0
0
-0.679007
0
0
0
0
0
0
0
0
0
0
0
0
-1.40163
-1.07132
-0.638475
0
0
0
0
0
0
0
0
0
0
0
-1.77994
-1.41055
-1.12067
-0.537322
0
0
0
0
0
0
0
0
0
0
-2.01437
-1.81062
-1.61647
-0.975411
0
0
0
0
0
0
0
0
0
0
-2.15081
-2.12179
-1.9631
-1.25656
0
0
0
0
0
0
0
0
0
0
-2.2083
-2.40418
-2.23319
-1.39886
-0.180109
0
0
0
0
0
0
0
0
0
-2.23366
-2.59514
-2.38875
-1.44391
-0.530634
0
0
0
0
0
0
0
0
0
-2.22378
-2.71965
-2.48538
-1.43938
-0.807393
0
0
0
0
0
0
0
0
0
-2.16093
-2.71858
-2.42904
-1.37462
-0.97435
-0.0544795
0
0
0
0
0
0
0
0
-2.08228
-2.66213
-2.34068
-1.29113
-1.05919
-0.0653045
0
0
0
0
0
0
0
-1.27526
-2.02026
-2.53295
-2.17484
-1.16698
-1.03961
0
0
0
0
0
0
0
0
-1.21972
-1.97173
-2.40401
-1.99815
-1.02139
-0.923644
0
0
0
0
0
0
0
0
-1.1567
-1.93219
-2.31799
-1.75069
-0.887064
-0.72863
0
0
0
0
0
0
0
0
-1.09769
-1.86495
-2.27111
-1.54351
-0.82092
-0.491839
0
0
0
0
0
0
0
0
-1.04885
-1.86251
-2.17365
-1.3826
-0.823152
-0.262608
0
0
0
0
0
0
0
-0.226295
-1.06884
-1.84027
-2.02194
-1.34595
-0.918395
0
0
0
0
0
0
0
0
-0.178678
-1.04248
-1.68759
-1.9508
-1.33043
-1.05529
0
0
0
0
0
0
0
0
-0.183737
-0.873005
-1.53218
-1.92607
-1.33915
-1.24035
0
0
0
0
0
0
0
0
0
-0.556606
-1.33421
-1.89298
-1.31996
-1.29032
0
0
0
0
0
0
0
0
0
-0.230196
-1.08067
-1.84789
-1.30865
-1.2766
0
0
0
0
0
0
0
0
0
0
-0.721559
-1.72634
-1.16373
0
0
0
0
0
0
0
0
0
0
0
0
-1.54555
0
0
0
0
0
0
0
0
0
0
0
0
0
0
0
0
0
0
0
0
0
0
0
0
0
0
0
0
0
0
0
0
0
0
0
0
0
0
0
0
0
0
0
0
0
0
0
0
0
0
0
0
0
0
0
0
0
0
0
0
0
0
0
0
0
0
0
0
0
0
0
0
0
0
0
0
0
0
0
0
0
0
0
0
0
0
0
0
0
0
0
0
0
0
0
0
0
0
0
0
0
0
0
0
0
0
0
0
0
0
0
0
0
0
0
0
0
0
0
0
0
0
0
0
0
0
0
0
0
0
0
0
0
0
0
0
0
0
0
0
0
0
0
0
0
0
0
0
0
0
0
0
0
0
0
0
0
0
0
0
0
0
0
0
0
0
0
0
0
0
0
0
0
0
0
0
0
0
0
0
0
0
0
0
0
0
0
0
0
0
0
0
0
0
0
0
0
0
0
0
0
0
0
0
0
0
0
0
0
0
0
0
0
0
0
0
0
0
0
0
0
0
0
0
0
0
0
0
0
0
0
0
0
0
0
0
0
0
0
0
0
0
0
0
0
0
0
0
0
0
0
0
0
0
0
0
0
0
0
0
0
0
0
0
0
0
0
0
0
0
0
0
0
0
0
0
0
0
0
0
0
0
0
0
0
0
0
0
0
0
0
0
0
-1.01937
-0.553745
0
0
0
0
0
0
0
0
0
0
0
-1.68792
-1.37411
-1.03634
-0.295484
0
0
0
0
0
0
0
0
0
0
-1.94621
-1.84123
-1.56994
-0.760808
0
0
0
0
0
0
0
0
0
0
-2.11826
-2.19722
-1.94679
-1.05989
0
0
0
0
0
0
0
0
0
0
-2.24715
-2.51821
-2.25716
-1.2259
0
0
0
0
0
0
0
0
0
0
-2.32054
-2.71738
-2.43646
-1.30218
-0.444525
0
0
0
0
0
0
0
0
0
-2.34346
-2.83758
-2.54748
-1.33787
-0.767082
0
0
0
0
0
0
0
0
0
-2.27896
-2.8141
-2.48395
-1.33154
-0.972225
0
0
0
0
0
0
0
0
0
-2.18386
-2.73508
-2.38336
-1.31702
-1.07057
0
0
0
0
0
0
0
0
-1.30968
-2.08335
-2.57489
-2.20406
-1.26437
-1.04298
0
0
0
0
0
0
0
0
-1.22608
-1.99155
-2.40808
-2.02745
-1.1658
-0.923517
0
0
0
0
0
0
0
0
-1.13451
-1.90831
-2.27917
-1.79893
-1.05825
-0.733277
0
0
0
0
0
0
0
0
-1.06682
-1.78425
-2.21042
-1.57906
-0.961396
-0.528379
0
0
0
0
0
0
0
0
-1.01444
-1.73688
-2.11353
-1.37111
-0.910696
-0.327049
0
0
0
0
0
0
0
-0.287856
-1.03484
-1.71597
-1.94469
-1.27149
-0.909134
0
0
0
0
0
0
0
0
-0.26347
-1.05587
-1.59489
-1.85538
-1.22026
-0.973313
0
0
0
0
0
0
0
0
-0.321831
-0.967055
-1.45581
-1.83148
-1.19406
-1.09875
0
0
0
0
0
0
0
0
-0.137247
-0.697865
-1.28536
-1.80914
-1.16204
-1.14633
0
0
0
0
0
0
0
0
0
-0.42635
-1.05524
-1.76552
-1.14115
-1.14249
0
0
0
0
0
0
0
0
0
0
-0.706233
-1.64629
-0.998689
0
0
0
0
0
0
0
0
0
0
0
0
-1.46731
0
0
0
0
0
0
0
0
0
0
0
0
0
0
0
0
0
0
0
0
0
0
0
0
0
0
0
0
0
0
0
0
0
0
0
0
0
0
0
0
0
0
0
0
0
0
0
0
0
0
0
0
0
0
0
0
0
0
0
0
0
0
0
0
0
0
0
0
0
0
0
0
0
0
0
0
0
0
0
0
0
0
0
0
0
0
0
0
0
0
0
0
0
0
0
0
0
0
0
0
0
0
0
0
0
0
0
0
0
0
0
0
0
0
0
0
0
0
0
0
0
0
0
0
0
0
0
0
0
0
0
0
0
0
0
0
0
0
0
0
0
0
0
0
0
0
0
0
0
0
0
0
0
0
0
0
0
0
0
0
0
0
0
0
0
0
0
0
0
0
0
0
0
0
0
0
0
0
0
0
0
0
0
0
0
0
0
0
0
0
0
0
0
0
0
0
0
0
0
0
0
0
0
0
0
0
0
0
0
0
0
0
0
0
0
0
0
0
0
0
0
0
0
0
0
0
0
0
0
0
0
0
0
0
0
0
0
0
0
0
0
0
0
0
0
0
0
0
0
0
0
0
0
0
0
0
0
0
0
0
0
0
0
0
0
0
0
0
0
0
0
0
0
0
0
0
0
0
0
0
0
0
0
0
0
0
0
0
0
0
0
0
0
-0.984645
-0.484813
0
0
0
0
0
0
0
0
0
0
0
0
-1.34599
-0.933327
0
0
0
0
0
0
0
0
0
0
0
-1.82243
-1.8631
-1.49534
-0.488787
0
0
0
0
0
0
0
0
0
0
-2.03234
-2.24976
-1.90017
-0.813154
0
0
0
0
0
0
0
0
0
0
-2.23761
-2.595
-2.25122
-1.01585
0
0
0
0
0
0
0
0
0
0
-2.35706
-2.7956
-2.45231
-1.13573
-0.363046
0
0
0
0
0
0
0
0
0
-2.40726
-2.909
-2.57629
-1.2205
-0.711963
0
0
0
0
0
0
0
0
0
-2.34835
-2.86883
-2.51062
-1.27864
-0.942849
0
0
0
0
0
0
0
0
0
-2.24965
-2.7747
-2.40619
-1.3307
-1.05013
0
0
0
0
0
0
0
0
-1.30856
-2.12808
-2.59728
-2.22592
-1.34586
-1.0162
0
0
0
0
0
0
0
0
-1.21336
-2.0006
-2.40554
-2.05533
-1.29573
-0.900237
0
0
0
0
0
0
0
0
-1.11207
-1.879
-2.24422
-1.84759
-1.22116
-0.727175
0
0
0
0
0
0
0
0
-1.03907
-1.70218
-2.14609
-1.61818
-1.11196
-0.569223
0
0
0
0
0
0
0
0
-0.988898
-1.61203
-2.0349
-1.37236
-1.02847
-0.411675
0
0
0
0
0
0
0
-0.325734
-1.01449
-1.58409
-1.84596
-1.20961
-0.948499
0
0
0
0
0
0
0
0
-0.33172
-1.07527
-1.49575
-1.73816
-1.11466
-0.936366
0
0
0
0
0
0
0
0
-0.433007
-1.05226
-1.38313
-1.70927
-1.04495
-0.98896
0
0
0
0
0
0
0
0
-0.319669
-0.828573
-1.23844
-1.69494
-0.992076
-1.02514
0
0
0
0
0
0
0
0
-0.0474597
-0.599055
-1.03069
-1.65309
-0.952237
-1.02222
0
0
0
0
0
0
0
0
0
-0.196069
-0.690986
-1.5357
0
0
0
0
0
0
0
0
0
0
0
0
0
-1.35776
0
0
0
0
0
0
0
0
0
0
0
0
0
0
0
0
0
0
0
0
0
0
0
0
0
0
0
0
0
0
0
0
0
0
0
0
0
0
0
0
0
0
0
0
0
0
0
0
0
0
0
0
0
0
0
0
0
0
0
0
0
0
0
0
0
0
0
0
0
0
0
0
0
0
0
0
0
0
0
0
0
0
0
0
0
0
0
0
0
0
0
0
0
0
0
0
0
0
0
0
0
0
0
0
0
0
0
0
0
0
0
0
0
0
0
0
0
0
0
0
0
0
0
0
0
0
0
0
0
0
0
0
0
0
0
0
0
0
0
0
0
0
0
0
0
0
0
0
0
0
0
0
0
0
0
0
0
0
0
0
0
0
0
0
0
0
0
0
0
0
0
0
0
0
0
0
0
0
0
0
0
0
0
0
0
0
0
0
0
0
0
0
0
0
0
0
0
0
0
0
0
0
0
0
0
0
0
0
0
0
0
0
0
0
0
0
0
0
0
0
0
0
0
0
0
0
0
0
0
0
0
0
0
0
0
0
0
0
0
0
-0.0791012
0
0
0
0
0
0
0
0
0
0
0
0
0
0
0
0
0
0
0
0
0
0
0
0
0
0
0
0
0
0
0
0
0
0
0
0
0
0
0
0
0
0
0
0
0
0
0
0
0
0
0
0
-0.926574
-0.410348
0
0
0
0
0
0
0
0
0
0
0
0
-1.29962
-0.815636
0
0
0
0
0
0
0
0
0
0
0
0
-1.84928
-1.39667
-0.224743
0
0
0
0
0
0
0
0
0
0
-1.89318
-2.25229
-1.82225
-0.575195
0
0
0
0
0
0
0
0
0
0
-2.1576
-2.60662
-2.2032
-0.818315
0
0
0
0
0
0
0
0
0
0
-2.31404
-2.80695
-2.42082
-0.98839
-0.362088
0
0
0
0
0
0
0
0
0
-2.38687
-2.91698
-2.55563
-1.12582
-0.697407
0
0
0
0
0
0
0
0
0
-2.34916
-2.87597
-2.50008
-1.24798
-0.924307
0
0
0
0
0
0
0
0
0
-2.26347
-2.78186
-2.40666
-1.35636
-1.02616
0
0
0
0
0
0
0
0
-1.2655
-2.14463
-2.60587
-2.24407
-1.42268
-0.981654
0
0
0
0
0
0
0
0
-1.17584
-1.99893
-2.40482
-2.08816
-1.40845
-0.869135
0
0
0
0
0
0
0
0
-1.08049
-1.85229
-2.22599
-1.89868
-1.36091
-0.71222
0
0
0
0
0
0
0
0
-1.00723
-1.64264
-2.10123
-1.65718
-1.2512
-0.594247
0
0
0
0
0
0
0
0
-0.961735
-1.52852
-1.96838
-1.38225
-1.1519
-0.473984
0
0
0
0
0
0
0
-0.3164
-0.994999
-1.50027
-1.75978
-1.16836
-1.02102
-0.36582
0
0
0
0
0
0
0
-0.342635
-1.08131
-1.43161
-1.63362
-1.02935
-0.940732
0
0
0
0
0
0
0
0
-0.469978
-1.09375
-1.33736
-1.59077
-0.912325
-0.913111
0
0
0
0
0
0
0
0
-0.400835
-0.900899
-1.20288
-1.5689
-0.831076
-0.917818
0
0
0
0
0
0
0
0
-0.157466
-0.697831
-1.00338
-1.51984
-0.76404
0
0
0
0
0
0
0
0
0
0
-0.320901
-0.665199
-1.39694
0
0
0
0
0
0
0
0
0
0
0
0
0
-1.21692
0
0
0
0
0
0
0
0
0
0
0
0
0
0
0
0
0
0
0
0
0
0
0
0
0
0
0
0
0
0
0
0
0
0
0
0
0
0
0
0
0
0
0
0
0
0
0
0
0
0
0
0
0
0
0
0
0
0
0
0
0
0
0
0
0
0
0
0
0
0
0
0
0
0
0
0
0
0
0
0
0
0
0
0
0
0
0
0
0
0
0
0
0
0
0
0
0
0
0
0
0
0
0
0
0
0
0
0
0
0
0
0
0
0
0
0
0
0
0
0
0
0
0
0
0
0
0
0
0
0
0
0
0
0
0
0
0
0
0
0
0
0
0
0
0
0
0
0
0
0
0
0
0
0
0
0
0
0
0
0
0
0
0
0
0
0
0
0
0
0
0
0
0
0
0
0
0
0
0
0
0
0
0
0
0
0
0
0
0
0
0
0
0
0
0
0
0
0
0
0
0
0
0
0
0
0
0
0
0
0
0
0
0
0
0
0
0
0
0
0
0
0
0
0
0
0
-0.176519
0
0
0
0
0
0
0
0
0
0
0
0
0
-0.251639
0
0
0
0
0
0
0
0
0
0
0
0
0
-0.065692
0
0
0
0
0
0
0
0
0
0
0
0
0
0
0
0
0
0
0
0
0
0
0
0
0
0
0
0
0
0
0
0
0
0
0
0
0
0
-0.839275
-0.324595
0
0
0
0
0
0
0
0
0
0
0
0
-1.22797
-0.676902
0
0
0
0
0
0
0
0
0
0
0
0
-1.79733
-1.26947
0
0
0
0
0
0
0
0
0
0
0
0
-2.20739
-1.71115
-0.335017
0
0
0
0
0
0
0
0
0
0
-1.99651
-2.5617
-2.11621
-0.623893
0
0
0
0
0
0
0
0
0
0
-2.189
-2.76157
-2.3484
-0.85235
-0.414028
0
0
0
0
0
0
0
0
0
-2.28814
-2.87179
-2.49427
-1.04701
-0.709664
0
0
0
0
0
0
0
0
0
-2.28835
-2.84225
-2.45919
-1.23355
-0.911469
0
0
0
0
0
0
0
0
0
-2.22924
-2.75967
-2.38907
-1.39054
-0.997889
0
0
0
0
0
0
0
0
-1.17545
-2.13101
-2.59857
-2.25886
-1.49464
-0.940517
0
0
0
0
0
0
0
0
-1.10792
-1.98157
-2.40048
-2.12501
-1.50591
-0.832886
0
0
0
0
0
0
0
0
-1.03236
-1.82113
-2.21749
-1.95083
-1.48169
-0.6928
0
0
0
0
0
0
0
0
-0.965217
-1.59603
-2.07108
-1.69355
-1.37939
-0.611789
0
0
0
0
0
0
0
0
-0.927914
-1.47636
-1.91034
-1.39646
-1.27427
-0.526822
0
0
0
0
0
0
0
-0.268843
-0.974179
-1.45516
-1.68041
-1.1423
-1.11124
-0.441419
0
0
0
0
0
0
0
-0.315376
-1.0806
-1.39254
-1.53651
-0.959231
-0.974471
0
0
0
0
0
0
0
0
-0.466528
-1.10809
-1.31021
-1.47174
-0.790232
-0.865357
0
0
0
0
0
0
0
0
-0.427282
-0.941041
-1.17626
-1.4273
-0.671242
-0.822111
0
0
0
0
0
0
0
0
-0.212471
-0.760665
-0.975842
-1.36214
0
0
0
0
0
0
0
0
0
0
0
-0.406997
-0.635983
-1.22689
0
0
0
0
0
0
0
0
0
0
0
0
0
-1.04205
0
0
0
0
0
0
0
0
0
0
0
0
0
0
0
0
0
0
0
0
0
0
0
0
0
0
0
0
0
0
0
0
0
0
0
0
0
0
0
0
0
0
0
0
0
0
0
0
0
0
0
0
0
0
0
0
0
0
0
0
0
0
0
0
0
0
0
0
0
0
0
0
0
0
0
0
0
0
0
0
0
0
0
0
0
0
0
0
0
0
0
0
0
0
0
0
0
0
0
0
0
0
0
0
0
0
0
0
0
0
0
0
0
0
0
0
0
0
0
0
0
0
0
0
0
0
0
0
0
0
0
0
0
0
0
0
0
0
0
0
0
0
0
0
0
0
0
0
0
0
0
0
0
0
0
0
0
0
0
0
0
0
0
0
0
0
0
0
0
0
0
0
0
0
0
0
0
0
0
0
0
0
0
0
0
0
0
0
0
0
0
0
0
0
0
0
0
0
0
0
0
0
0
0
0
0
0
0
0
0
0
0
-0.143996
0
0
0
0
0
0
0
0
0
0
0
0
0
-0.265746
0
0
0
0
0
0
0
0
0
0
0
0
0
-0.288793
0
0
0
0
0
0
0
0
0
0
0
0
0
-0.0806344
0
0
0
0
0
0
0
0
0
0
0
0
0
0
0
0
0
0
0
0
0
0
0
0
0
0
0
0
0
0
0
0
0
0
0
0
0
0
0
0
0
0
0
0
0
0
0
0
0
0
0
0
-1.08467
-0.500137
0
0
0
0
0
0
0
0
0
0
0
0
-1.67142
-1.11008
0
0
0
0
0
0
0
0
0
0
0
0
-2.08886
-1.56763
-0.191685
0
0
0
0
0
0
0
0
0
0
-1.75405
-2.44699
-1.99269
-0.516845
-0.26994
0
0
0
0
0
0
0
0
0
-1.9897
-2.65854
-2.24533
-0.799772
-0.553835
0
0
0
0
0
0
0
0
0
-2.12457
-2.78275
-2.41096
-1.046
-0.795889
0
0
0
0
0
0
0
0
0
-2.1826
-2.78174
-2.41401
-1.28159
-0.958913
0
0
0
0
0
0
0
0
0
-2.16426
-2.72358
-2.38176
-1.46476
-1.02234
0
0
0
0
0
0
0
0
0
-2.10173
-2.58758
-2.2912
-1.57588
-0.947704
0
0
0
0
0
0
0
0
-1.00969
-1.96042
-2.40296
-2.17511
-1.58735
-0.832419
0
0
0
0
0
0
0
0
-0.956037
-1.79675
-2.22783
-1.99816
-1.56817
-0.684958
0
0
0
0
0
0
0
0
-0.902975
-1.57729
-2.06913
-1.71984
-1.46925
-0.610206
0
0
0
0
0
0
0
0
-0.880744
-1.47234
-1.87921
-1.40811
-1.35633
-0.535009
0
0
0
0
0
0
0
-0.187379
-0.949362
-1.4624
-1.63195
-1.13254
-1.17138
-0.461844
0
0
0
0
0
0
0
-0.24728
-1.06298
-1.3873
-1.4733
-0.914945
-0.994285
0
0
0
0
0
0
0
0
-0.409602
-1.07876
-1.30487
-1.37918
-0.701181
-0.816534
0
0
0
0
0
0
0
0
-0.369569
-0.922815
-1.1566
-1.29992
-0.545011
-0.7207
0
0
0
0
0
0
0
0
-0.172532
-0.752291
-0.942805
-1.21068
0
0
0
0
0
0
0
0
0
0
0
-0.410704
-0.595467
-1.05677
0
0
0
0
0
0
0
0
0
0
0
0
0
0
0
0
0
0
0
0
0
0
0
0
0
0
0
0
0
0
0
0
0
0
0
0
0
0
0
0
0
0
0
0
0
0
0
0
0
0
0
0
0
0
0
0
0
0
0
0
0
0
0
0
0
0
0
0
0
0
0
0
0
0
0
0
0
0
0
0
0
0
0
0
0
0
0
0
0
0
0
0
0
0
0
0
0
0
0
0
0
0
0
0
0
0
0
0
0
0
0
0
0
0
0
0
0
0
0
0
0
0
0
0
0
0
0
0
0
0
0
0
0
0
0
0
0
0
0
0
0
0
0
0
0
0
0
0
0
0
0
0
0
0
0
0
0
0
0
0
0
0
0
0
0
0
0
0
0
0
0
0
0
0
0
0
0
0
0
0
0
0
0
0
0
0
0
0
0
0
0
0
0
0
0
0
0
0
0
0
0
0
0
0
0
0
0
0
0
0
0
0
-0.068108
0
0
0
0
0
0
0
0
0
0
0
0
0
-0.240211
0
0
0
0
0
0
0
0
0
0
0
0
0
-0.297695
0
0
0
0
0
0
0
0
0
0
0
0
0
-0.252941
0
0
0
0
0
0
0
0
0
0
0
0
0
0
0
0
0
0
0
0
0
0
0
0
0
0
0
0
0
0
0
0
0
0
0
0
0
0
0
0
0
0
0
0
0
0
0
0
0
0
0
0
0
0
0
0
0
0
0
0
0
0
0
0
0
0
-0.878098
-0.281915
0
0
0
0
0
0
0
0
0
0
0
0
-1.48266
-0.916924
0
0
0
0
0
0
0
0
0
0
0
0
-1.90883
-1.39173
-0.139895
-0.25526
0
0
0
0
0
0
0
0
0
-1.44193
-2.27459
-1.83532
-0.486427
-0.494164
0
0
0
0
0
0
0
0
0
-1.72695
-2.50852
-2.11554
-0.812436
-0.718794
0
0
0
0
0
0
0
0
0
-1.90373
-2.65806
-2.30992
-1.09873
-0.911568
0
0
0
0
0
0
0
0
0
-2.03624
-2.69839
-2.36665
-1.36552
-1.03658
0
0
0
0
0
0
0
0
0
-2.07151
-2.67392
-2.38378
-1.55569
-1.07847
0
0
0
0
0
0
0
0
0
-2.05626
-2.57156
-2.33701
-1.65483
-0.987816
0
0
0
0
0
0
0
0
-0.883013
-1.93094
-2.4106
-2.23252
-1.65617
-0.857347
0
0
0
0
0
0
0
0
-0.85568
-1.77414
-2.25346
-2.03818
-1.63693
-0.68653
0
0
0
0
0
0
0
0
-0.822809
-1.5788
-2.0855
-1.73832
-1.54065
-0.599352
0
0
0
0
0
0
0
0
-0.824552
-1.50288
-1.86286
-1.4206
-1.41865
-0.519706
0
0
0
0
0
0
0
0
-0.925406
-1.49951
-1.60623
-1.13547
-1.21863
-0.4549
0
0
0
0
0
0
0
-0.150667
-1.03214
-1.40242
-1.43714
-0.891005
-1.0113
0
0
0
0
0
0
0
0
-0.309497
-1.01814
-1.31627
-1.30708
-0.640085
-0.770344
0
0
0
0
0
0
0
0
-0.24814
-0.86839
-1.14317
-1.18199
-0.447393
0
0
0
0
0
0
0
0
0
-0.0673301
-0.699125
-0.908697
-1.05806
0
0
0
0
0
0
0
0
0
0
0
-0.366248
-0.550369
-0.873019
0
0
0
0
0
0
0
0
0
0
0
0
0
0
0
0
0
0
0
0
0
0
0
0
0
0
0
0
0
0
0
0
0
0
0
0
0
0
0
0
0
0
0
0
0
0
0
0
0
0
0
0
0
0
0
0
0
0
0
0
0
0
0
0
0
0
0
0
0
0
0
0
0
0
0
0
0
0
0
0
0
0
0
0
0
0
0
0
0
0
0
0
0
0
0
0
0
0
0
0
0
0
0
0
0
0
0
0
0
0
0
0
0
0
0
0
0
0
0
0
0
0
0
0
0
0
0
0
0
0
0
0
0
0
0
0
0
0
0
0
0
0
0
0
0
0
0
0
0
0
0
0
0
0
0
0
0
0
0
0
0
0
0
0
0
0
0
0
0
0
0
0
0
0
0
0
0
0
0
0
0
0
0
0
0
0
0
0
0
0
0
0
0
0
0
0
0
0
0
0
0
0
0
0
0
0
0
0
0
0
0
0
-0.141701
0
0
0
0
0
0
0
0
0
0
0
0
0
-0.240585
0
0
0
0
0
0
0
0
0
0
0
0
0
-0.238238
0
0
0
0
0
0
0
0
0
0
0
0
0
-0.123251
0
0
0
0
0
0
0
0
0
0
0
0
0
0
0
0
0
0
0
0
0
0
0
0
0
0
0
0
0
0
0
0
0
0
0
0
0
0
0
0
0
0
0
0
0
0
0
0
0
0
0
0
0
0
0
0
0
0
0
0
0
0
0
0
0
0
-0.595148
0
0
0
0
0
0
0
0
0
0
0
0
0
-1.22488
-0.702555
0
-0.188506
0
0
0
0
0
0
0
0
0
0
-1.67012
-1.2037
-0.224355
-0.513958
0
0
0
0
0
0
0
0
0
0
-2.06128
-1.6748
-0.588324
-0.717571
0
0
0
0
0
0
0
0
0
-1.45351
-2.3342
-1.99673
-0.935654
-0.892793
0
0
0
0
0
0
0
0
0
-1.67833
-2.52093
-2.23344
-1.23766
-1.04074
0
0
0
0
0
0
0
0
0
-1.88855
-2.60677
-2.35342
-1.50053
-1.13016
0
0
0
0
0
0
0
0
0
-1.97989
-2.61912
-2.4229
-1.66847
-1.15331
0
0
0
0
0
0
0
0
0
-2.00852
-2.55396
-2.41044
-1.73191
-1.0496
0
0
0
0
0
0
0
0
-0.730642
-1.8991
-2.42509
-2.29866
-1.70781
-0.897126
0
0
0
0
0
0
0
0
-0.716044
-1.75629
-2.29116
-2.06778
-1.67192
-0.689248
0
0
0
0
0
0
0
0
-0.701801
-1.5937
-2.10894
-1.75008
-1.56515
-0.57021
0
0
0
0
0
0
0
0
-0.737014
-1.54218
-1.85228
-1.43237
-1.4242
-0.466685
0
0
0
0
0
0
0
0
-0.878287
-1.52464
-1.59518
-1.14521
-1.21247
0
0
0
0
0
0
0
0
-0.0724679
-0.96111
-1.40906
-1.41739
-0.885453
-0.989512
0
0
0
0
0
0
0
0
-0.207928
-0.914703
-1.3235
-1.2485
-0.613123
-0.70713
0
0
0
0
0
0
0
0
-0.104263
-0.769238
-1.12194
-1.0832
0
0
0
0
0
0
0
0
0
0
0
-0.59061
-0.867336
-0.926553
0
0
0
0
0
0
0
0
0
0
0
-0.261236
-0.496584
0
0
0
0
0
0
0
0
0
0
0
0
0
0
0
0
0
0
0
0
0
0
0
0
0
0
0
0
0
0
0
0
0
0
0
0
0
0
0
0
0
0
0
0
0
0
0
0
0
0
0
0
0
0
0
0
0
0
0
0
0
0
0
0
0
0
0
0
0
0
0
0
0
0
0
0
0
0
0
0
0
0
0
0
0
0
0
0
0
0
0
0
0
0
0
0
0
0
0
0
0
0
0
0
0
0
0
0
0
0
0
0
0
0
0
0
0
0
0
0
0
0
0
0
0
0
0
0
0
0
0
0
0
0
0
0
0
0
0
0
0
0
0
0
0
0
0
0
0
0
0
0
0
0
0
0
0
0
0
0
0
0
0
0
0
0
0
0
0
0
0
0
0
0
0
0
0
0
0
0
0
0
0
0
0
0
0
0
0
0
0
0
0
0
0
0
0
0
0
0
0
0
0
0
0
0
0
0
0
0
0
0
0
-0.163622
0
0
0
0
0
0
0
0
0
0
0
0
0
-0.181503
0
0
0
0
0
0
0
0
0
0
0
0
0
-0.111029
0
0
0
0
0
0
0
0
0
0
0
0
0
0
0
0
0
0
0
0
0
0
0
0
0
0
0
0
0
0
0
0
0
0
0
0
0
0
0
0
0
0
0
0
0
0
0
0
0
0
0
0
0
0
0
0
0
0
0
0
0
0
0
0
0
0
0
0
0
0
0
0
0
0
0
0
0
0
0
0
0
0
0
0
0
0
0
0
0
0
0
0
0
0
-0.905132
-0.469005
0
-0.412106
0
0
0
0
0
0
0
0
0
0
-1.38214
-1.00769
-0.383177
-0.729449
0
0
0
0
0
0
0
0
0
0
-1.81617
-1.51644
-0.757417
-0.911405
0
0
0
0
0
0
0
0
0
-1.16869
-2.14221
-1.89384
-1.10767
-1.05265
0
0
0
0
0
0
0
0
0
-1.44861
-2.37489
-2.18425
-1.40503
-1.16904
0
0
0
0
0
0
0
0
0
-1.74228
-2.51055
-2.37266
-1.64192
-1.23298
0
0
0
0
0
0
0
0
0
-1.89045
-2.56559
-2.49137
-1.77594
-1.24251
0
0
0
0
0
0
0
0
0
-1.95698
-2.54454
-2.49673
-1.8034
-1.12667
0
0
0
0
0
0
0
0
-0.564407
-1.86696
-2.4548
-2.35797
-1.75551
-0.947687
0
0
0
0
0
0
0
0
-0.547623
-1.74991
-2.33774
-2.08688
-1.6937
-0.696981
0
0
0
0
0
0
0
0
-0.555412
-1.62701
-2.12645
-1.764
-1.56384
-0.532874
0
0
0
0
0
0
0
0
-0.636574
-1.58231
-1.84508
-1.44895
-1.39797
-0.386829
0
0
0
0
0
0
0
0
-0.814795
-1.53549
-1.60065
-1.1616
-1.17648
0
0
0
0
0
0
0
0
0
-0.848942
-1.41715
-1.41064
-0.89812
-0.945232
0
0
0
0
0
0
0
0
-0.0925339
-0.779837
-1.33149
-1.20269
-0.618231
-0.627595
0
0
0
0
0
0
0
0
0
-0.62972
-1.09877
-1.00147
0
0
0
0
0
0
0
0
0
0
0
-0.429149
-0.825117
-0.809914
0
0
0
0
0
0
0
0
0
0
0
0
0
0
0
0
0
0
0
0
0
0
0
0
0
0
0
0
0
0
0
0
0
0
0
0
0
0
0
0
0
0
0
0
0
0
0
0
0
0
0
0
0
0
0
0
0
0
0
0
0
0
0
0
0
0
0
0
0
0
0
0
0
0
0
0
0
0
0
0
0
0
0
0
0
0
0
0
0
0
0
0
0
0
0
0
0
0
0
0
0
0
0
0
0
0
0
0
0
0
0
0
0
0
0
0
0
0
0
0
0
0
0
0
0
0
0
0
0
0
0
0
0
0
0
0
0
0
0
0
0
0
0
0
0
0
0
0
0
0
0
0
0
0
0
0
0
0
0
0
0
0
0
0
0
0
0
0
0
0
0
0
0
0
0
0
0
0
0
0
0
0
0
0
0
0
0
0
0
0
0
0
0
0
0
0
0
0
0
0
0
0
0
0
0
0
0
0
0
0
0
0
0
0
0
0
0
0
0
0
0
0
0
0
0
0
0
0
0
0
0
0
0
0
0
0
0
0
0
0
0
0
0
0
0
0
0
0
0
0
0
0
0
0
0
0
0
0
0
0
0
0
0
0
0
0
0
0
0
0
0
0
0
0
0
0
0
0
0
0
0
0
0
0
0
0
0
0
0
0
0
0
0
0
0
0
0
0
0
0
0
0
0
0
0
0
0
0
0
0
0
0
0
0
0
0
0
0
0
0
0
0
0
0
0
0
0
0
0
0
0
0
0
0
0
0
0
0
-0.0664575
0
0
0
0
0
0
0
0
0
0
-0.579103
-0.289748
-0.131557
-0.573521
0
0
0
0
0
0
0
0
0
0
-1.09647
-0.869205
-0.578033
-0.893513
0
0
0
0
0
0
0
0
0
0
-1.58276
-1.41815
-0.957555
-1.06996
0
0
0
0
0
0
0
0
0
-0.952897
-1.95893
-1.84625
-1.28587
-1.18462
0
0
0
0
0
0
0
0
0
-1.28095
-2.23329
-2.18386
-1.55286
-1.27019
0
0
0
0
0
0
0
0
0
-1.62037
-2.40943
-2.42069
-1.74338
-1.30053
0
0
0
0
0
0
0
0
0
-1.79748
-2.50589
-2.56359
-1.84232
-1.28531
0
0
0
0
0
0
0
0
0
-1.88155
-2.52953
-2.55744
-1.84332
-1.14937
0
0
0
0
0
0
0
0
-0.412871
-1.81375
-2.47391
-2.38296
-1.77479
-0.946064
0
0
0
0
0
0
0
0
-0.361114
-1.73001
-2.3505
-2.09123
-1.67417
-0.664177
0
0
0
0
0
0
0
0
-0.382092
-1.63344
-2.1029
-1.77816
-1.51166
-0.465515
0
0
0
0
0
0
0
0
-0.504764
-1.55599
-1.82189
-1.46114
-1.32163
0
0
0
0
0
0
0
0
0
-0.687079
-1.48057
-1.59436
-1.17359
-1.09823
0
0
0
0
0
0
0
0
0
-0.667854
-1.38146
-1.38524
-0.917412
-0.872804
0
0
0
0
0
0
0
0
0
-0.607035
-1.29409
-1.1464
-0.642515
0
0
0
0
0
0
0
0
0
0
-0.449039
-1.04511
-0.924913
0
0
0
0
0
0
0
0
0
0
0
-0.232429
-0.767535
-0.706488
0
0
0
0
0
0
0
0
0
0
0
0
0
0
0
0
0
0
0
0
0
0
0
0
0
0
0
0
0
0
0
0
0
0
0
0
0
0
0
0
0
0
0
0
0
0
0
0
0
0
0
0
0
0
0
0
0
0
0
0
0
0
0
0
0
0
0
0
0
0
0
0
0
0
0
0
0
0
0
0
0
0
0
0
0
0
0
0
0
0
0
0
0
0
0
0
0
0
0
0
0
0
0
0
0
0
0
0
0
0
0
0
0
0
0
0
0
0
0
0
0
0
0
0
0
0
0
0
0
0
0
0
0
0
0
0
0
0
0
0
0
0
0
0
0
0
0
0
0
0
0
0
0
0
0
0
0
0
0
0
0
0
0
0
0
0
0
0
0
0
0
0
0
0
0
0
0
0
0
0
0
0
0
0
0
0
0
0
0
0
0
0
0
0
0
0
0
0
0
0
0
0
0
0
0
0
0
0
0
0
0
0
0
0
0
0
0
0
0
0
0
0
0
0
0
0
0
0
0
0
0
0
0
0
0
0
0
0
0
0
0
0
0
0
0
0
0
0
0
0
0
0
0
0
0
0
0
0
0
0
0
0
0
0
0
0
0
0
0
0
0
0
0
0
0
0
0
0
0
0
0
0
0
0
0
0
0
0
0
0
0
0
0
0
0
0
0
0
0
0
0
0
0
0
0
0
0
0
0
0
0
0
0
0
0
0
0
0
0
0
0
0
0
0
0
0
0
0
0
0
0
0
0
0
0
0
0
0
-0.189478
0
0
0
0
0
0
0
0
0
0
-0.240562
-0.175207
-0.293882
-0.711804
0
0
0
0
0
0
0
0
0
0
-0.811193
-0.796306
-0.755014
-1.03869
0
0
0
0
0
0
0
0
0
0
-1.36245
-1.38492
-1.13377
-1.21798
0
0
0
0
0
0
0
0
0
-0.799136
-1.79095
-1.85559
-1.43197
-1.31341
0
0
0
0
0
0
0
0
0
-1.16429
-2.10984
-2.22743
-1.66586
-1.36962
0
0
0
0
0
0
0
0
0
-1.51764
-2.32634
-2.48477
-1.81798
-1.35787
0
0
0
0
0
0
0
0
0
-1.70734
-2.46671
-2.61933
-1.89746
-1.30437
0
0
0
0
0
0
0
0
-0.369542
-1.80749
-2.52801
-2.58349
-1.88182
-1.14167
0
0
0
0
0
0
0
0
-0.275266
-1.77226
-2.4789
-2.39005
-1.78536
-0.917664
0
0
0
0
0
0
0
0
-0.174294
-1.71983
-2.32129
-2.10294
-1.62605
-0.608913
0
0
0
0
0
0
0
0
-0.201363
-1.60953
-2.05824
-1.80089
-1.42423
-0.375387
0
0
0
0
0
0
0
0
-0.335289
-1.47221
-1.80414
-1.47212
-1.2057
0
0
0
0
0
0
0
0
0
-0.472204
-1.39651
-1.58286
-1.19219
-0.982357
0
0
0
0
0
0
0
0
0
-0.425873
-1.32129
-1.35124
-0.953316
-0.767852
0
0
0
0
0
0
0
0
0
-0.389324
-1.22483
-1.08739
-0.69304
0
0
0
0
0
0
0
0
0
0
-0.207214
-0.973177
-0.854236
0
0
0
0
0
0
0
0
0
0
0
0
-0.700115
0
0
0
0
0
0
0
0
0
0
0
0
0
0
0
0
0
0
0
0
0
0
0
0
0
0
0
0
0
0
0
0
0
0
0
0
0
0
0
0
0
0
0
0
0
0
0
0
0
0
0
0
0
0
0
0
0
0
0
0
0
0
0
0
0
0
0
0
0
0
0
0
0
0
0
0
0
0
0
0
0
0
0
0
0
0
0
0
0
0
0
0
0
0
0
0
0
0
0
0
0
0
0
0
0
0
0
0
0
0
0
0
0
0
0
0
0
0
0
0
0
0
0
0
0
0
0
0
0
0
0
0
0
0
0
0
0
0
0
0
0
0
0
0
0
0
0
0
0
0
0
0
0
0
0
0
0
0
0
0
0
0
0
0
0
0
0
0
0
0
0
0
0
0
0
0
0
0
0
0
0
0
0
0
0
0
0
0
0
0
0
0
0
0
0
0
0
0
0
0
0
0
0
0
0
0
0
0
0
0
0
0
0
0
0
0
0
0
0
0
0
0
0
0
0
0
0
0
0
0
0
0
0
0
0
0
0
0
0
0
0
0
0
0
0
0
0
0
0
0
0
0
0
0
0
0
0
0
0
0
0
0
0
0
0
0
0
0
0
0
0
0
0
0
0
0
0
0
0
0
0
0
0
0
0
0
0
0
0
0
0
0
0
0
0
0
0
0
0
0
0
0
0
0
0
0
0
0
0
0
0
0
0
0
0
0
0
0
0
0
0
0
0
0
0
0
0
0
0
0
0
0
0
0
0
0
0
0
0
-0.251528
0
0
0
0
0
0
0
0
0
0
0
-0.164112
-0.385929
-0.794723
0
0
0
0
0
0
0
0
0
0
-0.612435
-0.80552
-0.853207
-1.13335
0
0
0
0
0
0
0
0
0
0
-1.21077
-1.41017
-1.22542
-1.32266
0
0
0
0
0
0
0
0
0
-0.728517
-1.67273
-1.88911
-1.49761
-1.4033
0
0
0
0
0
0
0
0
0
-1.09641
-2.02618
-2.25795
-1.71067
-1.42919
0
0
0
0
0
0
0
0
0
-1.42302
-2.26832
-2.49191
-1.8417
-1.36535
0
0
0
0
0
0
0
0
-0.361559
-1.61364
-2.43346
-2.5961
-1.91332
-1.26401
0
0
0
0
0
0
0
0
-0.31525
-1.72725
-2.49248
-2.54533
-1.88065
-1.07318
0
0
0
0
0
0
0
0
-0.171195
-1.72044
-2.40721
-2.36579
-1.7499
-0.83544
0
0
0
0
0
0
0
0
0
-1.6585
-2.22222
-2.09751
-1.53616
-0.510316
0
0
0
0
0
0
0
0
0
-1.48479
-1.98229
-1.7958
-1.309
0
0
0
0
0
0
0
0
0
-0.105531
-1.31006
-1.75795
-1.45873
-1.07096
0
0
0
0
0
0
0
0
0
-0.177608
-1.26145
-1.52666
-1.19554
-0.860455
0
0
0
0
0
0
0
0
0
-0.151972
-1.19588
-1.28615
-0.982615
0
0
0
0
0
0
0
0
0
0
-0.133234
-1.1003
-1.01119
-0.741287
0
0
0
0
0
0
0
0
0
0
0
-0.867412
-0.780747
0
0
0
0
0
0
0
0
0
0
0
0
-0.61601
0
0
0
0
0
0
0
0
0
0
0
0
0
0
0
0
0
0
0
0
0
0
0
0
0
0
0
0
0
0
0
0
0
0
0
0
0
0
0
0
0
0
0
0
0
0
0
0
0
0
0
0
0
0
0
0
0
0
0
0
0
0
0
0
0
0
0
0
0
0
0
0
0
0
0
0
0
0
0
0
0
0
0
0
0
0
0
0
0
0
0
0
0
0
0
0
0
0
0
0
0
0
0
0
0
0
0
0
0
0
0
0
0
0
0
0
0
0
0
0
0
0
0
0
0
0
0
0
0
0
0
0
0
0
0
0
0
0
0
0
0
0
0
0
0
0
0
0
0
0
0
0
0
0
0
0
0
0
0
0
0
0
0
0
0
0
0
0
0
0
0
0
0
0
0
0
0
0
0
0
0
0
0
0
0
0
0
0
0
0
0
0
0
0
0
0
0
0
0
0
0
0
0
0
0
0
0
0
0
0
0
0
0
0
0
0
0
0
0
0
0
0
0
0
0
0
0
0
0
0
0
0
0
0
0
0
0
0
0
0
0
0
0
0
0
0
0
0
0
0
0
0
0
0
0
0
0
0
0
0
0
0
0
0
0
0
0
0
0
0
0
0
0
0
0
0
0
0
0
0
0
0
0
0
0
0
0
0
0
0
0
0
0
0
0
0
0
0
0
0
0
0
0
0
0
0
0
0
0
0
0
0
0
0
0
0
0
0
0
0
0
0
0
0
0
0
0
0
0
0
0
0
0
0
0
0
0
0
0
-0.289687
0
0
0
0
0
0
0
0
0
0
0
-0.201206
-0.448353
-0.859315
0
0
0
0
0
0
0
0
0
0
-0.518221
-0.844428
-0.920574
-1.21134
0
0
0
0
0
0
0
0
0
-0.21642
-1.14752
-1.44144
-1.29147
-1.41094
0
0
0
0
0
0
0
0
0
-0.705959
-1.62745
-1.89767
-1.54914
-1.47466
0
0
0
0
0
0
0
0
0
-1.07126
-2.00082
-2.23875
-1.75205
-1.46695
0
0
0
0
0
0
0
0
-0.279763
-1.36741
-2.23689
-2.44031
-1.86445
-1.34462
0
0
0
0
0
0
0
0
-0.370386
-1.56096
-2.37855
-2.53477
-1.91785
-1.18846
0
0
0
0
0
0
0
0
-0.295686
-1.67509
-2.38711
-2.49963
-1.85171
-0.962806
0
0
0
0
0
0
0
0
-0.128882
-1.65008
-2.26945
-2.34481
-1.68194
-0.707494
0
0
0
0
0
0
0
0
0
-1.50946
-2.1023
-2.08166
-1.41621
0
0
0
0
0
0
0
0
0
0
-1.27626
-1.90131
-1.7746
-1.16532
0
0
0
0
0
0
0
0
0
0
-1.1049
-1.68459
-1.44298
-0.903291
0
0
0
0
0
0
0
0
0
0
-1.06866
-1.44156
-1.20361
-0.706463
0
0
0
0
0
0
0
0
0
0
-0.998372
-1.20276
-1.02178
0
0
0
0
0
0
0
0
0
0
0
-0.920491
-0.91818
0
0
0
0
0
0
0
0
0
0
0
0
-0.720859
0
0
0
0
0
0
0
0
0
0
0
0
0
0
0
0
0
0
0
0
0
0
0
0
0
0
0
0
0
0
0
0
0
0
0
0
0
0
0
0
0
0
0
0
0
0
0
0
0
0
0
0
0
0
0
0
0
0
0
0
0
0
0
0
0
0
0
0
0
0
0
0
0
0
0
0
0
0
0
0
0
0
0
0
0
0
0
0
0
0
0
0
0
0
0
0
0
0
0
0
0
0
0
0
0
0
0
0
0
0
0
0
0
0
0
0
0
0
0
0
0
0
0
0
0
0
0
0
0
0
0
0
0
0
0
0
0
0
0
0
0
0
0
0
0
0
0
0
0
0
0
0
0
0
0
0
0
0
0
0
0
0
0
0
0
0
0
0
0
0
0
0
0
0
0
0
0
0
0
0
0
0
0
0
0
0
0
0
0
0
0
0
0
0
0
0
0
0
0
0
0
0
0
0
0
0
0
0
0
0
0
0
0
0
0
0
0
0
0
0
0
0
0
0
0
0
0
0
0
0
0
0
0
0
0
0
0
0
0
0
0
0
0
0
0
0
0
0
0
0
0
0
0
0
0
0
0
0
0
0
0
0
0
0
0
0
0
0
0
0
0
0
0
0
0
0
0
0
0
0
0
0
0
0
0
0
0
0
0
0
0
0
0
0
0
0
0
0
0
0
0
0
0
0
0
0
0
0
0
0
0
0
0
0
0
0
0
0
0
0
0
0
0
0
0
0
0
0
0
0
0
0
0
0
0
0
0
0
0
0
0
0
0
0
0
0
0
0
0
0
0
0
0
-0.251621
0
0
0
0
0
0
0
0
0
0
0
-0.177892
-0.487699
-0.847123
0
0
0
0
0
0
0
0
0
0
-0.533113
-0.805563
-0.955371
-1.21269
0
0
0
0
0
0
0
0
0
-0.248872
-1.15814
-1.38191
-1.31936
-1.42518
0
0
0
0
0
0
0
0
0
-0.710501
-1.62492
-1.81496
-1.56536
-1.48286
0
0
0
0
0
0
0
0
0
-1.07833
-1.97936
-2.14414
-1.75661
-1.4594
0
0
0
0
0
0
0
0
-0.235587
-1.35268
-2.16155
-2.34291
-1.84685
-1.29918
0
0
0
0
0
0
0
0
-0.341924
-1.53515
-2.24671
-2.45388
-1.87742
-1.1017
0
0
0
0
0
0
0
0
-0.278158
-1.59637
-2.2188
-2.43774
-1.78658
-0.845077
0
0
0
0
0
0
0
0
-0.111132
-1.48752
-2.11354
-2.28941
-1.59871
-0.575357
0
0
0
0
0
0
0
0
0
-1.27076
-1.97761
-2.02342
-1.30054
0
0
0
0
0
0
0
0
0
0
-1.03768
-1.78781
-1.7252
-1.04047
0
0
0
0
0
0
0
0
0
0
-0.873857
-1.56762
-1.41037
-0.758467
0
0
0
0
0
0
0
0
0
0
-0.823814
-1.32968
-1.19945
0
0
0
0
0
0
0
0
0
0
0
-0.764343
-1.10766
-1.043
0
0
0
0
0
0
0
0
0
0
0
-0.720679
-0.821136
0
0
0
0
0
0
0
0
0
0
0
0
0
0
0
0
0
0
0
0
0
0
0
0
0
0
0
0
0
0
0
0
0
0
0
0
0
0
0
0
0
0
0
0
0
0
0
0
0
0
0
0
0
0
0
0
0
0
0
0
0
0
0
0
0
0
0
0
0
0
0
0
0
0
0
0
0
0
0
0
0
0
0
0
0
0
0
0
0
0
0
0
0
0
0
0
0
0
0
0
0
0
0
0
0
0
0
0
0
0
0
0
0
0
0
0
0
0
0
0
0
0
0
0
0
0
0
0
0
0
0
0
0
0
0
0
0
0
0
0
0
0
0
0
0
0
0
0
0
0
0
0
0
0
0
0
0
0
0
0
0
0
0
0
0
0
0
0
0
0
0
0
0
0
0
0
0
0
0
0
0
0
0
0
0
0
0
0
0
0
0
0
0
0
0
0
0
0
0
0
0
0
0
0
0
0
0
0
0
0
0
0
0
0
0
0
0
0
0
0
0
0
0
0
0
0
0
0
0
0
0
0
0
0
0
0
0
0
0
0
0
0
0
0
0
0
0
0
0
0
0
0
0
0
0
0
0
0
0
0
0
0
0
0
0
0
0
0
0
0
0
0
0
0
0
0
0
0
0
0
0
0
0
0
0
0
0
0
0
0
0
0
0
0
0
0
0
0
0
0
0
0
0
0
0
0
0
0
0
0
0
0
0
0
0
0
0
0
0
0
0
0
0
0
0
0
0
0
0
0
0
0
0
0
0
0
0
0
0
0
0
0
0
0
0
0
0
0
0
0
0
0
0
0
0
0
0
0
0
0
0
0
0
0
0
0
-0.170355
0
0
0
0
0
0
0
0
0
0
0
-0.133525
-0.533869
-0.796998
0
0
0
0
0
0
0
0
0
0
-0.570016
-0.739546
-0.989169
-1.18036
0
0
0
0
0
0
0
0
0
-0.359463
-1.15733
-1.29891
-1.33536
-1.41273
0
0
0
0
0
0
0
0
0
-0.791743
-1.57798
-1.72177
-1.55997
-1.47284
0
0
0
0
0
0
0
0
0
-1.14787
-1.88907
-2.05423
-1.73034
-1.44309
0
0
0
0
0
0
0
0
-0.228809
-1.36369
-2.01688
-2.25483
-1.79699
-1.24979
0
0
0
0
0
0
0
0
-0.365877
-1.46892
-2.07893
-2.36919
-1.8124
-1.0081
0
0
0
0
0
0
0
0
-0.299056
-1.41879
-2.05337
-2.34942
-1.70832
-0.707095
0
0
0
0
0
0
0
0
-0.0657519
-1.23972
-1.9648
-2.20126
-1.51153
0
0
0
0
0
0
0
0
0
0
-0.992553
-1.82623
-1.94675
-1.18447
0
0
0
0
0
0
0
0
0
0
-0.758216
-1.63105
-1.66855
-0.914091
0
0
0
0
0
0
0
0
0
0
-0.554021
-1.41735
-1.3746
0
0
0
0
0
0
0
0
0
0
0
-0.486451
-1.189
-1.18115
0
0
0
0
0
0
0
0
0
0
0
-0.451581
-0.98401
-1.02814
0
0
0
0
0
0
0
0
0
0
0
0
0
0
0
0
0
0
0
0
0
0
0
0
0
0
0
0
0
0
0
0
0
0
0
0
0
0
0
0
0
0
0
0
0
0
0
0
0
0
0
0
0
0
0
0
0
0
0
0
0
0
0
0
0
0
0
0
0
0
0
0
0
0
0
0
0
0
0
0
0
0
0
0
0
0
0
0
0
0
0
0
0
0
0
0
0
0
0
0
0
0
0
0
0
0
0
0
0
0
0
0
0
0
0
0
0
0
0
0
0
0
0
0
0
0
0
0
0
0
0
0
0
0
0
0
0
0
0
0
0
0
0
0
0
0
0
0
0
0
0
0
0
0
0
0
0
0
0
0
0
0
0
0
0
0
0
0
0
0
0
0
0
0
0
0
0
0
0
0
0
0
0
0
0
0
0
0
0
0
0
0
0
0
0
0
0
0
0
0
0
0
0
0
0
0
0
0
0
0
0
0
0
0
0
0
0
0
0
0
0
0
0
0
0
0
0
0
0
0
0
0
0
0
0
0
0
0
0
0
0
0
0
0
0
0
0
0
0
0
0
0
0
0
0
0
0
0
0
0
0
0
0
0
0
0
0
0
0
0
0
0
0
0
0
0
0
0
0
0
0
0
0
0
0
0
0
0
0
0
0
0
0
0
0
0
0
0
0
0
0
0
0
0
0
0
0
0
0
0
0
0
0
0
0
0
0
0
0
0
0
0
0
0
0
0
0
0
0
0
0
0
0
0
0
0
0
0
0
0
0
0
0
0
0
0
0
0
0
0
0
0
0
0
0
0
0
0
0
0
0
0
0
0
0
0
0
0
0
0
0
0
0
0
0
0
0
0
0
0
0
0
0
0
0
0
0
0
0
0
0
-0.102028
-0.533462
-0.727049
0
0
0
0
0
0
0
0
0
0
-0.492373
-0.682276
-0.972822
-1.1266
0
0
0
0
0
0
0
0
0
-0.424065
-1.04635
-1.21914
-1.29894
-1.37887
0
0
0
0
0
0
0
0
0
-0.806975
-1.44398
-1.62746
-1.50774
-1.44825
0
0
0
0
0
0
0
0
0
-1.11387
-1.74939
-1.95189
-1.66799
-1.42386
0
0
0
0
0
0
0
0
-0.202289
-1.25093
-1.87352
-2.14153
-1.73071
-1.21672
0
0
0
0
0
0
0
0
-0.326249
-1.2917
-1.94313
-2.24999
-1.74935
-0.94684
0
0
0
0
0
0
0
0
-0.190024
-1.19671
-1.91374
-2.23445
-1.65041
0
0
0
0
0
0
0
0
0
0
-1.01056
-1.81197
-2.10403
-1.4615
0
0
0
0
0
0
0
0
0
0
-0.732753
-1.66023
-1.8741
-1.11692
0
0
0
0
0
0
0
0
0
0
-0.464464
-1.47421
-1.62456
0
0
0
0
0
0
0
0
0
0
0
-0.221783
-1.27639
-1.34644
0
0
0
0
0
0
0
0
0
0
0
0
-1.0652
-1.14779
0
0
0
0
0
0
0
0
0
0
0
0
-0.864946
0
0
0
0
0
0
0
0
0
0
0
0
0
0
0
0
0
0
0
0
0
0
0
0
0
0
0
0
0
0
0
0
0
0
0
0
0
0
0
0
0
0
0
0
0
0
0
0
0
0
0
0
0
0
0
0
0
0
0
0
0
0
0
0
0
0
0
0
0
0
0
0
0
0
0
0
0
0
0
0
0
0
0
0
0
0
0
0
0
0
0
0
0
0
0
0
0
0
0
0
0
0
0
0
0
0
0
0
0
0
0
0
0
0
0
0
0
0
0
0
0
0
0
0
0
0
0
0
0
0
0
0
0
0
0
0
0
0
0
0
0
0
0
0
0
0
0
0
0
0
0
0
0
0
0
0
0
0
0
0
0
0
0
0
0
0
0
0
0
0
0
0
0
0
0
0
0
0
0
0
0
0
0
0
0
0
0
0
0
0
0
0
0
0
0
0
0
0
0
0
0
0
0
0
0
0
0
0
0
0
0
0
0
0
0
0
0
0
0
0
0
0
0
0
0
0
0
0
0
0
0
0
0
0
0
0
0
0
0
0
0
0
0
0
0
0
0
0
0
0
0
0
0
0
0
0
0
0
0
0
0
0
0
0
0
0
0
0
0
0
0
0
0
0
0
0
0
0
0
0
0
0
0
0
0
0
0
0
0
0
0
0
0
0
0
0
0
0
0
0
0
0
0
0
0
0
0
0
0
0
0
0
0
0
0
0
0
0
0
0
0
0
0
0
0
0
0
0
0
0
0
0
0
0
0
0
0
0
0
0
0
0
0
0
0
0
0
0
0
0
0
0
0
0
0
0
0
0
0
0
0
0
0
0
0
0
0
0
0
0
0
0
0
0
0
0
0
0
0
0
0
0
0
0
0
0
0
0
0
0
0
0
-0.0788396
-0.528341
-0.641653
0
0
0
0
0
0
0
0
0
0
-0.417136
-0.623469
-0.947313
-1.06032
0
0
0
0
0
0
0
0
0
-0.361797
-0.944255
-1.121
-1.24978
-1.33589
0
0
0
0
0
0
0
0
0
-0.69216
-1.33312
-1.50038
-1.44496
-1.41798
0
0
0
0
0
0
0
0
0
-0.966226
-1.64089
-1.80771
-1.59904
-1.40142
0
0
0
0
0
0
0
0
-0.0637669
-1.0744
-1.75602
-1.99086
-1.66751
-1.18026
0
0
0
0
0
0
0
0
-0.127899
-1.10817
-1.81089
-2.10664
-1.69878
-0.875444
0
0
0
0
0
0
0
0
0
-0.992793
-1.75815
-2.10971
-1.61215
0
0
0
0
0
0
0
0
0
0
-0.771953
-1.64447
-2.00671
-1.42822
0
0
0
0
0
0
0
0
0
0
-0.418364
-1.48548
-1.80523
-1.0544
0
0
0
0
0
0
0
0
0
0
0
-1.30948
-1.57163
0
0
0
0
0
0
0
0
0
0
0
0
-1.11711
-1.27584
0
0
0
0
0
0
0
0
0
0
0
0
-0.894444
0
0
0
0
0
0
0
0
0
0
0
0
0
0
0
0
0
0
0
0
0
0
0
0
0
0
0
0
0
0
0
0
0
0
0
0
0
0
0
0
0
0
0
0
0
0
0
0
0
0
0
0
0
0
0
0
0
0
0
0
0
0
0
0
0
0
0
0
0
0
0
0
0
0
0
0
0
0
0
0
0
0
0
0
0
0
0
0
0
0
0
0
0
0
0
0
0
0
0
0
0
0
0
0
0
0
0
0
0
0
0
0
0
0
0
0
0
0
0
0
0
0
0
0
0
0
0
0
0
0
0
0
0
0
0
0
0
0
0
0
0
0
0
0
0
0
0
0
0
0
0
0
0
0
0
0
0
0
0
0
0
0
0
0
0
0
0
0
0
0
0
0
0
0
0
0
0
0
0
0
0
0
0
0
0
0
0
0
0
0
0
0
0
0
0
0
0
0
0
0
0
0
0
0
0
0
0
0
0
0
0
0
0
0
0
0
0
0
0
0
0
0
0
0
0
0
0
0
0
0
0
0
0
0
0
0
0
0
0
0
0
0
0
0
0
0
0
0
0
0
0
0
0
0
0
0
0
0
0
0
0
0
0
0
0
0
0
0
0
0
0
0
0
0
0
0
0
0
0
0
0
0
0
0
0
0
0
0
0
0
0
0
0
0
0
0
0
0
0
0
0
0
0
0
0
0
0
0
0
0
0
0
0
0
0
0
0
0
0
0
0
0
0
0
0
0
0
0
0
0
0
0
0
0
0
0
0
0
0
0
0
0
0
0
0
0
0
0
0
0
0
0
0
0
0
0
0
0
0
0
0
0
0
0
0
0
0
0
0
0
0
0
0
0
0
0
0
0
0
0
0
0
0
0
0
0
0
0
0
0
0
0
0
0
0
0
0
0
0
0
0
0
0
0
0
0
0
-0.534565
0
0
0
0
0
0
0
0
0
0
0
-0.32552
-0.554172
-0.938207
-1.01969
0
0
0
0
0
0
0
0
0
-0.203572
-0.827316
-1.01691
-1.2233
-1.3114
0
0
0
0
0
0
0
0
0
-0.521793
-1.2028
-1.37218
-1.41031
-1.39969
0
0
0
0
0
0
0
0
0
-0.799487
-1.50368
-1.66917
-1.56251
-1.3837
0
0
0
0
0
0
0
0
0
-0.90669
-1.61147
-1.85728
-1.64059
-1.14731
0
0
0
0
0
0
0
0
0
-0.931884
-1.66632
-1.99092
-1.68242
0
0
0
0
0
0
0
0
0
0
-0.784289
-1.61667
-2.02262
-1.60047
0
0
0
0
0
0
0
0
0
0
-0.533644
-1.51283
-1.94976
-1.4124
0
0
0
0
0
0
0
0
0
0
0
-1.36035
-1.76409
0
0
0
0
0
0
0
0
0
0
0
0
-1.19675
-1.52597
0
0
0
0
0
0
0
0
0
0
0
0
-0.987533
0
0
0
0
0
0
0
0
0
0
0
0
0
0
0
0
0
0
0
0
0
0
0
0
0
0
0
0
0
0
0
0
0
0
0
0
0
0
0
0
0
0
0
0
0
0
0
0
0
0
0
0
0
0
0
0
0
0
0
0
0
0
0
0
0
0
0
0
0
0
0
0
0
0
0
0
0
0
0
0
0
0
0
0
0
0
0
0
0
0
0
0
0
0
0
0
0
0
0
0
0
0
0
0
0
0
0
0
0
0
0
0
0
0
0
0
0
0
0
0
0
0
0
0
0
0
0
0
0
0
0
0
0
0
0
0
0
0
0
0
0
0
0
0
0
0
0
0
0
0
0
0
0
0
0
0
0
0
0
0
0
0
0
0
0
0
0
0
0
0
0
0
0
0
0
0
0
0
0
0
0
0
0
0
0
0
0
0
0
0
0
0
0
0
0
0
0
0
0
0
0
0
0
0
0
0
0
0
0
0
0
0
0
0
0
0
0
0
0
0
0
0
0
0
0
0
0
0
0
0
0
0
0
0
0
0
0
0
0
0
0
0
0
0
0
0
0
0
0
0
0
0
0
0
0
0
0
0
0
0
0
0
0
0
0
0
0
0
0
0
0
0
0
0
0
0
0
0
0
0
0
0
0
0
0
0
0
0
0
0
0
0
0
0
0
0
0
0
0
0
0
0
0
0
0
0
0
0
0
0
0
0
0
0
0
0
0
0
0
0
0
0
0
0
0
0
0
0
0
0
0
0
0
0
0
0
0
0
0
0
0
0
0
0
0
0
0
0
0
0
0
0
0
0
0
0
0
0
0
0
0
0
0
0
0
0
0
0
0
0
0
0
0
0
0
0
0
0
0
0
0
0
0
0
0
0
0
0
0
0
0
0
0
0
0
0
0
0
0
0
0
0
0
0
0
0
0
0
0
0
0
0
0
0
0
0
0
0
0
0
0
0
0
0
0
0
0
0
0
0
0
0
0
-0.181038
-0.511512
-0.949036
0
0
0
0
0
0
0
0
0
0
0
-0.656403
-0.933176
-1.21122
-1.22883
0
0
0
0
0
0
0
0
0
-0.326168
-1.02464
-1.25663
-1.38125
-1.3195
0
0
0
0
0
0
0
0
0
-0.589372
-1.33066
-1.5365
-1.51779
-1.3005
0
0
0
0
0
0
0
0
0
-0.683726
-1.45214
-1.72945
-1.5929
0
0
0
0
0
0
0
0
0
0
-0.701878
-1.52628
-1.87826
-1.63292
0
0
0
0
0
0
0
0
0
0
-0.546291
-1.49474
-1.92854
-1.55169
0
0
0
0
0
0
0
0
0
0
-0.294565
-1.40607
-1.86461
-1.35935
0
0
0
0
0
0
0
0
0
0
0
-1.24386
-1.67424
0
0
0
0
0
0
0
0
0
0
0
0
-1.05854
-1.41794
0
0
0
0
0
0
0
0
0
0
0
0
0
0
0
0
0
0
0
0
0
0
0
0
0
0
0
0
0
0
0
0
0
0
0
0
0
0
0
0
0
0
0
0
0
0
0
0
0
0
0
0
0
0
0
0
0
0
0
0
0
0
0
0
0
0
0
0
0
0
0
0
0
0
0
0
0
0
0
0
0
0
0
0
0
0
0
0
0
0
0
0
0
0
0
0
0
0
0
0
0
0
0
0
0
0
0
0
0
0
0
0
0
0
0
0
0
0
0
0
0
0
0
0
0
0
0
0
0
0
0
0
0
0
0
0
0
0
0
0
0
0
0
0
0
0
0
0
0
0
0
0
0
0
0
0
0
0
0
0
0
0
0
0
0
0
0
0
0
0
0
0
0
0
0
0
0
0
0
0
0
0
0
0
0
0
0
0
0
0
0
0
0
0
0
0
0
0
0
0
0
0
0
0
0
0
0
0
0
0
0
0
0
0
0
0
0
0
0
0
0
0
0
0
0
0
0
0
0
0
0
0
0
0
0
0
0
0
0
0
0
0
0
0
0
0
0
0
0
0
0
0
0
0
0
0
0
0
0
0
0
0
0
0
0
0
0
0
0
0
0
0
0
0
0
0
0
0
0
0
0
0
0
0
0
0
0
0
0
0
0
0
0
0
0
0
0
0
0
0
0
0
0
0
0
0
0
0
0
0
0
0
0
0
0
0
0
0
0
0
0
0
0
0
0
0
0
0
0
0
0
0
0
0
0
0
0
0
0
0
0
0
0
0
0
0
0
0
0
0
0
0
0
0
0
0
0
0
0
0
0
0
0
0
0
0
0
0
0
0
0
0
0
0
0
0
0
0
0
0
0
0
0
0
0
0
0
0
0
0
0
0
0
0
0
0
0
0
0
0
0
0
0
0
0
0
0
0
0
0
0
0
0
0
0
0
0
0
0
0
0
0
0
0
0
0
0
0
0
0
0
0
0
0
0
0
0
0
0
0
0
0
0
0
0
0
0
0
0
0
0
0
0
0
0
0
0
0
0
0
-0.503747
-0.921579
-1.21724
0
0
0
0
0
0
0
0
0
0
0
-0.874875
-1.21389
-1.36769
0
0
0
0
0
0
0
0
0
0
-0.362615
-1.19567
-1.4689
-1.48324
0
0
0
0
0
0
0
0
0
0
-0.466279
-1.34127
-1.65172
-1.54875
0
0
0
0
0
0
0
0
0
0
-0.501775
-1.44206
-1.7963
-1.58049
0
0
0
0
0
0
0
0
0
0
0
-1.42799
-1.84855
0
0
0
0
0
0
0
0
0
0
0
0
-1.34012
-1.78369
0
0
0
0
0
0
0
0
0
0
0
0
-1.15041
-1.58029
0
0
0
0
0
0
0
0
0
0
0
0
0
0
0
0
0
0
0
0
0
0
0
0
0
0
0
0
0
0
0
0
0
0
0
0
0
0
0
0
0
0
0
0
0
0
0
0
0
0
0
0
0
0
0
0
0
0
0
0
0
0
0
0
0
0
0
0
0
0
0
0
0
0
0
0
0
0
0
0
0
0
0
0
0
0
0
0
0
0
0
0
0
0
0
0
0
0
0
0
0
0
0
0
0
0
0
0
0
0
0
0
0
0
0
0
0
0
0
0
0
0
0
0
0
0
0
0
0
0
0
0
0
0
0
0
0
0
0
0
0
0
0
0
0
0
0
0
0
0
0
0
0
0
0
0
0
0
0
0
0
0
0
0
0
0
0
0
0
0
0
0
0
0
0
0
0
0
0
0
0
0
0
0
0
0
0
0
0
0
0
0
0
0
0
0
0
0
0
0
0
0
0
0
0
0
0
0
0
0
0
0
0
0
0
0
0
0
0
0
0
0
0
0
0
0
0
0
0
0
0
0
0
0
0
0
0
0
0
0
0
0
0
0
0
0
0
0
0
0
0
0
0
0
0
0
0
0
0
0
0
0
0
0
0
0
0
0
0
0
0
0
0
0
0
0
0
0
0
0
0
0
0
0
0
0
0
0
0
0
0
0
0
0
0
0
0
0
0
0
0
0
0
0
0
0
0
0
0
0
0
0
0
0
0
0
0
0
0
0
0
0
0
0
0
0
0
0
0
0
0
0
0
0
0
0
0
0
0
0
0
0
0
0
0
0
0
0
0
0
0
0
0
0
0
0
0
0
0
0
0
0
0
0
0
0
0
0
0
0
0
0
0
0
0
0
0
0
0
0
0
0
0
0
0
0
0
0
0
0
0
0
0
0
0
0
0
0
0
0
0
0
0
0
0
0
0
0
0
0
0
0
0
0
0
0
0
0
0
0
0
0
0
0
0
0
0
0
0
0
0
0
0
0
0
0
0
0
0
0
0
0
0
0
0
0
0
0
0
0
0
0
0
0
0
0
0
0
0
0
0
0
0
0
0
0
0
0
0
0
0
0
0
0
0
0
0
0
0
0
0
0
0
0
0
0
0
0
-0.712528
-1.15878
0
0
0
0
0
0
0
0
0
0
0
0
-1.04433
-1.36575
0
0
0
0
0
0
0
0
0
0
0
0
-1.20684
-1.51748
0
0
0
0
0
0
0
0
0
0
0
0
-1.3196
-1.64147
0
0
0
0
0
0
0
0
0
0
0
0
-1.30752
-1.68479
0
0
0
0
0
0
0
0
0
0
0
0
0
0
0
0
0
0
0
0
0
0
0
0
0
0
0
0
0
0
0
0
0
0
0
0
0
0
0
0
0
0
0
0
0
0
0
0
0
0
0
0
0
0
0
0
0
0
0
0
0
0
0
0
0
0
0
0
0
0
0
0
0
0
0
0
0
0
0
0
0
0
0
0
0
0
0
0
0
0
0
0
0
0
0
0
0
0
0
0
0
0
0
0
0
0
0
0
0
0
0
0
0
0
0
0
0
0
0
0
0
0
0
0
0
0
0
0
0
0
0
0
0
0
0
0
0
0
0
0
0
0
0
0
0
0
0
0
0
0
0
0
0
0
0
0
0
0
0
0
0
0
0
0
0
0
0
0
0
0
0
0
0
0
0
0
0
0
0
0
0
0
0
0
0
0
0
0
0
0
0
0
0
0
0
0
0
0
0
0
0
0
0
0
0
0
0
0
0
0
0
0
0
0
0
0
0
0
0
0
0
0
0
0
0
0
0
0
0
0
0
0
0
0
0
0
0
0
0
0
0
0
0
0
0
0
0
0
0
0
0
0
0
0
0
0
0
0
0
0
0
0
0
0
0
0
0
0
0
0
0
0
0
0
0
0
0
0
0
0
0
0
0
0
0
0
0
0
0
0
0
0
0
0
0
0
0
0
0
0
0
0
0
0
0
0
0
0
0
0
0
0
0
0
0
0
0
0
0
0
0
0
0
0
0
0
0
0
0
0
0
0
0
0
0
0
0
0
0
0
0
0
0
0
0
0
0
0
0
0
0
0
0
0
0
0
0
0
0
0
0
0
0
0
0
0
0
0
0
0
0
0
0
0
0
0
0
0
0
0
0
0
0
0
0
0
0
0
0
0
0
0
0
0
0
0
0
0
0
0
0
0
0
0
0
0
0
0
0
0
0
0
0
0
0
0
0
0
0
0
0
0
0
0
0
0
0
0
0
0
0
0
0
0
0
0
0
0
0
0
0
0
0
0
0
0
0
0
0
0
0
0
0
0
0
0
0
0
0
0
0
0
0
0
0
0
0
0
0
0
0
0
0
0
0
0
0
0
0
0
0
0
0
0
0
0
0
0
0
0
0
0
0
0
0
0
0
0
0
0
0
0
0
0
0
0
0
0
0
0
0
0
0
0
0
0
0
0
0
0
0
0
0
0
0
0
0
0
0
0
0
0
0
0
0
0
0
0
0
0
0
0
0
0
0
0
0
0
0
0
0
0
0
0
0
0
0
0
0
0
0
0
0
0
0
0
0
0
0
0
0
0
0
0
0
0
0
0
0
0
0
0
0
0
0
0
0
0
0
0
0
0
0
0
0
0
0
0
0
0
0
0
0
0
0
0
0
0
0
0
0
0
0
0
0
0
0
0
0
0
0
0
0
0
0
0
0
0
0
0
0
0
0
0
0
0
0
0
0
0
0
0
0
0
0
0
0
0
0
0
0
0
0
0
0
0
0
0
0
0
0
0
0
0
0
0
0
0
0
0
0
0
0
0
0
0
0
0
0
0
0
0
0
0
0
0
0
0
0
0
0
0
0
0
0
0
0
0
0
0
0
0
0
0
0
0
0
0
0
0
0
0
0
0
0
0
0
0
0
0
0
0
0
0
0
0
0
0
0
0
0
0
0
0
0
0
0
0
0
0
0
0
0
0
0
0
0
0
0
0
0
0
0
0
0
0
0
0
0
0
0
0
0
0
0
0
0
0
0
0
0
0
0
0
0
0
0
0
0
0
0
0
0
0
0
0
0
0
0
0
0
0
0
0
0
0
0
0
0
0
0
0
0
0
0
0
0
0
0
0
0
0
0
0
0
0
0
0
0
0
0
0
0
0
0
0
0
0
0
0
0
0
0
0
0
0
0
0
0
0
0
0
0
0
0
0
0
0
0
0
0
0
0
0
0
0
0
0
0
0
0
0
0
0
0
0
0
0
0
0
0
0
0
0
0
0
0
0
0
0
0
0
0
0
0
0
0
0
0
0
0
0
0
0
0
0
0
0
0
0
0
0
0
0
0
0
0
0
0
0
0
0
0
0
0
0
0
0
0
0
0
0
0
0
0
0
0
0
0
0
0
0
0
0
0
0
0
0
0
0
0
0
0
0
0
0
0
0
0
0
0
0
0
0
0
0
0
0
0
0
0
0
0
0
0
0
0
0
0
0
0
0
0
0
0
0
0
0
0
0
0
0
0
0
0
0
0
0
0
0
0
0
0
0
0
0
0
0
0
0
0
0
0
0
0
0
0
0
0
0
0
0
0
0
0
0
0
0
0
0
0
0
0
0
0
0
0
0
0
0
0
0
0
0
0
0
0
0
0
0
0
0
0
0
0
0
0
0
0
0
0
0
0
0
0
0
0
0
0
0
0
0
0
0
0
0
0
0
0
0
0
0
0
0
0
0
0
0
0
0
0
0
0
0
0
0
0
0
0
0
0
0
0
0
0
0
0
0
0
0
0
0
0
0
0
0
0
0
0
0
0
0
0
0
0
0
0
0
0
0
0
0
0
0
0
0
0
0
0
0
0
0
0
0
0
0
0
0
0
0
0
0
0
0
0
0
0
0
0
0
0
0
0
0
0
0
0
0
0
0
0
0
0
0
0
0
0
0
0
0
0
0
0
0
0
0
0
0
0
0
0
0
0
0
0
0
0
0
0
0
0
0
0
0
0
0
0
0
0
0
0
0
0
0
0
0
0
0
0
0
0
0
0
0
0
0
0
0
0
0
0
0
0
0
0
0
0
0
0
0
0
0
0
0
0
0
0
0
0
0
0
0
0
0
0
0
0
0
0
0
0
0
0
0
0
0
0
0
0
0
0
0
0
0
0
0
0
0
0
0
0
0
0
0
0
0
0
0
0
0
0
0
0
0
0
0
0
0
0
0
0
0
0
0
0
0
0
0
0
0
0
0
0
0
0
0
0
0
0
0
0
0
0
0
0
0
0
0
0
0
0
0
0
0
0
0
0
0
0
0
0
0
0
0
0
0
0
0
0
0
0
0
0
0
0
0
0
0
0
0
0
0
0
0
0
0
0
0
0
0
0
0
0
0
0
0
0
0
0
0
0
0
0
0
0
0
0
0
0
0
0
0
0
0
0
0
0
0
0
0
0
0
0
0
0
0
0
0
0
0
0
0
0
0
0
0
0
0
0
0
0
0
0
0
0
0
0
0
0
0
0
0
0
0
0
0
0
0
0
0
0
0
0
0
0
0
0
0
0
0
0
0
0
0
0
0
0
0
0
0
0
0
0
0
0
0
0
0
0
0
0
0
0
0
0
0
0
0
0
0
0
0
0
0
0
0
0
0
0
0
0
0
0
0
0
0
0
0
0
0
0
0
0
0
0
0
0
0
0
0
0
0
0
0
0
0
0
0
0
0
0
0
0
0
0
0
0
0
0
0
0
0
0
0
0
0
0
0
0
0
0
0
0
0
0
0
0
0
0
0
0
0
0
0
0
0
0
0
0
0
0
0
0
0
0
0
0
0
0
0
0
0
0
0
0
0
0
0
0
0
0
0
0
0
0
0
0
0
0
0
0
0
0
0
0
0
0
0
0
0
0
0
0
0
0
0
0
0
0
0
0
0
0
0
0
0
0
0
0
0
0
0
0
0
0
0
0
0
0
0
0
0
0
0
0
0
0
0
0
0
0
0
0
0
0
0
0
0
0
0
0
0
0
0
0
0
0
0
0
0
0
0
0
0
0
0
0
0
0
0
0
0
0
0
0
0
0
0
0
0
0
0
0
0
0
0
0
0
0
0
0
0
0
0
0
0
0
0
0
0
0
0
0
0
0
0
0
0
0
0
0
0
0
0
0
0
0
0
0
0
0
0
0
0
0
0
0
0
0
0
0
0
0
0
0
0
0
0
0
0
0
0
0
0
0
0
0
0
0
0
0
0
0
0
0
0
0
0
0
0
0
0
0
0
0
0
0
0
0
0
0
0
0
0
0
0
0
0
0
0
0
0
0
0
0
0
0
0
0
0
0
0
0
0
0
0
0
0
0
0
0
0
0
0
0
0
0
0
0
0
0
0
0
0
0
0
0
0
0
0
0
0
0
0
0
0
0
0
0
0
0
0
0
0
0
0
0
0
0
0
0
0
0
0
0
0
0
0
0
0
0
0
0
0
0
0
0
0
0
0
0
0
0
0
0
0
0
0
0
0
0
0
0
0
0
0
0
0
0
0
0
0
0
0
0
0
0
0
0
0
0
0
0
0
0
0
0
0
0
0
0
0
0
0
0
0
0
0
0
0
0
0
0
0
0
0
0
0
0
