250
 0.012566370614359173
 0
 0
 0
 0
 0
 0
 0
 0
 0
 0
 0
 0
 0
 0
 0
 0
 0
 0
 0
 0
 0
 0
 0
 0
 0
 0
 0
 0
 0
 0
 0
 0
 0
 0
 0
 0
 0
 0
 0
 0
 0
 0
 0
 0
 0
 0
 0
 0
 0
 0
 0
 0
 0
 0
 0
 0
 0
 0
 0
 0
 0
 0
 0
 0
 0
 0
 0
 0
 0
 0
 0
 0
 0
 0
 0
 0
 0
 0
 0
 0
 0
 -0.24908836449188598
 -0.6645920008745083
 -1.0511533095320882
 -1.4096153700771508
 -1.7407448936029875
 -2.0459900475561907
 -2.3252296465499382
 -2.5786107035176986
 -2.8068062687455457
 -3.0104967056750365
 -3.1905022209060485
 -3.3473236558889248
 -3.482027500583298
 -3.5959741344237557
 -3.6908696455934473
 -3.7688356113644153
 -3.832916437040452
 -3.886620398861374
 -3.9339685968424156
 -3.9792655870036304
 -4.026668955256418
 -4.0793617662703925
 -4.139134141814804
 -4.206090546265456
 -4.278881669465539
 -4.35468968573186
 -4.430255024594028
 -4.502431781158198
 -4.568529525241563
 -4.626396301606216
 -4.674820582596047
 -4.713271570818505
 -4.741852097219944
 -4.761144584358921
 -4.772147465234703
 -4.776308456602144
 -4.77506275258873
 -4.769826844408398
 -4.761890048700757
 -4.752467578469021
 -4.742696858764879
 -4.733787234913464
 -4.727229196994461
 -4.725047193953846
 -4.729585468605845
 -4.743404984410565
 -4.768844471066517
 -4.807469921627674
 -4.859714671780199
 -4.9238888435261305
 -4.997194821107832
 -5.075987921726803
 -5.156438846949745
 -5.234923918638222
 -5.308488433265325
 -5.3751038369479645
 -5.433565406587796
 -5.4833124758556355
 -5.524523138800976
 -5.557854312105192
 -5.584226133267528
 -5.604720366201089
 -5.620384383096353
 -5.632362346740987
 -5.641535857412238
 -5.6485637525210155
 -5.653846710068894
 -5.657513180178983
 -5.659468259692135
 -5.659352878402736
 -5.656593981082011
 -5.650394211717705
 -5.639844523341685
 -5.624023172679569
 -5.6019861258278265
 -5.572890037764794
 -5.53597813091989
 -5.490981658220706
 -5.437942222544471
 -5.3772799810804965
 -5.309838195607121
 -5.236904241133566
 -5.160126357110789
 -5.081335669456604
 -5.002460818633066
 -4.925447897989157
 -4.852063389722277
 -4.7835495850809995
 -4.720862444097667
 -4.6645182105417025
 -4.614675571545468
 -4.570829698348575
 -4.532007550439513
 -4.496867127180538
 -4.463668517864688
 -4.430326386143371
 -4.394479728118633
 -4.353704927369487
 -4.305564311144605
 -4.247668515887897
 -4.177713162523707
 -4.093897832654102
 -3.9946069422423696
 -3.8785831004182603
 -3.745011958814377
 -3.5937230840746865
 -3.425087990193064
 -3.2402076487457565
 -3.0411102839974493
 -2.831520814716537
 -2.615671633146178
 -2.398776588867749
 -2.1867571830621175
 -1.9850854610837727
 -1.7983565931245256
 -1.6259421751265704
 -1.4649141771490841
 -1.3096025383798207
 -1.1529360122561076
 -0.9876049059273306
 -0.8067973243115816
 -0.6050941306456323
 -0.3782022419522324
 -0.1232265098325076
 0
 0
 0
 0
 0
 0
 0
 0
 0
 0
 0
 0
 0
 0
 0
 0
 0
 0
 0
 0
 0
 0
 0
 0
 0
 0
 0
 0
 0
 0
 0
 0
 0
 0
 0
 0
 0
 0
 0
 0
 0
 0
 0
 0
 0
 0
 