14	11	21
 0.2	0.2	0.2
 2	-7	-1
 0
 0
 0
 0
 0
 0
 0
 0
 0
 0
 0
 0
 0
 0
 0
 0
 0
 0
 0
 0
 0
 0
 0
 0
 0
 0
 0
 0
 0
 0
 0
 0
 0
 0
 0
 0
 0
 0
 0
 0
 0
 0
 0
 0
 0
 0
 0
 0
 0
 0
 0
 0
 0
 0
 0
 0
 0
 0
 0
 0
 0
 0
 0
 0
 0
 0
 0
 0
 0
 0
 0
 0
 0
 0
 0
 0
 0
 0
 0
 0
 0
 0
 0
 0
 0
 0
 0
 0
 0
 0
 0
 0
 0
 0
 0
 0
 0
 0
 0
 0
 0
 0
 0
 0
 0
 0
 0
 0
 0
 0
 0
 0
 0
 0
 0
 0
 0
 0
 0
 0
 0
 0
 0
 0
 0
 0
 0
 0
 0
 0
 0
 0
 0
 0
 0
 0
 0
 0
 0
 0
 0
 0
 0
 0
 0
 0
 0
 0
 0
 0
 0
 0
 0
 0
 0
 0
 0
 0
 0
 0
 0
 0
 0
 0
 0
 0
 0
 0
 0
 0
 0
 0
 0
 0
 0
 0
 0
 0
 0
 0
 0
 0
 0
 0
 0
 0
 0
 0
 0
 0
 0
 0
 0
 0
 0
 0
 0
 0
 0
 0
 0
 0
 0
 0
 0
 0
 0
 0
 0
 0
 0
 0
 0
 0
 0
 0
 0
 0
 0
 0
 0
 0
 0
 0
 0
 0
 0
 0
 0
 0
 0
 0
 0
 0
 0
 0
 0
 0
 0
 0
 0
 0
 0
 0
 0
 0
 0
 0
 0
 0
 0
 0
 0
 0
 0
 0
 0
 0
 0
 0
 0
 0
 0
 0
 0
 0
 0
 0
 0
 0
 0
 0
 0
 0
 0
 0
 0
 0
 0
 0
 0
 0
 0
 0
 0
 0
 0
 0
 0
 0
 0
 0
 0
 0
 0
 0
 0
 0
 0
 0
 0
 0
 0
 0
 0
 0
 0
 0
 0
 0
 0
 0
 0
 0
 0
 0
 0
 0
 0
 0
 0
 0
 0
 0
 0
 0
 0
 0
 0
 0
 0
 0
 0
 0
 0
 0
 0
 0
 0
 0
 0
 0
 0
 0
 0
 0
 0
 0
 0
 0
 0
 0
 0
 0
 0
 0
 0
 0
 0
 0
 0
 0
 0
 0
 0
 0
 0
 0
 0
 0
 0
 0
 0
 0
 0
 0
 0
 0
 0
 0
 0
 0
 0
 0
 0
 0
 0
 0
 0
 0
 0
 0
 0
 0
 0
 0
 0
 0
 0
 0
 0
 0
 0
 0
 0
 0
 0
 0
 0
 0
 0
 0
 0
 0
 0
 0
 0
 0
 0
 0
 0
 0
 0
 0
 0
 0
 0
 0
 0
 0
 0
 0
 0
 0
 0
 0
 0
 0
 0
 0
 0
 0
 0
 0
 0
 0
 0
 0
 0
 0
 0
 0
 0
 0
 0
 0
 0
 0
 0
 0
 0
 0
 0
 0
 0
 0
 0
 0
 0
 0
 0
 0
 0
 0
 0
 0
 0
 0
 0
 0
 0
 0
 0
 0
 0
 0
 0
 0
 0
 0
 0
 0
 0
 0
 0
 0
 0
 0
 0
 0
 0
 0
 0
 0
 0
 0
 0
 0
 0
 0
 0
 0
 0
 -1.451981374474947
 -2.4901538732559
 -2.975272610864911
 -2.9159298120086374
 -2.277224092933447
 -1.0894221594893407
 0
 0
 0
 0
 0
 0
 0
 0
 0
 0
 0
 0
 0
 0
 0
 -0.29087163871027144
 -1.3375689281175074
 -1.8290802354198554
 -1.7748550485321752
 -1.1518323023619814
 -0.10094188813779859
 0
 0
 0
 0
 0
 0
 0
 0
 0
 0
 0
 0
 0
 0
 0
 0
 0
 0
 0
 -1.836443888193056
 -3.0736203273938782
 -3.752351309239489
 -3.834784391723499
 -3.376607499905968
 -2.3488962883220585
 -0.8046146742211873
 0
 0
 0
 0
 0
 0
 0
 0
 0
 0
 0
 0
 0
 -0.48350370258554953
 -2.3975312917731655
 -3.63661326970733
 -4.315516069988035
 -4.397961116651972
 -3.9397855564197
 -2.912074469731852
 -1.3677928556309773
 0
 0
 0
 0
 0
 0
 0
 0
 0
 0
 0
 0
 0
 0
 0
 0
 -0.5524047056371622
 -0.6348497523009513
 -0.17667419206877355
 0
 0
 0
 0
 0
 0
 0
 0
 0
 0
 0
 0
 0
 0
 0
 0
 0
 0
 0
 0
 0
 0
 0
 0
 0
 0
 0
 0
 0
 0
 0
 0
 0
 0
 0
 0
 0
 0
 0
 0
 0
 0
 0
 0
 0
 0
 0
 0
 0
 0
 0
 0
 0
 0
 0
 0
 0
 0
 0
 0
 0
 0
 0
 0
 0
 0
 0
 0
 0
 0
 0
 0
 0
 0
 0
 0
 0
 0
 0
 0
 0
 0
 0
 0
 0
 0
 0
 0
 0
 0
 0
 0
 0
 0
 0
 0
 0
 0
 0
 0
 0
 0
 0
 0
 0
 0
 0
 0
 0
 0
 0
 0
 0
 0
 0
 0
 -0.8237452442266502
 -2.21623187078072
 -3.137674382470217
 -3.5327298624009744
 -3.409927557427884
 -2.7282556664135234
 -1.5117369252457618
 0
 0
 0
 0
 0
 0
 0
 0
 0
 0
 0
 0
 -0.4463104728643419
 -1.8157738621129385
 -3.7618757499451663
 -5.253155812553789
 -6.244398014476435
 -6.697492421668259
 -6.617027870518319
 -5.964597658181619
 -4.767858540054506
 -2.8120014282017065
 -0.6694815227016537
 0
 0
 0
 0
 0
 0
 0
 0
 0
 0
 0
 -0.3430305221518619
 -2.460836495470838
 -4.00662558235849
 -5.031735432027446
 -5.510518476945247
 -5.447911553267012
 -4.812833482671114
 -3.6875283041785982
 -2.365485080035336
 -1.8609447315634648
 -1.3097016770434378
 -0.27276128979291414
 0
 0
 0
 0
 0
 0
 0
 0
 0
 0
 0
 0
 0
 -1.0535575761727287
 -2.856819263749556
 -4.713643616983566
 -5.946741986346092
 -6.624477281162463
 -6.706540711963807
 -6.248196454924745
 -5.220413289997712
 -3.6761041961165324
 -1.20117153997783
 0
 0
 0
 0
 0
 0
 0
 0
 0
 0
 0
 -1.1764571758725069
 -3.362960924469988
 -5.272231995042462
 -6.509512783150324
 -7.187625949840811
 -7.269715690656803
 -6.811374361791641
 -5.783591471407507
 -4.239282377526328
 -1.764349721387573
 0
 0
 0
 0
 0
 0
 0
 0
 0
 0
 0
 0
 0
 -1.5091206306913865
 -2.74640141879926
 -3.424514585489745
 -3.5066043263057267
 -3.0482629974405686
 -2.020480107056442
 -0.47617101317529276
 0
 0
 0
 0
 0
 0
 0
 0
 0
 0
 0
 0
 0
 0
 0
 0
 0
 0
 0
 0
 0
 0
 0
 0
 0
 0
 0
 0
 0
 0
 0
 0
 0
 0
 0
 0
 0
 0
 0
 0
 0
 0
 0
 0
 0
 0
 0
 0
 0
 0
 0
 0
 0
 0
 0
 0
 0
 0
 0
 0
 0
 0
 0
 0
 0
 0
 0
 0
 0
 0
 0
 0
 0
 0
 0
 0
 0
 0
 0
 0
 0
 0
 0
 0
 0
 0
 0
 0
 0
 0
 0
 0
 0
 0
 0
 0
 0
 0
 0
 0
 0
 0
 0
 0
 0
 0
 0
 0
 0
 0
 -0.4385888733663599
 -1.8990532808259983
 -2.8738412580319945
 -3.4090495718830907
 -3.974127430018986
 -4.800609415715039
 -5.470664198437971
 -5.6792931163084965
 -5.399600229887957
 -4.591172329692881
 -3.276817414630088
 -1.204075376909329
 0
 0
 0
 0
 0
 0
 0
 0
 -0.7370058942640823
 -2.7129183882511585
 -4.2026384690026966
 -5.243919969536375
 -5.881115677341635
 -6.561745530469615
 -7.450792587014968
 -8.195204355322423
 -8.505289370660716
 -8.327541267106547
 -7.607903196295465
 -6.364829896499344
 -4.366314116831044
 -2.2050119852868244
 0
 0
 0
 0
 0
 0
 0
 0
 -0.6058871369992236
 -2.1653667154379743
 -3.3457140656981297
 -4.15212638174696
 -4.9797904290103965
 -5.9345437066304125
 -6.748159414084377
 -7.1395091563033635
 -7.031598085650904
 -6.368480913880158
 -5.195018276111518
 -3.565433792230774
 -2.650463316409473
 -1.97069484968433
 -0.9148150339992407
 0
 0
 0
 0
 0
 0
 0
 0
 0
 0
 0
 -0.44748390682893735
 -1.486908628810352
 -2.6683115600121674
 -4.057618502438586
 -5.594773973852594
 -6.696013964444219
 -7.31340491033507
 -7.367538027092195
 -6.895930652467806
 -5.862352821798389
 -4.31581773135889
 -1.839471341941329
 0
 0
 0
 0
 0
 0
 0
 0
 0
 0
 -0.07541993846732531
 -2.6455214141616015
 -4.499772996756317
 -6.143065392742779
 -7.257414218338372
 -7.876404266287972
 -7.930691322658959
 -7.459105967956794
 -6.425530777046996
 -4.878995912768687
 -2.402649523351097
 0
 0
 0
 0
 0
 0
 0
 0
 0
 0
 0
 0
 -0.7364225674796616
 -2.3799246235614673
 -3.4942991895780464
 -4.113292512672438
 -4.1675799023405204
 -3.695994596956096
 -2.6624194121235005
 -1.115884548417661
 0
 0
 0
 0
 0
 0
 0
 0
 0
 0
 0
 0
 0
 0
 0
 0
 0
 0
 0
 0
 0
 0
 0
 0
 0
 0
 0
 0
 0
 0
 0
 0
 0
 0
 0
 0
 0
 0
 0
 0
 0
 0
 0
 0
 0
 0
 0
 0
 0
 0
 0
 0
 0
 0
 0
 0
 0
 0
 0
 0
 0
 0
 0
 0
 0
 0
 0
 0
 0
 0
 0
 0
 0
 0
 0
 0
 0
 0
 0
 0
 0
 0
 0
 0
 0
 0
 0
 0
 0
 0
 0
 0
 0
 0
 0
 0
 0
 0
 0
 0
 0
 0
 0
 0
 0
 0
 0
 0
 0
 -0.9761756044114724
 -2.940155153801256
 -4.398893350380126
 -5.3573767237019325
 -5.802104001585915
 -5.877287408707451
 -5.964473410866686
 -6.202701001300895
 -6.211742363840285
 -5.779285460148971
 -4.827827064105685
 -3.3760777463569207
 -1.125078872703905
 0
 0
 0
 0
 0
 0
 0
 -0.30191363853618114
 -3.2763087472180974
 -5.2482501049829295
 -6.733302732755813
 -7.7555344551533185
 -8.302456720631985
 -8.507511428226287
 -8.61381817111962
 -8.775467293175012
 -8.78738101668049
 -8.430065839765017
 -7.586617630521743
 -6.2519585370707045
 -4.163501836818371
 -1.9649397095050434
 0
 0
 0
 0
 0
 0
 0
 -1.5455999311128483
 -3.470969907746017
 -4.95490906219513
 -6.047861877345368
 -6.721463332399123
 -7.082458585569968
 -7.269258859002759
 -7.4778295330214375
 -7.64743181930076
 -7.527184146795054
 -6.9518383974330655
 -5.910169190452385
 -4.299352393207975
 -2.7032272303765312
 -1.1008808778238386
 0
 0
 0
 0
 0
 0
 0
 0
 -0.24679075565910402
 -1.1911961065903771
 -1.8188327701554154
 -2.4679029320806283
 -3.3743259114049193
 -4.395160021409991
 -5.331787408029596
 -6.091535574386121
 -6.755710829606653
 -7.129813871579255
 -7.118570339722693
 -6.6584351137306825
 -5.797980129031737
 -4.530235425325959
 -2.8765188013032095
 -0.32550666487889934
 0
 0
 0
 0
 0
 0
 0
 0
 0
 -0.6954879704023913
 -2.619962627265088
 -4.6568551941610945
 -6.115101532561737
 -7.148484184982538
 -7.645650255553123
 -7.671215715212164
 -7.218893036025743
 -6.36064156816883
 -5.09334398769581
 -3.439694038746416
 -0.8886848462886139
 0
 0
 0
 0
 0
 0
 0
 0
 0
 0
 0
 -0.8377671420281985
 -2.33900813032664
 -3.38264530278901
 -3.8819289053595574
 -3.9079765196479492
 -3.455742697787781
 -2.5975190357559867
 -1.3302296121417987
 0
 0
 0
 0
 0
 0
 0
 0
 0
 0
 0
 0
 0
 0
 0
 0
 0
 0
 0
 0
 0
 0
 0
 0
 0
 0
 0
 0
 0
 0
 0
 0
 0
 0
 0
 0
 0
 0
 0
 0
 0
 0
 0
 0
 0
 0
 0
 0
 0
 0
 0
 0
 0
 0
 0
 0
 0
 0
 0
 0
 0
 0
 0
 0
 0
 0
 0
 0
 0
 0
 0
 0
 0
 0
 0
 0
 0
 0
 0
 0
 0
 0
 0
 0
 0
 0
 0
 0
 0
 0
 0
 0
 0
 0
 0
 0
 0
 0
 0
 0
 0
 0
 0
 0
 0
 0
 0
 0
 0
 0
 -1.3779961501190616
 -3.34089383530394
 -4.8039575578904525
 -5.775921006894363
 -6.236081133338848
 -6.2516152213969125
 -6.003344106776046
 -5.703918388349968
 -5.412309783742624
 -4.898677995371025
 -3.9852888562264948
 -2.6131940571514027
 -0.48900921349523685
 0
 0
 0
 0
 0
 0
 0
 -1.2620717844643323
 -4.11120953431572
 -6.022088138746442
 -7.463317889787836
 -8.461699959354947
 -9.001719900327435
 -9.163856827683425
 -9.077665580740055
 -8.931399107700084
 -8.830722435227875
 -8.545943448993913
 -7.835780606057434
 -6.630397857460441
 -4.695062243648132
 -2.5869619154540144
 0
 0
 0
 0
 0
 0
 -1.3595166430908376
 -3.95985635165714
 -5.701421029327296
 -6.973615510285965
 -7.81950194679891
 -8.277907294827912
 -8.495427529234302
 -8.656691677518982
 -8.91326111604271
 -9.172198090150617
 -9.152260312745945
 -8.666661420001564
 -7.688510555385694
 -6.073041899479591
 -4.231792760953705
 -1.7961291484686033
 0
 0
 0
 0
 0
 0
 -0.7050088529388061
 -2.470713236719858
 -3.7546219529137916
 -4.5822551828650795
 -5.0206285361089
 -5.493839162770135
 -6.323895653351007
 -7.196662379505726
 -7.801583317857267
 -8.03122173894022
 -7.953325363289507
 -7.725932848186932
 -7.309946753751575
 -6.518998120396847
 -5.199531175892261
 -3.340296788645648
 -1.1266267715331395
 0
 0
 0
 0
 0
 0
 0
 0
 -0.533550579685194
 -2.2814535218324625
 -3.8062972396493118
 -4.937448023655749
 -5.864204149199388
 -6.730612819131415
 -7.513094650584006
 -7.883173267278859
 -7.750213742933544
 -7.036045124649865
 -5.746253252558516
 -3.8975348737347373
 -1.6873553088038262
 0
 0
 0
 0
 0
 0
 0
 0
 0
 0
 0
 0
 -1.339846166566967
 -2.7059363949847377
 -3.6813123699340116
 -4.09980341670663
 -3.9799044717671643
 -3.269006995745353
 -1.9808653363595425
 -0.1330922390434246
 0
 0
 0
 0
 0
 0
 0
 0
 0
 0
 0
 0
 0
 0
 0
 0
 0
 0
 0
 0
 0
 0
 0
 0
 0
 0
 0
 0
 0
 0
 0
 0
 0
 0
 0
 0
 0
 0
 0
 0
 0
 0
 0
 0
 0
 0
 0
 0
 0
 0
 0
 0
 0
 0
 0
 0
 0
 0
 0
 0
 0
 0
 0
 0
 0
 0
 0
 0
 0
 0
 0
 0
 0
 0
 0
 0
 0
 0
 0
 0
 0
 0
 0
 0
 0
 0
 0
 0
 0
 0
 0
 0
 0
 0
 0
 0
 0
 0
 0
 0
 0
 0
 0
 0
 0
 0
 0
 0
 0
 0
 -0.11069272636220617
 -2.0305407169857475
 -3.5007364554825227
 -4.58048598680493
 -5.27907152440972
 -5.77085529157876
 -6.072838274465628
 -6.107113341752559
 -5.739808257564773
 -4.960238666877807
 -3.793816447856929
 -2.269428629343656
 -0.058777184926936954
 0
 0
 0
 0
 0
 0
 0
 -1.7937016477858814
 -4.399788053337989
 -6.147979665750746
 -7.43401876518487
 -8.307511185564795
 -8.801803896354878
 -9.041011607305915
 -9.120032056656182
 -9.07047573602155
 -8.866003733045202
 -8.43759317430183
 -7.649049332241038
 -6.41543648079991
 -4.471687670381548
 -2.3650340980722966
 0
 0
 0
 0
 0
 -0.1609126276152626
 -2.7036778016021232
 -5.255787246160785
 -6.952775380843941
 -8.159089584933216
 -8.894329775947684
 -9.197014117167267
 -9.215598647616543
 -9.225620930384368
 -9.345469654519125
 -9.451623914991341
 -9.33394514071927
 -8.80695216355245
 -7.813988112573933
 -6.192071586586467
 -4.33934845141811
 -1.8369497353316193
 0
 0
 0
 0
 0
 0
 -2.5441298711712017
 -4.388413746735478
 -5.754479575484018
 -6.654633872100487
 -7.109344489386234
 -7.413054947816781
 -7.9407756164205745
 -8.566242182777124
 -8.989330634847972
 -9.076345731358533
 -8.776367833652614
 -8.148958768259273
 -7.1939102203031435
 -6.003923698580159
 -4.32107258160069
 -2.142634445771579
 0
 0
 0
 0
 0
 0
 -0.6412593622045044
 -2.452371604464262
 -3.7839888103111363
 -4.540916354174091
 -4.965776894858868
 -5.558574883095366
 -6.364038179753651
 -6.9657728898086875
 -7.2713164633992795
 -7.383956495852318
 -7.272915201695517
 -6.794371707360279
 -5.855062718783008
 -4.360172886338071
 -2.3254136740573905
 0
 0
 0
 0
 0
 0
 0
 0
 0
 0
 0
 -0.08905060025836775
 -0.6803595967356237
 -1.5353990121218732
 -2.2827246918122093
 -2.8203269812595275
 -2.959292393777263
 -2.62902207724298
 -1.7749559150549334
 -0.3577685997111786
 0
 0
 0
 0
 0
 0
 0
 0
 0
 0
 0
 0
 0
 0
 0
 0
 0
 0
 0
 0
 0
 0
 0
 0
 0
 0
 0
 0
 0
 0
 0
 0
 0
 0
 0
 0
 0
 0
 0
 0
 0
 0
 0
 0
 0
 0
 0
 0
 0
 0
 0
 0
 0
 0
 0
 0
 0
 0
 0
 0
 0
 0
 0
 0
 0
 0
 0
 0
 0
 0
 0
 0
 0
 0
 0
 0
 0
 0
 0
 0
 0
 0
 0
 0
 0
 0
 0
 0
 0
 0
 0
 0
 0
 0
 0
 0
 0
 0
 0
 0
 0
 0
 0
 0
 0
 0
 0
 0
 0
 0
 0
 0
 -0.07447008322719917
 -1.5054017056563778
 -2.7772110261582483
 -3.9010172347730414
 -4.9739833569578185
 -5.656773251486458
 -5.871690956984139
 -5.52222115534696
 -4.633468985131401
 -3.2260671007044834
 -1.3670831077304593
 0
 0
 0
 0
 0
 0
 0
 0
 -0.8564138553413896
 -3.395038611799899
 -5.087958362318321
 -6.311819309977588
 -7.127918460084498
 -7.61308486403117
 -7.977786662311576
 -8.267841579032195
 -8.329389509492797
 -7.977586089332746
 -7.199865898514239
 -6.032039889198844
 -4.5169640048144934
 -2.344444135471827
 -0.16407263133373817
 0
 0
 0
 0
 0
 0
 -1.9959655114331527
 -4.60796755128942
 -6.3666964769819145
 -7.661793216762458
 -8.512050768771338
 -8.90730745606676
 -8.908318496610134
 -8.711726658367935
 -8.498621323868319
 -8.268903246757176
 -7.902127628349643
 -7.2829446499119
 -6.324159630240237
 -4.880384164894245
 -3.2780951048498395
 -1.1673458443311322
 0
 0
 0
 0
 0
 0
 -2.575179400007853
 -4.594894700383081
 -6.17283038158234
 -7.30780965993195
 -7.927332247383161
 -8.121288027301079
 -8.124045767837398
 -8.21906909982857
 -8.439436005809236
 -8.621738382076245
 -8.652222663221607
 -8.403157982973127
 -7.734740129615041
 -6.607130205728028
 -4.870526036256044
 -2.5361697344699543
 0
 0
 0
 0
 0
 -0.6734949630730975
 -2.9876163401731466
 -4.831285596791005
 -6.178763374507723
 -6.914884082275098
 -7.081347184477288
 -6.781470889049366
 -6.4513157320454955
 -6.989948589893618
 -7.743445257157175
 -8.198951804078598
 -8.173376996092756
 -7.615955585198818
 -6.524378316431537
 -4.806948455276711
 -2.4832012878173924
 0
 0
 0
 0
 0
 0
 0
 -0.030640744496116312
 -1.3800334906008098
 -2.115956011951444
 -2.2728365665891612
 -1.9229023243466603
 -1.53192486161295
 -2.4507948957864985
 -3.462233824345768
 -4.01984851900288
 -4.028550948641077
 -3.4836931180640196
 -2.395584534988223
 -0.6803060211161114
 0
 0
 0
 0
 0
 0
 0
 0
 0
 0
 0
 0
 0
 0
 0
 0
 0
 0
 0
 0
 0
 0
 0
 0
 0
 0
 0
 0
 0
 0
 0
 0
 0
 0
 0
 0
 0
 0
 0
 0
 0
 0
 0
 0
 0
 0
 0
 0
 0
 0
 0
 0
 0
 0
 0
 0
 0
 0
 0
 0
 0
 0
 0
 0
 0
 0
 0
 0
 0
 0
 0
 0
 0
 0
 0
 0
 0
 0
 0
 0
 0
 0
 0
 0
 0
 0
 0
 0
 0
 0
 0
 0
 0
 0
 0
 0
 0
 0
 0
 0
 0
 0
 0
 0
 0
 0
 0
 0
 0
 0
 0
 0
 0
 0
 0
 -1.290195693836134
 -2.5258413757867793
 -3.280545183774281
 -3.5272800167640215
 -3.185878409275185
 -2.2877449447584706
 -0.8465392704311769
 0
 0
 0
 0
 0
 0
 0
 0
 0
 0
 -0.6152313391005135
 -2.582633871901921
 -4.177931354892106
 -5.3857277367255305
 -6.08859053459431
 -6.356443278730407
 -6.322099410374692
 -6.08688421600654
 -5.565285256634806
 -4.609012295900273
 -3.1831417458706115
 -1.3248471111510502
 0
 0
 0
 0
 0
 0
 0
 0
 0
 -2.4162774658703237
 -4.516778705089995
 -6.2035340983720975
 -7.447045926800257
 -8.127199258369469
 -8.257228450984126
 -7.883750720039878
 -7.055663841746266
 -6.041993476455742
 -5.011683454226317
 -4.257538870480604
 -3.621905033137997
 -2.76215938870397
 -1.5724085324549009
 0
 0
 0
 0
 0
 0
 0
 -1.6948099780220307
 -3.9626320786715743
 -5.771452426098461
 -7.095042039159062
 -7.8181657366985835
 -7.973420029989851
 -7.616080663288189
 -6.871202430556976
 -6.601493958823715
 -7.160707958862952
 -7.633182936139384
 -7.61906375867886
 -7.064496746875447
 -5.972106725061429
 -4.252563469015999
 -1.9252978854633387
 0
 0
 0
 0
 0
 -0.942298878566179
 -3.2605346213632727
 -5.107236170152948
 -6.45640696338617
 -7.191921916449254
 -7.344345977701478
 -6.951629598388283
 -6.157932557860403
 -6.407154238243971
 -7.3605862545847796
 -7.928982598326591
 -7.941328385680575
 -7.39658599572896
 -6.306972599398627
 -4.588798146368352
 -2.2621967419454068
 0
 0
 0
 0
 0
 0
 0
 -0.3128436477058898
 -1.6621625138494052
 -2.397694530582708
 -2.5502703204157964
 -2.167225984389323
 -1.5842197617527018
 -2.4288669236518228
 -3.489095016649215
 -4.0673781209745945
 -4.081728080227553
 -3.537635016334396
 -2.448173465508167
 -0.7300629261891194
 0
 0
 0
 0
 0
 0
 0
 0
 0
 0
 0
 0
 0
 0
 0
 0
 0
 0
 0
 0
 0
 0
 0
 0
 0
 0
 0
 0
 0
 0
 0
 0
 0
 0
 0
 0
 0
 0
 0
 0
 0
 0
 0
 0
 0
 0
 0
 0
 0
 0
 0
 0
 0
 0
 0
 0
 0
 0
 0
 0
 0
 0
 0
 0
 0
 0
 0
 0
 0
 0
 0
 0
 0
 0
 0
 0
 0
 0
 0
 0
 0
 0
 0
 0
 0
 0
 0
 0
 0
 0
 0
 0
 0
 0
 0
 0
 0
 0
 0
 0
 0
 0
 0
 0
 0
 0
 0
 0
 0
 0
 0
 0
 0
 0
 0
 0
 0
 0
 0
 0
 0
 0
 0
 0
 0
 0
 0
 0
 0
 0
 0
 0
 0
 -0.07050683418688664
 -1.8963295243975997
 -3.2361056555796672
 -3.9713023671439327
 -4.1389504445233545
 -3.7930084537698834
 -2.985763619196362
 -1.9281099604581016
 -0.5779401872811851
 0
 0
 0
 0
 0
 0
 0
 0
 0
 0
 0
 0
 -2.1683797100830304
 -3.998557075856053
 -5.337390241971152
 -6.067544080050087
 -6.217040615265141
 -5.816342150292604
 -4.840732592257964
 -3.4478920524942156
 -1.6998130189363234
 -0.864818938454377
 -0.637017678130217
 -0.04466271935134003
 0
 0
 0
 0
 0
 0
 0
 0
 0
 -1.9053082160241743
 -3.748197280817851
 -5.094803979273628
 -5.8290252445035975
 -5.980987433647441
 -5.58361451970971
 -4.664833586301168
 -4.1436971122053
 -4.801907453430601
 -5.353591647121762
 -5.365261750082665
 -4.820457539495015
 -3.730811429597594
 -2.0126100586904547
 0
 0
 0
 0
 0
 0
 0
 -1.30458782527944
 -3.1515071027914052
 -4.500808209644572
 -5.236325655113966
 -5.3881941126507815
 -4.991370798513726
 -4.161180070669868
 -4.326285908860533
 -5.278873373282207
 -5.853077538171723
 -5.867401909809486
 -5.323344631357879
 -4.233891642795503
 -2.5157840344441516
 -0.18921305352915674
 0
 0
 0
 0
 0
 0
 0
 0
 0
 -0.44240284023809373
 -0.5948158570086228
 -0.2100421065442717
 0
 -0.42835026394037
 -1.4881711739584151
 -2.0671753920308644
 -2.0817684669614636
 -1.5377560863723954
 -0.4483119110999816
 0
 0
 0
 0
 0
 0
 0
 0
 0
 0
 0
 0
 0
 0
 0
 0
 0
 0
 0
 0
 0
 0
 0
 0
 0
 0
 0
 0
 0
 0
 0
 0
 0
 0
 0
 0
 0
 0
 0
 0
 0
 0
 0
 0
 0
 0
 0
 0
 0
 0
 0
 0
 0
 0
 0
 0
 0
 0
 0
 0
 0
 0
 0
 0
 0
 0
 0
 0
 0
 0
 0
 0
 0
 0
 0
 0
 0
 0
 0
 0
 0
 0
 0
 0
 0
 0
 0
 0
 0
 0
 0
 0
 0
 0
 0
 0
 0
 0
 0
 0
 0
 0
 0
 0
 0
 0
 0
 0
 0
 0
 0
 0
 0
 0
 0
 0
 0
 0
 0
 0
 0
 0
 0
 0
 0
 0
 0
 0
 0
 0
 0
 0
 0
 0
 0
 0
 0
 0
 0
 0
 0
 0
 0
 0
 0
 0
 0
 0
 0
 0
 0
 0
 0
 0
 0
 0
 0
 -1.1771557394778398
 -1.912675500385304
 -2.0641754365724134
 -1.6600520249775474
 -0.6650641526731125
 0
 0
 0
 0
 0
 0
 0
 0
 0
 0
 0
 0
 0
 0
 0
 0
 -0.9461397932159548
 -1.6816595541234438
 -1.8332616178297156
 -1.4313324334374178
 -0.4901035316188693
 0
 -0.5692054249231013
 -1.1284966630089066
 -1.1423926507191275
 -0.598351931169061
 0
 0
 0
 0
 0
 0
 0
 0
 0
 0
 0
 -0.3573590161543976
 -1.0928787770619328
 -1.2446996750142887
 -0.8474552828454733
 -0.011814492509385488
 -0.15691515151644886
 -1.1059683412932202
 -1.6803866717312017
 -1.694828275970778
 -1.1508128025206004
 -0.06136960642450262
 0
 0
 0
 0
 0
 0
 0
 0
 0
 0
 0
 0
 0
 0
 0
 0
 0
 0
 0
 0
 0
 0
 0
 0
 0
 0
 0
 0
 0
 0
 0
 0
 0
 0
 0
 0
 0
 0
 0
 0
 0
 0
 0
 0
 0
 0
 0
 0
 0
 0
 0
 0
 0
 0
 0
 0
 0
 0
 0
 0
 0
 0
 0
 0
 0
 0
 0
 0
 0
 0
 0
 0
 0
 0
 0
 0
 0
 0
 0
 0
 0
 0
 0
 0
 0
 0
 0
 0
 0
 0
 0
 0
 0
 0
 0
 0
 0
 0
 0
 0
 0
 0
 0
 0
 0
 0
 0
 0
 0
 0
 0
 0
 0
 0
 0
 0
 0
 0
 0
 0
 0
 0
 0
 0
 0
 0
 0
 0
 0
 0
 0
 0
 0
 0
 0
 0
 0
 0
 0
 0
 0
 0
 0
 0
 0
 0
 0
 0
 0
 0
 0
 0
 0
 0
 0
 0
 0
 0
 0
 0
 0
 0
 0
 0
 0
 0
 0
 0
 0
 0
 0
 0
 0
 0
 0
 0
 0
 0
 0
 0
 0
 0
 0
 0
 0
 0
 0
 0
 0
 0
 0
 0
 0
 0
 0
 0
 0
 0
 0
 0
 0
 0
 0
 0
 0
 0
 0
 0
 0
 0
 0
 0
 0
 0
 0
 0
 0
 0
 0
 0
 0
 0
 0
 0
 0
 0
 0
 0
 0
 0
 0
 0
 0
 0
 0
 0
 0
 0
 0
 0
 0
 0
 0
 0
 0
 0
 0
 0
 0
 0
 0
 0
 0
 0
 0
 0
 0
 0
 0
 0
 0
 0
 0
 0
 0
 0
 0
 0
 0
 0
 0
 0
 0
 0
 0
 0
 0
 0
 0
 0
 0
 0
 0
 0
 0
 0
 0
 0
 0
 0
 0
 0
 0
 0
 0
 0
 0
 0
 0
 0
 0
 0
 0
 0
 0
 0
 0
 0
 0
 0
 0
 0
 0
 0
 0
 0
 0
 0
 0
 0
 0
 0
 0
 0
 0
 0
 0
 0
 0
 0
 0
 0
 0
 0
 0
 0
 0
 0
 0
 0
 0
 0
 0
 0
 0
 0
 0
 0
 0
 0
 0
 0
 0
 0
 0
 0
 0
 0
 0
 0
 0
 0
 0
 0
 0
 0
 0
 0
 0
 0
 0
 0
 0
 0
 0
 0
 0
 0
 0
 0
 0
 0
 0
 0
 0
 0
 0
 0
 0
 0
 0
 0
 0
 0
 0
 0
 0
 0
 0
 0
 0
 0
 0
 0
 0
 0
 0
 0
 0
 0
 0
 0
 0
 0
 0
 0
 0
 0
 0
 0
 0
 0
 0
 0
 0
 0
 0
 0
 0
 0
 0
 0
 0
 0
 0
 0
 0
 0
 0
 0
 0
 0
 0
 0
 0
 0
 0
 0
 0
 0
 0
 0
 0
 0
 0
 0
 0
 0
 0
 0
 0
 0
 0
 0
 0
 0
 0
 0
 0
 0
 0
 0
 0
 0
 0
 0
 0
 0
 0
 0
 0
 0
 0
 0
 0
 0
 0
 0
 0
 0
 0
 0
 0
 0
 0
 0
 0
 0
 0
 0
 0
 0
 0
 0
 0
 0
 0
 0
 0
 0
 0
 0
 0
 0
 0
 0
 0
 0
 0
 0
 0
 0
 0
 0
 0
 0
 0
 0
 0
 0
 0
 0
 0
 0
 0
 0
 0
 0
 0
 0
 0
 0
 0
 0
 0
 0
 0
 0
 0
 0
 0
 0
 0
 0
 0
 0
 0
 0
 0
 0
 0
 0
 0
 0
 0
 0
 0
 0
 0
 0
 0
 