41 41 14
0.2 0.2 0.2
-4 -4 2
0
0
0
0
0
0
0
0
0
0
0
0
0
0
0
0
0
0
0
0
0
0
0
0
0
0
0
0
0
0
0
0
0
0
0
0
0
0
0
0
0
0
0
0
0
0
0
0
0
0
0
0
0
0
0
0
0
0
0
0
0
0
0
0
0
0
0
0
0
0
0
0
0
0
0
0
0
0
0
0
0
0
0
0
0
0
0
0
0
0
0
0
0
0
0
0
0
0
0
0
0
0
0
0
0
0
0
0
0
0
0
0
0
0
0
0
0
0
0
0
0
0
0
0
0
0
0
0
0
0
0
0
0
0
0
0
0
0
0
0
0
0
0
0
0
0
0
0
0
0
0
0
0
0
0
0
0
0
0
0
0
0
0
0
0
0
0
0
0
0
0
0
0
0
0
0
0
0
0
0
0
0
0
0
0
0
0
0
0
0
0
0
0
0
0
0
0
0
0
0
0
0
0
0
0
0
0
0
0
0
0
0
0
0
0
0
0
0
0
0
0
0
0
0
0
0
0
0
0
0
0
0
0
0
0
0
0
0
0
0
0
0
0
0
0
0
0
0
0
0
0
0
0
0
0
0
0
0
0
-2.78653
0
0
0
0
0
0
0
0
0
0
0
0
-2.47296
-2.87475
0
0
0
0
0
0
0
0
0
0
0
0
-2.57625
-2.69677
0
0
0
0
0
0
0
0
0
0
0
0
-2.57705
0
0
0
0
0
0
0
0
0
0
0
0
0
-2.53885
0
0
0
0
0
0
0
0
0
0
0
0
0
-2.50996
0
0
0
0
0
0
0
0
0
0
0
0
0
-2.43839
0
0
0
0
0
0
0
0
0
0
0
0
0
0
0
0
0
0
0
0
0
0
0
0
0
0
0
0
0
0
0
0
0
0
0
0
0
0
0
0
0
0
0
0
0
0
0
0
0
0
0
0
0
0
0
0
0
0
0
0
0
0
0
0
0
0
0
0
0
0
0
0
0
0
0
0
0
0
0
0
0
0
0
0
0
0
0
0
0
0
0
0
0
0
0
0
0
0
0
0
0
0
0
0
0
0
0
0
0
0
0
0
0
0
0
0
0
0
0
0
0
0
0
0
0
0
0
0
0
0
0
0
0
0
0
0
0
0
0
0
0
0
0
0
0
0
0
0
0
0
0
0
0
0
0
0
0
0
0
0
0
0
0
0
0
0
0
0
0
0
0
0
0
0
0
0
0
0
0
0
0
0
0
0
0
0
0
0
0
0
0
0
0
0
0
0
0
0
0
0
0
0
0
0
0
0
0
0
0
0
0
0
0
0
0
0
0
0
0
0
0
0
0
0
0
0
0
0
0
0
0
0
0
0
0
0
0
0
0
0
0
0
0
0
0
0
0
0
0
0
0
0
0
0
0
0
0
0
0
0
0
0
0
0
0
0
0
0
0
0
0
0
0
0
0
0
0
0
0
0
0
0
0
0
0
0
0
0
0
0
0
0
0
0
0
0
0
0
0
0
0
0
0
0
0
0
0
0
0
0
0
0
0
0
0
0
0
0
0
0
0
0
0
0
0
0
0
0
0
0
0
0
0
0
0
0
0
0
0
0
0
0
0
0
0
0
0
0
0
0
0
0
0
0
0
0
0
0
0
0
0
0
0
0
0
0
0
0
0
0
0
0
0
0
0
0
0
0
0
0
0
0
0
0
0
0
0
0
0
0
0
0
0
0
0
0
0
0
0
0
0
0
0
0
0
0
0
0
0
0
0
0
0
0
0
0
0
0
0
0
0
0
0
0
0
0
0
0
0
0
0
0
0
0
0
0
0
0
0
0
0
0
0
0
0
0
0
0
0
0
0
0
0
0
0
0
0
0
0
0
0
0
0
0
0
0
0
0
0
0
0
0
0
0
0
0
-2.72213
0
0
0
0
0
0
0
0
0
0
0
0
-2.20313
-2.94859
0
0
0
0
0
0
0
0
0
0
0
0
-2.45638
-3.04231
0
0
0
0
0
0
0
0
0
0
0
0
-2.57627
-2.92994
0
0
0
0
0
0
0
0
0
0
0
0
-2.61738
-2.81018
0
0
0
0
0
0
0
0
0
0
0
0
-2.64324
-2.69277
0
0
0
0
0
0
0
0
0
0
0
0
-2.66396
-2.75753
0
0
0
0
0
0
0
0
0
0
0
0
-2.64937
-2.80307
0
0
0
0
0
0
0
0
0
0
0
0
-2.53706
-2.82652
0
0
0
0
0
0
0
0
0
0
0
0
-2.31216
-2.63586
0
0
0
0
0
0
0
0
0
0
0
0
0
0
0
0
0
0
0
0
0
0
0
0
0
0
0
0
0
0
0
0
0
0
0
0
0
0
0
0
0
0
0
0
0
0
0
0
0
0
0
0
0
0
0
0
0
0
0
0
0
0
0
0
0
0
0
0
0
0
0
0
0
0
0
0
0
0
0
0
0
0
0
0
0
0
0
0
0
0
0
0
0
0
0
0
0
0
0
0
0
0
0
0
0
0
0
0
0
0
0
0
0
0
0
0
0
0
0
0
0
0
0
0
0
0
0
0
0
0
0
0
0
0
0
0
0
0
0
0
0
0
0
0
0
0
0
0
0
0
0
0
0
0
0
0
0
0
0
0
0
0
0
0
0
0
0
0
0
0
0
0
0
0
0
0
0
0
0
0
0
0
0
0
0
0
0
0
0
0
0
0
0
0
0
0
0
0
0
0
0
0
0
0
0
0
0
0
0
0
0
0
0
0
0
0
0
0
0
0
0
0
0
0
0
0
0
0
0
0
0
0
0
0
0
0
0
0
0
0
0
0
0
0
0
0
0
0
0
0
0
0
0
0
0
0
0
0
0
0
0
0
0
0
0
0
0
0
0
0
0
0
0
0
0
0
0
0
0
0
0
0
0
0
0
0
0
0
0
0
0
0
0
0
0
0
0
0
0
0
0
0
0
0
0
0
0
0
0
0
0
0
0
0
0
0
0
0
0
0
0
0
0
0
0
0
0
0
0
0
0
0
0
0
0
0
0
0
0
0
0
0
0
0
0
0
0
0
0
0
0
0
0
0
0
0
0
0
0
0
0
0
0
0
0
0
0
0
0
0
0
0
0
0
0
0
0
0
0
0
0
0
0
0
0
0
0
0
0
0
0
0
0
0
0
0
0
0
0
0
0
0
0
0
0
0
0
0
0
0
0
0
0
0
0
0
0
0
0
0
0
0
0
0
0
0
0
0
0
0
0
0
0
-2.31289
0
0
0
0
0
0
0
0
0
0
0
0
-1.47321
-2.61905
0
0
0
0
0
0
0
0
0
0
0
0
-1.91355
-2.78808
-2.32732
0
0
0
0
0
0
0
0
0
0
0
-2.17306
-2.8609
-2.46283
0
0
0
0
0
0
0
0
0
0
0
-2.30856
-2.77964
-2.43853
0
0
0
0
0
0
0
0
0
0
-0.920697
-2.36316
-2.71086
-2.34644
0
0
0
0
0
0
0
0
0
0
-1.11719
-2.40025
-2.66807
0
0
0
0
0
0
0
0
0
0
0
-1.21266
-2.41809
-2.78099
0
0
0
0
0
0
0
0
0
0
0
-1.2605
-2.41114
-2.88675
0
0
0
0
0
0
0
0
0
0
0
-1.245
-2.33756
-2.95979
0
0
0
0
0
0
0
0
0
0
0
0
-2.21599
-2.79122
0
0
0
0
0
0
0
0
0
0
0
0
-2.01623
-2.42611
0
0
0
0
0
0
0
0
0
0
0
0
0
0
0
0
0
0
0
0
0
0
0
0
0
0
0
0
0
0
0
0
0
0
0
0
0
0
0
0
0
0
0
0
0
0
0
0
0
0
0
0
0
0
0
0
0
0
0
0
0
0
0
0
0
0
0
0
0
0
0
0
0
0
0
0
0
0
0
0
0
0
0
0
0
0
0
0
0
0
0
0
0
0
0
0
0
0
0
0
0
0
0
0
0
0
0
0
0
0
0
0
0
0
0
0
0
0
0
0
0
0
0
0
0
0
0
0
0
0
0
0
0
0
0
0
0
0
0
0
0
0
0
0
0
0
0
0
0
0
0
0
0
0
0
0
0
0
0
0
0
0
0
0
0
0
0
0
0
0
0
0
0
0
0
0
0
0
0
0
0
0
0
0
0
0
0
0
0
0
0
0
0
0
0
0
0
0
0
0
0
0
0
0
0
0
0
0
0
0
0
0
0
0
0
0
0
0
0
0
0
0
0
0
0
0
0
0
0
0
0
0
0
0
0
0
0
0
0
0
0
0
0
0
0
0
0
0
0
0
0
0
0
0
0
0
0
0
0
0
0
0
0
0
0
0
0
0
0
0
0
0
0
0
0
0
0
0
0
0
0
0
0
0
0
0
0
0
0
0
0
0
0
0
0
0
0
0
0
0
0
0
0
0
0
0
0
0
0
0
0
0
0
0
0
0
0
0
0
0
0
0
0
0
0
0
0
0
0
0
0
0
0
0
0
0
0
0
0
0
0
0
0
0
0
0
0
0
0
0
0
0
0
0
0
0
0
0
0
0
0
0
0
0
0
0
0
0
0
0
0
0
0
0
0
0
0
0
0
0
0
0
0
0
0
0
0
0
0
0
0
0
0
0
0
0
0
0
0
0
0
0
0
0
0
-1.72779
0
0
0
0
0
0
0
0
0
0
0
0
0
-1.98536
0
0
0
0
0
0
0
0
0
0
0
0
-1.28669
-2.25594
-2.0159
0
0
0
0
0
0
0
0
0
0
0
-1.71722
-2.43841
-2.21843
0
0
0
0
0
0
0
0
0
0
0
-1.98732
-2.54849
-2.34384
0
0
0
0
0
0
0
0
0
0
-0.648799
-2.14017
-2.55876
-2.38073
-2.31636
0
0
0
0
0
0
0
0
0
-0.936606
-2.20524
-2.55836
-2.38031
-2.34633
0
0
0
0
0
0
0
0
0
-1.15874
-2.2409
-2.57123
-2.37625
-2.31268
0
0
0
0
0
0
0
0
0
-1.25966
-2.23549
-2.65041
-2.34399
0
0
0
0
0
0
0
0
0
0
-1.29049
-2.19943
-2.72951
-2.28175
0
0
0
0
0
0
0
0
0
0
-1.22482
-2.10926
-2.79682
0
0
0
0
0
0
0
0
0
0
0
-1.02167
-1.99224
-2.69875
0
0
0
0
0
0
0
0
0
0
0
0
-1.84638
-2.46682
0
0
0
0
0
0
0
0
0
0
0
0
-1.73077
0
0
0
0
0
0
0
0
0
0
0
0
0
0
0
0
0
0
0
0
0
0
0
0
0
0
0
0
0
0
0
0
0
0
0
0
0
0
0
0
0
0
0
0
0
0
0
0
0
0
0
0
0
0
0
0
0
0
0
0
0
0
0
0
0
0
0
0
0
0
0
0
0
0
0
0
0
0
0
0
0
0
0
0
0
0
0
0
0
0
0
0
0
0
0
0
0
0
0
0
0
0
0
0
0
0
0
0
0
0
0
0
0
0
0
0
0
0
0
0
0
0
0
0
0
0
0
0
0
0
0
0
0
0
0
0
0
0
0
0
0
0
0
0
0
0
0
0
0
0
0
0
0
0
0
0
0
0
0
0
0
0
0
0
0
0
0
0
0
0
0
0
0
0
0
0
0
0
0
0
0
0
0
0
0
0
0
0
0
0
0
0
0
0
0
0
0
0
0
0
0
0
0
0
0
0
0
0
0
0
0
0
0
0
0
0
0
0
0
0
0
0
0
0
0
0
0
0
0
0
0
0
0
0
0
0
0
0
0
0
0
0
0
0
0
0
0
0
0
0
0
0
0
0
0
0
0
0
0
0
0
0
0
0
0
0
0
0
0
0
0
0
0
0
0
0
0
0
0
0
0
0
0
0
0
0
0
0
0
0
0
0
0
0
0
0
0
0
0
0
0
0
0
0
0
0
0
0
0
0
0
0
0
0
0
0
0
0
0
0
0
0
0
0
0
0
0
0
0
0
0
0
0
0
0
0
0
0
0
0
0
0
0
0
0
0
0
0
0
0
0
0
0
0
0
0
0
0
0
0
0
0
0
0
0
0
0
0
0
0
0
0
0
0
0
0
0
0
-1.27324
0
0
0
0
0
0
0
0
0
0
0
0
0
-1.42713
0
0
0
0
0
0
0
0
0
0
0
0
-0.843482
-1.71242
0
0
0
0
0
0
0
0
0
0
0
0
-1.26453
-2.01304
-1.70608
0
0
0
0
0
0
0
0
0
0
0
-1.67092
-2.24758
-1.90493
0
0
0
0
0
0
0
0
0
0
0
-1.93528
-2.40766
-2.04809
0
0
0
0
0
0
0
0
0
0
-0.696398
-2.09185
-2.48486
-2.13577
-2.01471
0
0
0
0
0
0
0
0
0
-1.00773
-2.16179
-2.51449
-2.18638
-2.0823
0
0
0
0
0
0
0
0
0
-1.24287
-2.20014
-2.53142
-2.23179
-2.10685
0
0
0
0
0
0
0
0
0
-1.33994
-2.19345
-2.5516
-2.18387
-2.0292
0
0
0
0
0
0
0
0
0
-1.34841
-2.14971
-2.56306
-2.0905
0
0
0
0
0
0
0
0
0
0
-1.25219
-2.03878
-2.56301
-1.86848
0
0
0
0
0
0
0
0
0
0
-1.02314
-1.86764
-2.42736
0
0
0
0
0
0
0
0
0
0
0
-0.71427
-1.66278
-2.18725
0
0
0
0
0
0
0
0
0
0
0
0
-1.50929
-1.81236
0
0
0
0
0
0
0
0
0
0
0
0
-1.39442
0
0
0
0
0
0
0
0
0
0
0
0
0
0
0
0
0
0
0
0
0
0
0
0
0
0
0
0
0
0
0
0
0
0
0
0
0
0
0
0
0
0
0
0
0
0
0
0
0
0
0
0
0
0
0
0
0
0
0
0
0
0
0
0
0
0
0
0
0
0
0
0
0
0
0
0
0
0
0
0
0
0
0
0
0
0
0
0
0
0
0
0
0
0
0
0
0
0
0
0
0
0
0
0
0
0
0
0
0
0
0
0
0
0
0
0
0
0
0
0
0
0
0
0
0
0
0
0
0
0
0
0
0
0
0
0
0
0
0
0
0
0
0
0
0
0
0
0
0
0
0
0
0
0
0
0
0
0
0
0
0
0
0
0
0
0
0
0
0
0
0
0
0
0
0
0
0
0
0
0
0
0
0
0
0
0
0
0
0
0
0
0
0
0
0
0
0
0
0
0
0
0
0
0
0
0
0
0
0
0
0
0
0
0
0
0
0
0
0
0
0
0
0
0
0
0
0
0
0
0
0
0
0
0
0
0
0
0
0
0
0
0
0
0
0
0
0
0
0
0
0
0
0
0
0
0
0
0
0
0
0
0
0
0
0
0
0
0
0
0
0
0
0
0
0
0
0
0
0
0
0
0
0
0
0
0
0
0
0
0
0
0
0
0
0
0
0
0
0
0
0
0
0
0
0
0
0
0
0
0
0
0
0
0
0
0
0
0
0
0
0
0
0
0
0
0
0
0
0
0
0
0
0
0
0
0
0
0
0
0
0
0
0
0
0
0
0
0
0
0
-0.962963
0
0
0
0
0
0
0
0
0
0
0
0
0
-0.988043
0
0
0
0
0
0
0
0
0
0
0
0
0
-1.24756
0
0
0
0
0
0
0
0
0
0
0
0
-0.900976
-1.5886
-1.13575
0
0
0
0
0
0
0
0
0
0
0
-1.31153
-1.91321
-1.43867
0
0
0
0
0
0
0
0
0
0
0
-1.70105
-2.19542
-1.65346
0
0
0
0
0
0
0
0
0
0
0
-1.95654
-2.39882
-1.83291
-1.3363
0
0
0
0
0
0
0
0
0
-0.578972
-2.10369
-2.53283
-1.99174
-1.58866
0
0
0
0
0
0
0
0
0
-0.923816
-2.16366
-2.58449
-2.10212
-1.69634
0
0
0
0
0
0
0
0
0
-1.19674
-2.18715
-2.60561
-2.18988
-1.76349
0
0
0
0
0
0
0
0
0
-1.34079
-2.17122
-2.58282
-2.11161
-1.71569
0
0
0
0
0
0
0
0
0
-1.38598
-2.11423
-2.54301
-1.96372
-1.64149
0
0
0
0
0
0
0
0
0
-1.30437
-2.00217
-2.46957
-1.64265
0
0
0
0
0
0
0
0
0
0
-1.04527
-1.82404
-2.25382
-1.25418
0
0
0
0
0
0
0
0
0
0
-0.678193
-1.60733
-1.93477
0
0
0
0
0
0
0
0
0
0
0
0
-1.39208
-1.54381
0
0
0
0
0
0
0
0
0
0
0
0
-1.20667
0
0
0
0
0
0
0
0
0
0
0
0
0
0
0
0
0
0
0
0
0
0
0
0
0
0
0
0
0
0
0
0
0
0
0
0
0
0
0
0
0
0
0
0
0
0
0
0
0
0
0
0
0
0
0
0
0
0
0
0
0
0
0
0
0
0
0
0
0
0
0
0
0
0
0
0
0
0
0
0
0
0
0
0
0
0
0
0
0
0
0
0
0
0
0
0
0
0
0
0
0
0
0
0
0
0
0
0
0
0
0
0
0
0
0
0
0
0
0
0
0
0
0
0
0
0
0
0
0
0
0
0
0
0
0
0
0
0
0
0
0
0
0
0
0
0
0
0
0
0
0
0
0
0
0
0
0
0
0
0
0
0
0
0
0
0
0
0
0
0
0
0
0
0
0
0
0
0
0
0
0
0
0
0
0
0
0
0
0
0
0
0
0
0
0
0
0
0
0
0
0
0
0
0
0
0
0
0
0
0
0
0
0
0
0
0
0
0
0
0
0
0
0
0
0
0
0
0
0
0
0
0
0
0
0
0
0
0
0
0
0
0
0
0
0
0
0
0
0
0
0
0
0
0
0
0
0
0
0
0
0
0
0
0
0
0
0
0
0
0
0
0
0
0
0
0
0
0
0
0
0
0
0
0
0
0
0
0
0
0
0
0
0
0
0
0
0
0
0
0
0
0
0
0
0
0
0
0
0
0
0
0
0
0
0
0
0
0
0
0
0
0
0
0
0
0
0
0
0
0
0
0
0
0
0
0
0
0
0
0
0
0
0
0
0
0
0
0
0
0
0
0
0
0
0
0
0
0
0
0
0
0
0
0
-0.80287
0
0
0
0
0
0
0
0
0
0
0
0
-0.552315
-1.13283
0
0
0
0
0
0
0
0
0
0
0
0
-0.991201
-1.53646
-1.03045
0
0
0
0
0
0
0
0
0
0
0
-1.37396
-1.91056
-1.33949
0
0
0
0
0
0
0
0
0
0
0
-1.73453
-2.25393
-1.55159
0
0
0
0
0
0
0
0
0
0
0
-1.97052
-2.49663
-1.74361
-1.01613
0
0
0
0
0
0
0
0
0
-0.439811
-2.1008
-2.65997
-1.94056
-1.27697
0
0
0
0
0
0
0
0
0
-0.801258
-2.14997
-2.71284
-2.08309
-1.398
0
0
0
0
0
0
0
0
0
-1.08517
-2.16925
-2.71786
-2.19381
-1.47177
0
0
0
0
0
0
0
0
0
-1.24133
-2.16984
-2.64701
-2.10111
-1.40424
0
0
0
0
0
0
0
0
0
-1.29148
-2.1364
-2.55206
-1.91745
-1.30248
0
0
0
0
0
0
0
0
0
-1.2258
-2.04247
-2.42497
-1.5149
0
0
0
0
0
0
0
0
0
0
-0.999303
-1.83497
-2.18206
-1.02905
0
0
0
0
0
0
0
0
0
0
-0.672829
-1.56206
-1.83057
0
0
0
0
0
0
0
0
0
0
0
0
-1.31621
-1.40017
0
0
0
0
0
0
0
0
0
0
0
0
-1.12913
-0.991255
0
0
0
0
0
0
0
0
0
0
0
0
-0.99055
0
0
0
0
0
0
0
0
0
0
0
0
0
0
0
0
0
0
0
0
0
0
0
0
0
0
0
0
0
0
0
0
0
0
0
0
0
0
0
0
0
0
0
0
0
0
0
0
0
0
0
0
0
0
0
0
0
0
0
0
0
0
0
0
0
0
0
0
0
0
0
0
0
0
0
0
0
0
0
0
0
0
0
0
0
0
0
0
0
0
0
0
0
0
0
0
0
0
0
0
0
0
0
0
0
0
0
0
0
0
0
0
0
0
0
0
0
0
0
0
0
0
0
0
0
0
0
0
0
0
0
0
0
0
0
0
0
0
0
0
0
0
0
0
0
0
0
0
0
0
0
0
0
0
0
0
0
0
0
0
0
0
0
0
0
0
0
0
0
0
0
0
0
0
0
0
0
0
0
0
0
0
0
0
0
0
0
0
0
0
0
0
0
0
0
0
0
0
0
0
0
0
0
0
0
0
0
0
0
0
0
0
0
0
0
0
0
0
0
0
0
0
0
0
0
0
0
0
0
0
0
0
0
0
0
0
0
0
0
0
0
0
0
0
0
0
0
0
0
0
0
0
0
0
0
0
0
0
0
0
0
0
0
0
0
0
0
0
0
0
0
0
0
0
0
0
0
0
0
0
0
0
0
0
0
0
0
0
0
0
0
0
0
0
0
0
0
0
0
0
0
0
0
0
0
0
0
0
0
0
0
0
0
0
0
0
0
0
0
0
0
0
0
0
0
0
0
0
0
0
0
0
0
0
0
0
0
0
0
0
0
0
0
0
0
0
0
0
0
0
-0.638012
0
0
0
0
0
0
0
0
0
0
0
0
-0.530583
-1.08721
0
0
0
0
0
0
0
0
0
0
0
0
-0.991653
-1.56155
-0.979927
0
0
0
0
0
0
0
0
0
0
0
-1.39469
-1.96176
-1.29258
0
0
0
0
0
0
0
0
0
0
0
-1.77131
-2.33279
-1.50999
0
0
0
0
0
0
0
0
0
0
0
-2.01098
-2.58617
-1.71526
-0.878767
0
0
0
0
0
0
0
0
0
0
-2.12849
-2.75342
-1.93551
-1.11147
0
0
0
0
0
0
0
0
0
-0.6135
-2.15644
-2.80274
-2.08981
-1.23255
0
0
0
0
0
0
0
0
0
-0.910586
-2.14788
-2.8039
-2.20025
-1.30787
0
0
0
0
0
0
0
0
0
-1.09215
-2.12907
-2.72159
-2.08272
-1.20719
0
0
0
0
0
0
0
0
0
-1.16051
-2.08331
-2.61039
-1.87028
-1.04904
0
0
0
0
0
0
0
0
0
-1.10774
-1.99866
-2.44559
-1.4357
0
0
0
0
0
0
0
0
0
0
-0.87183
-1.80912
-2.1539
-0.923625
0
0
0
0
0
0
0
0
0
0
-0.54847
-1.54205
-1.75687
0
0
0
0
0
0
0
0
0
0
0
0
-1.26662
-1.35545
0
0
0
0
0
0
0
0
0
0
0
0
-1.05778
-1.00225
0
0
0
0
0
0
0
0
0
0
0
0
-0.985056
0
0
0
0
0
0
0
0
0
0
0
0
0
-0.950418
0
0
0
0
0
0
0
0
0
0
0
0
0
0
0
0
0
0
0
0
0
0
0
0
0
0
0
0
0
0
0
0
0
0
0
0
0
0
0
0
0
0
0
0
0
0
0
0
0
0
0
0
0
0
0
0
0
0
0
0
0
0
0
0
0
0
0
0
0
0
0
0
0
0
0
0
0
0
0
0
0
0
0
0
0
0
0
0
0
0
0
0
0
0
0
0
0
0
0
0
0
0
0
0
0
0
0
0
0
0
0
0
0
0
0
0
0
0
0
0
0
0
0
0
0
0
0
0
0
0
0
0
0
0
0
0
0
0
0
0
0
0
0
0
0
0
0
0
0
0
0
0
0
0
0
0
0
0
0
0
0
0
0
0
0
0
0
0
0
0
0
0
0
0
0
0
0
0
0
0
0
0
0
0
0
0
0
0
0
0
0
0
0
0
0
0
0
0
0
0
0
0
0
0
0
0
0
0
0
0
0
0
0
0
0
0
0
0
0
0
0
0
0
0
0
0
0
0
0
0
0
0
0
0
0
0
0
0
0
0
0
0
0
0
0
0
0
0
0
0
0
0
0
0
0
0
0
0
0
0
0
0
0
0
0
0
0
0
0
0
0
0
0
0
0
0
0
0
0
0
0
0
0
0
0
0
0
0
0
0
0
0
0
0
0
0
0
0
0
0
0
0
0
0
0
0
0
0
0
0
0
0
0
0
0
0
0
0
0
0
0
0
0
0
0
0
0
0
0
0
0
0
0
0
0
0
-0.599099
0
0
0
0
0
0
0
0
0
0
0
0
-0.531515
-1.08546
-0.749948
0
0
0
0
0
0
0
0
0
0
0
-1.04465
-1.58563
-1.06092
0
0
0
0
0
0
0
0
0
0
0
-1.46945
-2.00811
-1.34536
0
0
0
0
0
0
0
0
0
0
0
-1.84982
-2.39723
-1.55468
-0.627027
0
0
0
0
0
0
0
0
0
0
-2.08656
-2.65673
-1.74599
-0.775693
0
0
0
0
0
0
0
0
0
0
-2.19681
-2.81544
-1.94673
-0.965534
0
0
0
0
0
0
0
0
0
-0.316958
-2.22089
-2.85243
-2.07889
-1.06693
0
0
0
0
0
0
0
0
0
-0.612256
-2.20907
-2.83689
-2.17009
-1.12607
0
0
0
0
0
0
0
0
0
-0.812773
-2.17788
-2.73243
-2.03662
-0.997109
0
0
0
0
0
0
0
0
0
-0.922731
-2.11366
-2.60508
-1.80122
-0.810548
0
0
0
0
0
0
0
0
0
-0.929053
-1.99925
-2.43702
-1.33705
0
0
0
0
0
0
0
0
0
0
-0.754385
-1.7786
-2.16915
-0.805004
0
0
0
0
0
0
0
0
0
0
-0.498031
-1.50268
-1.77833
0
0
0
0
0
0
0
0
0
0
0
0
-1.28557
-1.38416
0
0
0
0
0
0
0
0
0
0
0
0
-1.13613
-1.0726
0
0
0
0
0
0
0
0
0
0
0
0
-1.06633
-0.918668
0
0
0
0
0
0
0
0
0
0
0
-0.646363
-1.04114
0
0
0
0
0
0
0
0
0
0
0
0
-0.744849
-1.01271
0
0
0
0
0
0
0
0
0
0
0
0
-0.798497
0
0
0
0
0
0
0
0
0
0
0
0
0
0
0
0
0
0
0
0
0
0
0
0
0
0
0
0
0
0
0
0
0
0
0
0
0
0
0
0
0
0
0
0
0
0
0
0
0
0
0
0
0
0
0
0
0
0
0
0
0
0
0
0
0
0
0
0
0
0
0
0
0
0
0
0
0
0
0
0
0
0
0
0
0
0
0
0
0
0
0
0
0
0
0
0
0
0
0
0
0
0
0
0
0
0
0
0
0
0
0
0
0
0
0
0
0
0
0
0
0
0
0
0
0
0
0
0
0
0
0
0
0
0
0
0
0
0
0
0
0
0
0
0
0
0
0
0
0
0
0
0
0
0
0
0
0
0
0
0
0
0
0
0
0
0
0
0
0
0
0
0
0
0
0
0
0
0
0
0
0
0
0
0
0
0
0
0
0
0
0
0
0
0
0
0
0
0
0
0
0
0
0
0
0
0
0
0
0
0
0
0
0
0
0
0
0
0
0
0
0
0
0
0
0
0
0
0
0
0
0
0
0
0
0
0
0
0
0
0
0
0
0
0
0
0
0
0
0
0
0
0
0
0
0
0
0
0
0
0
0
0
0
0
0
0
0
0
0
0
0
0
0
0
0
0
0
0
0
0
0
0
0
0
0
0
0
0
0
0
0
0
0
0
0
0
-0.638594
0
0
0
0
0
0
0
0
0
0
0
0
-0.550008
-0.755237
0
0
0
0
0
0
0
0
0
0
0
-0.55209
-1.09885
-0.91925
0
0
0
0
0
0
0
0
0
0
0
-1.08561
-1.65177
-1.13173
0
0
0
0
0
0
0
0
0
0
0
-1.50379
-2.10521
-1.35535
0
0
0
0
0
0
0
0
0
0
0
-1.86693
-2.50247
-1.55346
-0.647007
0
0
0
0
0
0
0
0
0
0
-2.09073
-2.75911
-1.72996
-0.749214
0
0
0
0
0
0
0
0
0
0
-2.19435
-2.90363
-1.89878
-0.885142
0
0
0
0
0
0
0
0
0
0
-2.22355
-2.92975
-1.98932
-0.955738
0
0
0
0
0
0
0
0
0
-0.254081
-2.22596
-2.90196
-2.0402
-0.987935
0
0
0
0
0
0
0
0
0
-0.42108
-2.20272
-2.77809
-1.88876
-0.817775
0
0
0
0
0
0
0
0
0
-0.539648
-2.14628
-2.62179
-1.65543
-0.580512
0
0
0
0
0
0
0
0
0
-0.61313
-2.02843
-2.41383
-1.22485
0
0
0
0
0
0
0
0
0
0
-0.563168
-1.80181
-2.13211
-0.736446
0
0
0
0
0
0
0
0
0
0
-0.46024
-1.50607
-1.77237
0
0
0
0
0
0
0
0
0
0
0
-0.36987
-1.28805
-1.46762
0
0
0
0
0
0
0
0
0
0
0
-0.422743
-1.19766
-1.20171
0
0
0
0
0
0
0
0
0
0
0
-0.599065
-1.21145
-1.05955
0
0
0
0
0
0
0
0
0
0
-0.439566
-0.837822
-1.16985
-0.883962
0
0
0
0
0
0
0
0
0
0
-0.578061
-0.947562
-1.12842
0
0
0
0
0
0
0
0
0
0
0
-0.58582
-0.938072
-1.00364
0
0
0
0
0
0
0
0
0
0
0
0
-0.802469
0
0
0
0
0
0
0
0
0
0
0
0
0
0
0
0
0
0
0
0
0
0
0
0
0
0
0
0
0
0
0
0
0
0
0
0
0
0
0
0
0
0
0
0
0
0
0
0
0
0
0
0
0
0
0
0
0
0
0
0
0
0
0
0
0
0
0
0
0
0
0
0
0
0
0
0
0
0
0
0
0
0
0
0
0
0
0
0
0
0
0
0
0
0
0
0
0
0
0
0
0
0
0
0
0
0
0
0
0
0
0
0
0
0
0
0
0
0
0
0
0
0
0
0
0
0
0
0
0
0
0
0
0
0
0
0
0
0
0
0
0
0
0
0
0
0
0
0
0
0
0
0
0
0
0
0
0
0
0
0
0
0
0
0
0
0
0
0
0
0
0
0
0
0
0
0
0
0
0
0
0
0
0
0
0
0
0
0
0
0
0
0
0
0
0
0
0
0
0
0
0
0
0
0
0
0
0
0
0
0
0
0
0
0
0
0
0
0
0
0
0
0
0
0
0
0
0
0
0
0
0
0
0
0
0
0
0
0
0
0
0
0
0
0
0
0
0
0
0
0
0
0
0
0
-0.741182
0
0
0
0
0
0
0
0
0
0
0
0
0
-0.942628
0
0
0
0
0
0
0
0
0
0
0
0
-0.532898
-1.08871
0
0
0
0
0
0
0
0
0
0
0
0
-0.845419
-1.17226
0
0
0
0
0
0
0
0
0
0
0
-0.636367
-1.36421
-1.18083
0
0
0
0
0
0
0
0
0
0
0
-1.10966
-1.86614
-1.26799
0
-0.718728
0
0
0
0
0
0
0
0
0
-1.48446
-2.27788
-1.40317
0
-0.645698
0
0
0
0
0
0
0
0
0
-1.81181
-2.61312
-1.58619
0
0
0
0
0
0
0
0
0
0
0
-2.02465
-2.83178
-1.74262
-0.60241
0
0
0
0
0
0
0
0
0
0
-2.13243
-2.95124
-1.87179
-0.752817
0
0
0
0
0
0
0
0
0
0
-2.17325
-2.97645
-1.91277
-0.840205
0
0
0
0
0
0
0
0
0
-0.03891
-2.19127
-2.9593
-1.9084
-0.891887
0
0
0
0
0
0
0
0
0
-0.141636
-2.1771
-2.84161
-1.72445
-0.720581
0
0
0
0
0
0
0
0
0
-0.24217
-2.14642
-2.68242
-1.47406
0
0
0
0
0
0
0
0
0
0
-0.346783
-2.07574
-2.4502
-1.08656
0
0
0
0
0
0
0
0
0
0
-0.423952
-1.91976
-2.14928
-0.7036
0
0
0
0
0
0
0
0
0
0
-0.514949
-1.69348
-1.77088
0
0
0
0
0
0
0
0
0
0
0
-0.587522
-1.49185
-1.49942
0
0
0
0
0
0
0
0
0
0
0
-0.680936
-1.36191
-1.30938
0
0
0
0
0
0
0
0
0
0
0
-0.788179
-1.33603
-1.18218
0
0
0
0
0
0
0
0
0
0
-0.52804
-0.945415
-1.33293
-0.994825
0
0
0
0
0
0
0
0
0
0
-0.660751
-1.07121
-1.24787
-0.799964
0
0
0
0
0
0
0
0
0
0
-0.712843
-1.03207
-1.13391
0
0
0
0
0
0
0
0
0
0
0
0
-0.835813
-0.950493
0
0
0
0
0
0
0
0
0
0
0
0
0
0
0
0
0
0
0
0
0
0
0
0
0
0
0
0
0
0
0
0
0
0
0
0
0
0
0
0
0
0
0
0
0
0
0
0
0
0
0
0
0
0
0
0
0
0
0
0
0
0
0
0
0
0
0
0
0
0
0
0
0
0
0
0
0
0
0
0
0
0
0
0
0
0
0
0
0
0
0
0
0
0
0
0
0
0
0
0
0
0
0
0
0
0
0
0
0
0
0
0
0
0
0
0
0
0
0
0
0
0
0
0
0
0
0
0
0
0
0
0
0
0
0
0
0
0
0
0
0
0
0
0
0
0
0
0
0
0
0
0
0
0
0
0
0
0
0
0
0
0
0
0
0
0
0
0
0
0
0
0
0
0
0
0
0
0
0
0
0
0
0
0
0
0
0
0
0
0
0
0
0
0
0
0
0
0
0
0
0
0
0
0
0
0
0
0
0
0
0
0
0
0
0
0
0
0
0
0
0
0
0
0
0
0
0
0
0
0
0
0
0
0
0
0
0
0
0
-0.677165
0
0
0
0
0
0
0
0
0
0
0
0
0
-1.00077
0
0
0
0
0
0
0
0
0
0
0
0
-0.547852
-1.23068
0
0
0
0
0
0
0
0
0
0
0
0
-0.812379
-1.36232
0
0
0
0
0
0
0
0
0
0
0
0
-1.11758
-1.44447
0
0
0
0
0
0
0
0
0
0
0
-0.668218
-1.58333
-1.40265
0
-0.661295
0
0
0
0
0
0
0
0
0
-1.12166
-2.01611
-1.42162
0
-0.76616
0
0
0
0
0
0
0
0
0
-1.48837
-2.37114
-1.48277
0
-0.707097
0
0
0
0
0
0
0
0
0
-1.7991
-2.64331
-1.64148
0
0
0
0
0
0
0
0
0
0
0
-2.00816
-2.82586
-1.77187
0
0
0
0
0
0
0
0
0
0
0
-2.12201
-2.92408
-1.86086
-0.598941
0
0
0
0
0
0
0
0
0
0
-2.17227
-2.95028
-1.85549
-0.711527
0
0
0
0
0
0
0
0
0
0
-2.19743
-2.94714
-1.7994
-0.781305
0
0
0
0
0
0
0
0
0
0
-2.17583
-2.84618
-1.59108
-0.600951
0
0
0
0
0
0
0
0
0
0
-2.13804
-2.7052
-1.33182
0
0
0
0
0
0
0
0
0
0
-0.156337
-2.07542
-2.47728
-0.988947
0
0
0
0
0
0
0
0
0
0
-0.361371
-1.97132
-2.18509
-0.678649
0
0
0
0
0
0
0
0
0
0
-0.558614
-1.83215
-1.80648
0
0
0
0
0
0
0
0
0
0
0
-0.710729
-1.67671
-1.53606
0
0
0
0
0
0
0
0
0
0
0
-0.863126
-1.53356
-1.35767
0
0
0
0
0
0
0
0
0
0
-0.246441
-0.95896
-1.43505
-1.2858
0
0
0
0
0
0
0
0
0
0
-0.585278
-1.05363
-1.42839
-1.13138
0
0
0
0
0
0
0
0
0
0
-0.743934
-1.12583
-1.38746
-0.926501
0
0
0
0
0
0
0
0
0
0
-0.767383
-1.1315
-1.25169
0
0
0
0
0
0
0
0
0
0
0
-0.59424
-0.888893
-1.07195
0
0
0
0
0
0
0
0
0
0
0
0
0
0
0
0
0
0
0
0
0
0
0
0
0
0
0
0
0
0
0
0
0
0
0
0
0
0
0
0
0
0
0
0
0
0
0
0
0
0
0
0
0
0
0
0
0
0
0
0
0
0
0
0
0
0
0
0
0
0
0
0
0
0
0
0
0
0
0
0
0
0
0
0
0
0
0
0
0
0
0
0
0
0
0
0
0
0
0
0
0
0
0
0
0
0
0
0
0
0
0
0
0
0
0
0
0
0
0
0
0
0
0
0
0
0
0
0
0
0
0
0
0
0
0
0
0
0
0
0
0
0
0
0
0
0
0
0
0
0
0
0
0
0
0
0
0
0
0
0
0
0
0
0
0
0
0
0
0
0
0
0
0
0
0
0
0
0
0
0
0
0
0
0
0
0
0
0
0
0
0
0
0
0
0
0
0
0
0
0
0
0
0
0
0
0
0
0
0
0
0
0
0
0
0
0
0
0
0
0
0
0
0
0
0
0
0
0
0
0
0
0
0
0
0
0
0
0
0
-0.81458
0
0
0
0
0
0
0
0
0
0
0
0
-0.605126
-1.14313
0
0
0
0
0
0
0
0
0
0
0
0
-0.866497
-1.35441
0
0
0
0
0
0
0
0
0
0
0
0
-1.18066
-1.52028
0
0
0
0
0
0
0
0
0
0
0
-0.217769
-1.4571
-1.6416
0
0
0
0
0
0
0
0
0
0
0
-0.782532
-1.79706
-1.60707
0
0
0
0
0
0
0
0
0
0
0
-1.21318
-2.12113
-1.59678
0
-0.653694
0
0
0
0
0
0
0
0
0
-1.55772
-2.4101
-1.60463
0
-0.598544
0
0
0
0
0
0
0
0
0
-1.83606
-2.63168
-1.71115
0
0
0
0
0
0
0
0
0
0
0
-2.03358
-2.79078
-1.80116
0
0
0
0
0
0
0
0
0
0
0
-2.15102
-2.88263
-1.85916
-0.542926
0
0
0
0
0
0
0
0
0
0
-2.20928
-2.91549
-1.84681
-0.708907
0
0
0
0
0
0
0
0
0
0
-2.24227
-2.92323
-1.79674
-0.810943
0
0
0
0
0
0
0
0
0
0
-2.23591
-2.82438
-1.61418
-0.618556
0
0
0
0
0
0
0
0
0
-0.0399766
-2.21452
-2.68975
-1.38988
0
0
0
0
0
0
0
0
0
0
-0.205937
-2.17134
-2.47245
-1.09983
0
0
0
0
0
0
0
0
0
0
-0.49384
-2.075
-2.21066
-0.821447
0
0
0
0
0
0
0
0
0
0
-0.743268
-1.96626
-1.85354
-0.492863
0
0
0
0
0
0
0
0
0
0
-0.886745
-1.83021
-1.58841
0
0
0
0
0
0
0
0
0
0
0
-1.001
-1.67315
-1.3896
0
0
0
0
0
0
0
0
0
0
0
-1.06925
-1.49267
-1.30571
0
0
0
0
0
0
0
0
0
0
-0.476933
-1.12149
-1.43509
-1.22471
0
0
0
0
0
0
0
0
0
0
-0.702669
-1.13138
-1.41623
-1.03357
0
0
0
0
0
0
0
0
0
0
-0.699024
-1.14632
-1.3515
-0.73692
0
0
0
0
0
0
0
0
0
0
-0.495241
-0.966597
-1.16374
0
0
0
0
0
0
0
0
0
0
0
0
0
-0.921736
0
0
0
0
0
0
0
0
0
0
0
0
0
0
0
0
0
0
0
0
0
0
0
0
0
0
0
0
0
0
0
0
0
0
0
0
0
0
0
0
0
0
0
0
0
0
0
0
0
0
0
0
0
0
0
0
0
0
0
0
0
0
0
0
0
0
0
0
0
0
0
0
0
0
0
0
0
0
0
0
0
0
0
0
0
0
0
0
0
0
0
0
0
0
0
0
0
0
0
0
0
0
0
0
0
0
0
0
0
0
0
0
0
0
0
0
0
0
0
0
0
0
0
0
0
0
0
0
0
0
0
0
0
0
0
0
0
0
0
0
0
0
0
0
0
0
0
0
0
0
0
0
0
0
0
0
0
0
0
0
0
0
0
0
0
0
0
0
0
0
0
0
0
0
0
0
0
0
0
0
0
0
0
0
0
0
0
0
0
0
0
0
0
0
0
0
0
0
0
0
0
0
0
0
0
0
0
0
0
0
0
0
0
0
0
0
0
0
0
0
0
0
0
0
0
-0.893742
0
0
0
0
0
0
0
0
0
0
0
0
-0.752276
-1.18756
0
0
0
0
0
0
0
0
0
0
0
0
-1.08874
-1.40866
0
0
0
0
0
0
0
0
0
0
0
0
-1.39956
-1.61046
0
0
0
0
0
0
0
0
0
0
0
-0.336504
-1.63097
-1.75068
0
0
0
0
0
0
0
0
0
0
0
-0.896219
-1.89643
-1.72175
0
0
0
0
0
0
0
0
0
0
0
-1.31194
-2.17195
-1.69297
0
0
0
0
0
0
0
0
0
0
0
-1.65372
-2.43245
-1.66802
0
0
0
0
0
0
0
0
0
0
0
-1.92596
-2.63084
-1.73397
0
0
0
0
0
0
0
0
0
0
0
-2.12868
-2.77907
-1.79379
0
0
0
0
0
0
0
0
0
0
0
-2.25616
-2.87205
-1.82859
-0.52353
0
0
0
0
0
0
0
0
0
0
-2.31839
-2.91299
-1.81576
-0.729786
0
0
0
0
0
0
0
0
0
0
-2.34581
-2.92868
-1.77967
-0.854517
0
0
0
0
0
0
0
0
0
0
-2.33435
-2.82351
-1.63277
-0.656325
0
0
0
0
0
0
0
0
0
-0.232568
-2.31192
-2.67599
-1.45459
0
0
0
0
0
0
0
0
0
0
-0.377649
-2.27951
-2.44403
-1.21687
0
0
0
0
0
0
0
0
0
0
-0.663652
-2.1798
-2.19758
-0.963555
0
0
0
0
0
0
0
0
0
0
-0.905565
-2.05584
-1.88188
-0.640596
0
0
0
0
0
0
0
0
0
0
-1.032
-1.89435
-1.64926
0
0
0
0
0
0
0
0
0
0
0
-1.08514
-1.74386
-1.45508
0
0
0
0
0
0
0
0
0
0
0
-1.10521
-1.53341
-1.34738
0
0
0
0
0
0
0
0
0
0
-0.305402
-1.16121
-1.45137
-1.27878
0
0
0
0
0
0
0
0
0
0
-0.601594
-1.14975
-1.40786
-1.13936
0
0
0
0
0
0
0
0
0
0
-0.609611
-1.14401
-1.42465
-0.825158
0
0
0
0
0
0
0
0
0
0
0
-1.01574
-1.24689
0
0
0
0
0
0
0
0
0
0
0
0
-0.672221
-1.02919
0
0
0
0
0
0
0
0
0
0
0
0
0
0
0
0
0
0
0
0
0
0
0
0
0
0
0
0
0
0
0
0
0
0
0
0
0
0
0
0
0
0
0
0
0
0
0
0
0
0
0
0
0
0
0
0
0
0
0
0
0
0
0
0
0
0
0
0
0
0
0
0
0
0
0
0
0
0
0
0
0
0
0
0
0
0
0
0
0
0
0
0
0
0
0
0
0
0
0
0
0
0
0
0
0
0
0
0
0
0
0
0
0
0
0
0
0
0
0
0
0
0
0
0
0
0
0
0
0
0
0
0
0
0
0
0
0
0
0
0
0
0
0
0
0
0
0
0
0
0
0
0
0
0
0
0
0
0
0
0
0
0
0
0
0
0
0
0
0
0
0
0
0
0
0
0
0
0
0
0
0
0
0
0
0
0
0
0
0
0
0
0
0
0
0
0
0
0
0
0
0
0
0
0
0
0
0
0
0
0
0
0
0
0
0
0
0
0
0
0
0
0
0
0
0
-0.830782
0
0
0
0
0
0
0
0
0
0
0
0
-0.840696
-1.10258
0
0
0
0
0
0
0
0
0
0
0
0
-1.22529
-1.31922
0
0
0
0
0
0
0
0
0
0
0
0
-1.50951
-1.53407
0
0
0
0
0
0
0
0
0
0
0
-0.4612
-1.71613
-1.68172
0
0
0
0
0
0
0
0
0
0
0
-1.00438
-1.93302
-1.68751
0
0
0
0
0
0
0
0
0
0
0
-1.4302
-2.17158
-1.68434
0
0
0
0
0
0
0
0
0
0
0
-1.79479
-2.40278
-1.6877
0
0
0
0
0
0
0
0
0
0
0
-2.07974
-2.59562
-1.74842
0
0
0
0
0
0
0
0
0
0
0
-2.29575
-2.74839
-1.80325
0
0
0
0
0
0
0
0
0
0
0
-2.43902
-2.85894
-1.83111
-0.559161
0
0
0
0
0
0
0
0
0
0
-2.5087
-2.91539
-1.82961
-0.768088
0
0
0
0
0
0
0
0
0
0
-2.53023
-2.94365
-1.81528
-0.890145
0
0
0
0
0
0
0
0
0
0
-2.50282
-2.83887
-1.70224
-0.691792
0
0
0
0
0
0
0
0
0
-0.542501
-2.45392
-2.6875
-1.56205
-0.395677
0
0
0
0
0
0
0
0
0
-0.670423
-2.40112
-2.44684
-1.35716
0
0
0
0
0
0
0
0
0
0
-0.906082
-2.28179
-2.19599
-1.10691
0
0
0
0
0
0
0
0
0
0
-1.07039
-2.13532
-1.90707
-0.75416
0
0
0
0
0
0
0
0
0
0
-1.14284
-1.91597
-1.71872
0
0
0
0
0
0
0
0
0
0
0
-1.14801
-1.73089
-1.55272
0
0
0
0
0
0
0
0
0
0
0
-1.09768
-1.51467
-1.4408
0
0
0
0
0
0
0
0
0
0
0
-1.14508
-1.43643
-1.3221
0
0
0
0
0
0
0
0
0
0
-0.350081
-1.14536
-1.37115
-1.18254
0
0
0
0
0
0
0
0
0
0
-0.384801
-1.12821
-1.41198
-0.868414
0
0
0
0
0
0
0
0
0
0
0
-0.999071
-1.29158
0
0
0
0
0
0
0
0
0
0
0
0
-0.722872
-1.0688
0
0
0
0
0
0
0
0
0
0
0
0
0
0
0
0
0
0
0
0
0
0
0
0
0
0
0
0
0
0
0
0
0
0
0
0
0
0
0
0
0
0
0
0
0
0
0
0
0
0
0
0
0
0
0
0
0
0
0
0
0
0
0
0
0
0
0
0
0
0
0
0
0
0
0
0
0
0
0
0
0
0
0
0
0
0
0
0
0
0
0
0
0
0
0
0
0
0
0
0
0
0
0
0
0
0
0
0
0
0
0
0
0
0
0
0
0
0
0
0
0
0
0
0
0
0
0
0
0
0
0
0
0
0
0
0
0
0
0
0
0
0
0
0
0
0
0
0
0
0
0
0
0
0
0
0
0
0
0
0
0
0
0
0
0
0
0
0
0
0
0
0
0
0
0
0
0
0
0
0
0
0
0
0
0
0
0
0
0
0
0
0
0
0
0
0
0
0
0
0
0
0
0
0
0
0
0
0
0
0
0
0
0
0
0
0
0
0
0
0
0
0
0
0
0
-0.722765
0
0
0
0
0
0
0
0
0
0
0
0
-0.893275
-0.99468
0
0
0
0
0
0
0
0
0
0
0
0
-1.26756
-1.19461
0
0
0
0
0
0
0
0
0
0
0
-0.0821329
-1.52771
-1.40413
0
0
0
0
0
0
0
0
0
0
0
-0.563825
-1.73344
-1.54413
0
0
0
0
0
0
0
0
0
0
0
-1.10548
-1.92898
-1.58529
0
0
0
0
0
0
0
0
0
0
0
-1.5577
-2.14159
-1.62277
0
0
0
0
0
0
0
0
0
0
0
-1.94572
-2.35245
-1.67048
0
0
0
0
0
0
0
0
0
0
0
-2.2468
-2.55102
-1.74345
0
0
0
0
0
0
0
0
0
0
0
-2.47845
-2.71787
-1.805
0
0
0
0
0
0
0
0
0
0
0
-2.64517
-2.85073
-1.83478
-0.574016
0
0
0
0
0
0
0
0
0
0
-2.72933
-2.92264
-1.84585
-0.774491
0
0
0
0
0
0
0
0
0
0
-2.75386
-2.95972
-1.84837
-0.889333
0
0
0
0
0
0
0
0
0
0
-2.71025
-2.85376
-1.76023
-0.696989
0
0
0
0
0
0
0
0
0
-0.833348
-2.62792
-2.70415
-1.64306
-0.407581
0
0
0
0
0
0
0
0
0
-0.944999
-2.53015
-2.46923
-1.46196
0
0
0
0
0
0
0
0
0
0
-1.13935
-2.36481
-2.21952
-1.22474
0
0
0
0
0
0
0
0
0
0
-1.22359
-2.19254
-1.94262
-0.87038
0
0
0
0
0
0
0
0
0
0
-1.20878
-1.93608
-1.7785
-0.443153
0
0
0
0
0
0
0
0
0
0
-1.16961
-1.70869
-1.65144
0
0
0
0
0
0
0
0
0
0
0
-1.08057
-1.48933
-1.54746
0
0
0
0
0
0
0
0
0
0
0
-1.0977
-1.43025
-1.38766
0
0
0
0
0
0
0
0
0
0
0
-1.12413
-1.34832
-1.21219
0
0
0
0
0
0
0
0
0
0
0
-1.10353
-1.35907
-0.920182
0
0
0
0
0
0
0
0
0
0
0
-0.953079
-1.27712
0
0
0
0
0
0
0
0
0
0
0
0
-0.722343
-1.04372
0
0
0
0
0
0
0
0
0
0
0
0
0
0
0
0
0
0
0
0
0
0
0
0
0
0
0
0
0
0
0
0
0
0
0
0
0
0
0
0
0
0
0
0
0
0
0
0
0
0
0
0
0
0
0
0
0
0
0
0
0
0
0
0
0
0
0
0
0
0
0
0
0
0
0
0
0
0
0
0
0
0
0
0
0
0
0
0
0
0
0
0
0
0
0
0
0
0
0
0
0
0
0
0
0
0
0
0
0
0
0
0
0
0
0
0
0
0
0
0
0
0
0
0
0
0
0
0
0
0
0
0
0
0
0
0
0
0
0
0
0
0
0
0
0
0
0
0
0
0
0
0
0
0
0
0
0
0
0
0
0
0
0
0
0
0
0
0
0
0
0
0
0
0
0
0
0
0
0
0
0
0
0
0
0
0
0
0
0
0
0
0
0
0
0
0
0
0
0
0
0
0
0
0
0
0
0
0
0
0
0
0
0
0
0
0
0
0
0
0
0
0
0
0
-0.413101
-0.565934
0
0
0
0
0
0
0
0
0
0
0
0
-0.910641
-0.83528
0
0
0
0
0
0
0
0
0
0
0
0
-1.24792
-1.00353
0
0
0
0
0
0
0
0
0
0
0
-0.207579
-1.48886
-1.19121
0
0
0
0
0
0
0
0
0
0
0
-0.660848
-1.69032
-1.3221
0
0
0
0
0
0
0
0
0
0
0
-1.19157
-1.87096
-1.42558
0
0
0
0
0
0
0
0
0
0
0
-1.6539
-2.06835
-1.52624
0
0
0
0
0
0
0
0
0
0
0
-2.04781
-2.27311
-1.63029
0
0
0
0
0
0
0
0
0
0
0
-2.36735
-2.49272
-1.72389
0
0
0
0
0
0
0
0
0
0
0
-2.62285
-2.68404
-1.79837
0
0
0
0
0
0
0
0
0
0
0
-2.82598
-2.84602
-1.83694
-0.575683
0
0
0
0
0
0
0
0
0
0
-2.93134
-2.9366
-1.86436
-0.754963
0
0
0
0
0
0
0
0
0
0
-2.96523
-2.98176
-1.88577
-0.853324
0
0
0
0
0
0
0
0
0
0
-2.90759
-2.87112
-1.82477
-0.668677
0
0
0
0
0
0
0
0
0
-1.09798
-2.80076
-2.72081
-1.7271
-0.396486
0
0
0
0
0
0
0
0
0
-1.17223
-2.6622
-2.49987
-1.56017
0
0
0
0
0
0
0
0
0
0
-1.31472
-2.4422
-2.2659
-1.32742
0
0
0
0
0
0
0
0
0
0
-1.33898
-2.22854
-2.00771
-0.983339
0
0
0
0
0
0
0
0
0
0
-1.23896
-1.94831
-1.84621
-0.587098
0
0
0
0
0
0
0
0
0
0
-1.1455
-1.69672
-1.74704
0
0
0
0
0
0
0
0
0
0
0
-1.05106
-1.47313
-1.65816
0
0
0
0
0
0
0
0
0
0
0
-1.0437
-1.42868
-1.47023
0
0
0
0
0
0
0
0
0
0
0
-1.08332
-1.32789
-1.24692
0
0
0
0
0
0
0
0
0
0
0
-1.05557
-1.27353
-0.960377
0
0
0
0
0
0
0
0
0
0
0
-0.881698
-1.17953
-0.630503
0
0
0
0
0
0
0
0
0
0
0
-0.655218
-0.941143
0
0
0
0
0
0
0
0
0
0
0
0
0
0
0
0
0
0
0
0
0
0
0
0
0
0
0
0
0
0
0
0
0
0
0
0
0
0
0
0
0
0
0
0
0
0
0
0
0
0
0
0
0
0
0
0
0
0
0
0
0
0
0
0
0
0
0
0
0
0
0
0
0
0
0
0
0
0
0
0
0
0
0
0
0
0
0
0
0
0
0
0
0
0
0
0
0
0
0
0
0
0
0
0
0
0
0
0
0
0
0
0
0
0
0
0
0
0
0
0
0
0
0
0
0
0
0
0
0
0
0
0
0
0
0
0
0
0
0
0
0
0
0
0
0
0
0
0
0
0
0
0
0
0
0
0
0
0
0
0
0
0
0
0
0
0
0
0
0
0
0
0
0
0
0
0
0
0
0
0
0
0
0
0
0
0
0
0
0
0
0
0
0
0
0
0
0
0
0
0
0
0
0
0
0
0
0
0
0
0
0
0
0
0
0
0
0
0
0
0
0
0
0
0
-0.414824
-0.401741
0
0
0
0
0
0
0
0
0
0
0
0
-0.859492
-0.679529
0
0
0
0
0
0
0
0
0
0
0
0
-1.15977
-0.83531
0
0
0
0
0
0
0
0
0
0
0
-0.312323
-1.39439
-1.00577
0
0
0
0
0
0
0
0
0
0
0
-0.738757
-1.59754
-1.13632
0
0
0
0
0
0
0
0
0
0
0
-1.23642
-1.79263
-1.2899
0
0
0
0
0
0
0
0
0
0
0
-1.69521
-1.99997
-1.42955
0
0
0
0
0
0
0
0
0
0
0
-2.09373
-2.21458
-1.56083
0
0
0
0
0
0
0
0
0
0
0
-2.45029
-2.44774
-1.66095
0
0
0
0
0
0
0
0
0
0
0
-2.7422
-2.65629
-1.74196
0
0
0
0
0
0
0
0
0
0
0
-2.98399
-2.8428
-1.79265
-0.533538
0
0
0
0
0
0
0
0
0
0
-3.10561
-2.95309
-1.83728
-0.695552
0
0
0
0
0
0
0
0
0
0
-3.14246
-3.00855
-1.87731
-0.784135
0
0
0
0
0
0
0
0
0
0
-3.06752
-2.89296
-1.84217
-0.615323
0
0
0
0
0
0
0
0
0
-1.36367
-2.94217
-2.73743
-1.76629
-0.375127
0
0
0
0
0
0
0
0
0
-1.39544
-2.77702
-2.52433
-1.6214
0
0
0
0
0
0
0
0
0
0
-1.46625
-2.51869
-2.31117
-1.40287
0
0
0
0
0
0
0
0
0
0
-1.43829
-2.26717
-2.08141
-1.09518
0
0
0
0
0
0
0
0
0
0
-1.27327
-1.97837
-1.91231
-0.754454
0
0
0
0
0
0
0
0
0
0
-1.12265
-1.73345
-1.81104
-0.433759
0
0
0
0
0
0
0
0
0
0
-1.02427
-1.52194
-1.71649
0
0
0
0
0
0
0
0
0
0
0
-1.01165
-1.46955
-1.52338
0
0
0
0
0
0
0
0
0
0
0
-1.06025
-1.3427
-1.27829
0
0
0
0
0
0
0
0
0
0
0
-1.04949
-1.20742
-1.00502
0
0
0
0
0
0
0
0
0
0
0
-0.872129
-1.06468
-0.708949
0
0
0
0
0
0
0
0
0
0
0
-0.640331
-0.813968
0
0
0
0
0
0
0
0
0
0
0
0
0
0
0
0
0
0
0
0
0
0
0
0
0
0
0
0
0
0
0
0
0
0
0
0
0
0
0
0
0
0
0
0
0
0
0
0
0
0
0
0
0
0
0
0
0
0
0
0
0
0
0
0
0
0
0
0
0
0
0
0
0
0
0
0
0
0
0
0
0
0
0
0
0
0
0
0
0
0
0
0
0
0
0
0
0
0
0
0
0
0
0
0
0
0
0
0
0
0
0
0
0
0
0
0
0
0
0
0
0
0
0
0
0
0
0
0
0
0
0
0
0
0
0
0
0
0
0
0
0
0
0
0
0
0
0
0
0
0
0
0
0
0
0
0
0
0
0
0
0
0
0
0
0
0
0
0
0
0
0
0
0
0
0
0
0
0
0
0
0
0
0
0
0
0
0
0
0
0
0
0
0
0
0
0
0
0
0
0
0
0
0
0
0
0
0
0
0
0
0
0
0
0
0
0
0
0
0
0
0
0
0
0
-0.397029
0
0
0
0
0
0
0
0
0
0
0
0
0
-0.782168
-0.515487
0
0
0
0
0
0
0
0
0
0
0
-0.0573755
-1.04196
-0.676965
0
0
0
0
0
0
0
0
0
0
0
-0.40919
-1.26697
-0.840996
0
0
0
0
0
0
0
0
0
0
0
-0.797861
-1.47243
-0.979842
0
0
0
0
0
0
0
0
0
0
0
-1.23261
-1.70227
-1.17218
0
0
0
0
0
0
0
0
0
0
0
-1.67337
-1.93114
-1.33364
0
0
0
0
0
0
0
0
0
0
0
-2.07691
-2.15808
-1.47559
0
0
0
0
0
0
0
0
0
0
0
-2.48735
-2.39355
-1.57435
0
0
0
0
0
0
0
0
0
0
0
-2.82586
-2.61165
-1.65927
-0.16326
0
0
0
0
0
0
0
0
0
0
-3.10888
-2.8211
-1.72547
-0.481662
0
0
0
0
0
0
0
0
0
0
-3.24461
-2.9552
-1.78963
-0.627079
0
0
0
0
0
0
0
0
0
0
-3.28119
-3.02735
-1.84974
-0.707898
0
0
0
0
0
0
0
0
0
0
-3.18673
-2.91284
-1.84215
-0.557945
0
0
0
0
0
0
0
0
0
-1.59373
-3.0442
-2.75622
-1.79176
-0.35401
0
0
0
0
0
0
0
0
0
-1.59176
-2.86241
-2.55034
-1.67466
0
0
0
0
0
0
0
0
0
0
-1.5841
-2.58489
-2.35766
-1.4737
0
0
0
0
0
0
0
0
0
0
-1.50457
-2.30939
-2.15934
-1.20238
0
0
0
0
0
0
0
0
0
0
-1.29406
-2.01942
-1.98358
-0.913006
0
0
0
0
0
0
0
0
0
0
-1.10175
-1.79346
-1.86644
-0.641217
0
0
0
0
0
0
0
0
0
0
-1.00134
-1.60336
-1.752
-0.452542
0
0
0
0
0
0
0
0
0
0
-0.997869
-1.5304
-1.5627
0
0
0
0
0
0
0
0
0
0
0
-1.05499
-1.37431
-1.31139
0
0
0
0
0
0
0
0
0
0
0
-1.06516
-1.15192
-1.0533
0
0
0
0
0
0
0
0
0
0
0
-0.894567
-0.941291
-0.794727
0
0
0
0
0
0
0
0
0
0
0
-0.658427
-0.656693
0
0
0
0
0
0
0
0
0
0
0
0
0
0
0
0
0
0
0
0
0
0
0
0
0
0
0
0
0
0
0
0
0
0
0
0
0
0
0
0
0
0
0
0
0
0
0
0
0
0
0
0
0
0
0
0
0
0
0
0
0
0
0
0
0
0
0
0
0
0
0
0
0
0
0
0
0
0
0
0
0
0
0
0
0
0
0
0
0
0
0
0
0
0
0
0
0
0
0
0
0
0
0
0
0
0
0
0
0
0
0
0
0
0
0
0
0
0
0
0
0
0
0
0
0
0
0
0
0
0
0
0
0
0
0
0
0
0
0
0
0
0
0
0
0
0
0
0
0
0
0
0
0
0
0
0
0
0
0
0
0
0
0
0
0
0
0
0
0
0
0
0
0
0
0
0
0
0
0
0
0
0
0
0
0
0
0
0
0
0
0
0
0
0
0
0
0
0
0
0
0
0
0
0
0
0
0
0
0
0
0
0
0
0
0
0
0
0
0
0
0
0
0
0
0
0
0
0
0
0
0
0
0
0
0
0
0
0
-0.641047
-0.384331
0
0
0
0
0
0
0
0
0
0
0
-0.2465
-0.89756
-0.538508
0
0
0
0
0
0
0
0
0
0
0
-0.581665
-1.15475
-0.71895
0
0
0
0
0
0
0
0
0
0
0
-0.947919
-1.38876
-0.882265
0
0
0
0
0
0
0
0
0
0
0
-1.312
-1.65342
-1.10799
0
0
0
0
0
0
0
0
0
0
0
-1.72344
-1.90013
-1.27437
0
0
0
0
0
0
0
0
0
0
0
-2.12412
-2.13406
-1.40762
0
0
0
0
0
0
0
0
0
0
0
-2.56369
-2.36439
-1.48876
0
0
0
0
0
0
0
0
0
0
0
-2.91975
-2.58165
-1.56114
-0.175023
0
0
0
0
0
0
0
0
0
0
-3.2068
-2.79815
-1.62218
-0.42327
0
0
0
0
0
0
0
0
0
0
-3.33996
-2.93933
-1.68063
-0.562549
0
0
0
0
0
0
0
0
0
0
-3.36947
-3.01527
-1.73573
-0.656638
0
0
0
0
0
0
0
0
0
0
-3.2711
-2.90329
-1.73829
-0.551071
0
0
0
0
0
0
0
0
0
-1.84436
-3.12432
-2.75048
-1.70673
-0.401125
0
0
0
0
0
0
0
0
0
-1.82014
-2.93808
-2.55852
-1.62517
0
0
0
0
0
0
0
0
0
0
-1.74453
-2.65712
-2.39127
-1.4647
0
0
0
0
0
0
0
0
0
0
-1.61638
-2.37472
-2.22946
-1.26098
0
0
0
0
0
0
0
0
0
0
-1.36324
-2.093
-2.05969
-1.04638
0
0
0
0
0
0
0
0
0
0
-1.13377
-1.8856
-1.92915
-0.826017
0
0
0
0
0
0
0
0
0
0
-1.016
-1.71085
-1.78293
-0.630025
0
0
0
0
0
0
0
0
0
0
-1.03665
-1.61955
-1.59807
0
0
0
0
0
0
0
0
0
0
0
-1.12099
-1.44767
-1.34821
0
0
0
0
0
0
0
0
0
0
0
-1.17882
-1.18694
-1.1087
0
0
0
0
0
0
0
0
0
0
0
-1.02909
-0.94319
-0.861869
0
0
0
0
0
0
0
0
0
0
0
-0.791913
-0.64732
0
0
0
0
0
0
0
0
0
0
0
0
0
0
0
0
0
0
0
0
0
0
0
0
0
0
0
0
0
0
0
0
0
0
0
0
0
0
0
0
0
0
0
0
0
0
0
0
0
0
0
0
0
0
0
0
0
0
0
0
0
0
0
0
0
0
0
0
0
0
0
0
0
0
0
0
0
0
0
0
0
0
0
0
0
0
0
0
0
0
0
0
0
0
0
0
0
0
0
0
0
0
0
0
0
0
0
0
0
0
0
0
0
0
0
0
0
0
0
0
0
0
0
0
0
0
0
0
0
0
0
0
0
0
0
0
0
0
0
0
0
0
0
0
0
0
0
0
0
0
0
0
0
0
0
0
0
0
0
0
0
0
0
0
0
0
0
0
0
0
0
0
0
0
0
0
0
0
0
0
0
0
0
0
0
0
0
0
0
0
0
0
0
0
0
0
0
0
0
0
0
0
0
0
0
0
0
0
0
0
0
0
0
0
0
0
0
0
0
0
0
0
0
0
0
0
0
0
0
0
0
0
0
0
0
0
0
-0.0216077
-0.49875
0
0
0
0
0
0
0
0
0
0
0
0
-0.424248
-0.755538
-0.4033
0
0
0
0
0
0
0
0
0
0
0
-0.746783
-1.05594
-0.613618
0
0
0
0
0
0
0
0
0
0
0
-1.09035
-1.32355
-0.806836
0
0
0
0
0
0
0
0
0
0
0
-1.38857
-1.61549
-1.06392
0
0
0
0
0
0
0
0
0
0
0
-1.76421
-1.86895
-1.23009
0
0
0
0
0
0
0
0
0
0
0
-2.15235
-2.09934
-1.34925
-0.219123
0
0
0
0
0
0
0
0
0
0
-2.60471
-2.31662
-1.40672
-0.17181
0
0
0
0
0
0
0
0
0
0
-2.96487
-2.52689
-1.46002
-0.203182
0
0
0
0
0
0
0
0
0
0
-3.24509
-2.74538
-1.50873
-0.379329
0
0
0
0
0
0
0
0
0
0
-3.3732
-2.89041
-1.55393
-0.515366
-0.393037
0
0
0
0
0
0
0
0
0
-3.39807
-2.96985
-1.59722
-0.628385
-0.584867
0
0
0
0
0
0
0
0
-2.02211
-3.30431
-2.86658
-1.60951
-0.570486
-0.480508
0
0
0
0
0
0
0
0
-2.00321
-3.16085
-2.72707
-1.6006
-0.470099
0
0
0
0
0
0
0
0
0
-1.97279
-2.97718
-2.55952
-1.5635
0
0
0
0
0
0
0
0
0
0
-1.85504
-2.70249
-2.42343
-1.45354
0
0
0
0
0
0
0
0
0
0
-1.69405
-2.42769
-2.29805
-1.32057
0
0
0
0
0
0
0
0
0
0
-1.41126
-2.16406
-2.13891
-1.17159
0
0
0
0
0
0
0
0
0
0
-1.16369
-1.97557
-2.00051
-0.991049
0
0
0
0
0
0
0
0
0
0
-1.04033
-1.8161
-1.82159
-0.788298
0
0
0
0
0
0
0
0
0
0
-1.08985
-1.71223
-1.63754
-0.513522
0
0
0
0
0
0
0
0
0
0
-1.20409
-1.52597
-1.39194
0
0
0
0
0
0
0
0
0
0
0
-1.29806
-1.2421
-1.1728
0
0
0
0
0
0
0
0
0
0
0
-1.16361
-0.980663
-0.927804
0
0
0
0
0
0
0
0
0
0
0
-0.92791
-0.676963
0
0
0
0
0
0
0
0
0
0
0
0
-0.607935
0
0
0
0
0
0
0
0
0
0
0
0
0
0
0
0
0
0
0
0
0
0
0
0
0
0
0
0
0
0
0
0
0
0
0
0
0
0
0
0
0
0
0
0
0
0
0
0
0
0
0
0
0
0
0
0
0
0
0
0
0
0
0
0
0
0
0
0
0
0
0
0
0
0
0
0
0
0
0
0
0
0
0
0
0
0
0
0
0
0
0
0
0
0
0
0
0
0
0
0
0
0
0
0
0
0
0
0
0
0
0
0
0
0
0
0
0
0
0
0
0
0
0
0
0
0
0
0
0
0
0
0
0
0
0
0
0
0
0
0
0
0
0
0
0
0
0
0
0
0
0
0
0
0
0
0
0
0
0
0
0
0
0
0
0
0
0
0
0
0
0
0
0
0
0
0
0
0
0
0
0
0
0
0
0
0
0
0
0
0
0
0
0
0
0
0
0
0
0
0
0
0
0
0
0
0
0
0
0
0
0
0
0
0
0
0
0
0
0
0
0
0
0
0
-0.299244
-0.589518
0
0
0
0
0
0
0
0
0
0
0
0
-0.716499
-0.845294
-0.356541
0
0
0
0
0
0
0
0
0
0
0
-1.0429
-1.17006
-0.591039
0
0
0
0
0
0
0
0
0
0
0
-1.38038
-1.44371
-0.806581
0
0
0
0
0
0
0
0
0
0
0
-1.64636
-1.69652
-1.08404
0
0
0
0
0
0
0
0
0
0
0
-1.96697
-1.90872
-1.2501
-0.346287
0
0
0
0
0
0
0
0
0
0
-2.29652
-2.09806
-1.36068
-0.351115
0
0
0
0
0
0
0
0
0
0
-2.67194
-2.28819
-1.40242
-0.277097
0
0
0
0
0
0
0
0
0
0
-2.97148
-2.47331
-1.43397
-0.277036
0
0
0
0
0
0
0
0
0
0
-3.1935
-2.66497
-1.44735
-0.428615
-0.382822
0
0
0
0
0
0
0
0
0
-3.29688
-2.78782
-1.45224
-0.581004
-0.576631
0
0
0
0
0
0
0
0
0
-3.31207
-2.85184
-1.45601
-0.721036
-0.737634
0
0
0
0
0
0
0
0
-2.07204
-3.23855
-2.76489
-1.46197
-0.689245
-0.601588
0
0
0
0
0
0
0
0
-2.03641
-3.11097
-2.65164
-1.46536
-0.609986
0
0
0
0
0
0
0
0
0
-1.99024
-2.93907
-2.52589
-1.46719
-0.427483
0
0
0
0
0
0
0
0
0
-1.85921
-2.67545
-2.42759
-1.42297
0
0
0
0
0
0
0
0
0
0
-1.68928
-2.41609
-2.33929
-1.37947
0
0
0
0
0
0
0
0
0
0
-1.40237
-2.17237
-2.20585
-1.32725
0
0
0
0
0
0
0
0
0
0
-1.17181
-1.99905
-2.08354
-1.20797
0
0
0
0
0
0
0
0
0
0
-1.07831
-1.85453
-1.90398
-1.02564
0
0
0
0
0
0
0
0
0
0
-1.1637
-1.77059
-1.72778
-0.756266
0
0
0
0
0
0
0
0
0
0
-1.30637
-1.61033
-1.49927
0
0
0
0
0
0
0
0
0
0
0
-1.40819
-1.37262
-1.30542
0
0
0
0
0
0
0
0
0
0
0
-1.27288
-1.14727
-1.04456
0
0
0
0
0
0
0
0
0
0
0
-1.03249
-0.869139
-0.672596
0
0
0
0
0
0
0
0
0
0
0
-0.666013
0
0
0
0
0
0
0
0
0
0
0
0
0
0
0
0
0
0
0
0
0
0
0
0
0
0
0
0
0
0
0
0
0
0
0
0
0
0
0
0
0
0
0
0
0
0
0
0
0
0
0
0
0
0
0
0
0
0
0
0
0
0
0
0
0
0
0
0
0
0
0
0
0
0
0
0
0
0
0
0
0
0
0
0
0
0
0
0
0
0
0
0
0
0
0
0
0
0
0
0
0
0
0
0
0
0
0
0
0
0
0
0
0
0
0
0
0
0
0
0
0
0
0
0
0
0
0
0
0
0
0
0
0
0
0
0
0
0
0
0
0
0
0
0
0
0
0
0
0
0
0
0
0
0
0
0
0
0
0
0
0
0
0
0
0
0
0
0
0
0
0
0
0
0
0
0
0
0
0
0
0
0
0
0
0
0
0
0
0
0
0
0
0
0
0
0
0
0
0
0
0
0
0
0
0
0
0
0
0
0
-0.109608
-0.527164
0
0
0
0
0
0
0
0
0
0
0
0
-0.559247
-0.765996
0
0
0
0
0
0
0
0
0
0
0
0
-0.966586
-0.99252
-0.364428
0
0
0
0
0
0
0
0
0
0
0
-1.27621
-1.30818
-0.612312
0
0
0
0
0
0
0
0
0
0
0
-1.59128
-1.56999
-0.83522
0
0
0
0
0
0
0
0
0
0
0
-1.83161
-1.77886
-1.11499
-0.319022
0
0
0
0
0
0
0
0
0
0
-2.10795
-1.94155
-1.2756
-0.431441
0
0
0
0
0
0
0
0
0
0
-2.38335
-2.08037
-1.3784
-0.44371
0
0
0
0
0
0
0
0
0
0
-2.67964
-2.2328
-1.41022
-0.361124
0
0
0
0
0
0
0
0
0
0
-2.91203
-2.38469
-1.42576
-0.353694
0
0
0
0
0
0
0
0
0
0
-3.06901
-2.54344
-1.40835
-0.506343
-0.507322
0
0
0
0
0
0
0
0
0
-3.14359
-2.64224
-1.37235
-0.676514
-0.685859
0
0
0
0
0
0
0
0
0
-3.14923
-2.69215
-1.33112
-0.835949
-0.823398
0
0
0
0
0
0
0
0
-1.99674
-3.09959
-2.63031
-1.32547
-0.809792
-0.664767
0
0
0
0
0
0
0
0
-1.95124
-2.99152
-2.55376
-1.34039
-0.732924
-0.406832
0
0
0
0
0
0
0
0
-1.90379
-2.8355
-2.47818
-1.38507
-0.548571
0
0
0
0
0
0
0
0
0
-1.78138
-2.59213
-2.41988
-1.41399
-0.465974
0
0
0
0
0
0
0
0
0
-1.61884
-2.36348
-2.36603
-1.45478
-0.433678
0
0
0
0
0
0
0
0
0
-1.35012
-2.15383
-2.2612
-1.47707
-0.545283
0
0
0
0
0
0
0
0
0
-1.16657
-2.00374
-2.15944
-1.4006
-0.604268
0
0
0
0
0
0
0
0
0
-1.12644
-1.88584
-1.98117
-1.24175
-0.644975
0
0
0
0
0
0
0
0
0
-1.24491
-1.82976
-1.81115
-0.989459
0
0
0
0
0
0
0
0
0
0
-1.41026
-1.69477
-1.60444
-0.692061
0
0
0
0
0
0
0
0
0
0
-1.49865
-1.50329
-1.43973
0
0
0
0
0
0
0
0
0
0
0
-1.3535
-1.31543
-1.16736
0
0
0
0
0
0
0
0
0
0
0
-1.10982
-1.05138
-0.776626
0
0
0
0
0
0
0
0
0
0
0
-0.701302
-0.671529
0
0
0
0
0
0
0
0
0
0
0
0
0
0
0
0
0
0
0
0
0
0
0
0
0
0
0
0
0
0
0
0
0
0
0
0
0
0
0
0
0
0
0
0
0
0
0
0
0
0
0
0
0
0
0
0
0
0
0
0
0
0
0
0
0
0
0
0
0
0
0
0
0
0
0
0
0
0
0
0
0
0
0
0
0
0
0
0
0
0
0
0
0
0
0
0
0
0
0
0
0
0
0
0
0
0
0
0
0
0
0
0
0
0
0
0
0
0
0
0
0
0
0
0
0
0
0
0
0
0
0
0
0
0
0
0
0
0
0
0
0
0
0
0
0
0
0
0
0
0
0
0
0
0
0
0
0
0
0
0
0
0
0
0
0
0
0
0
0
0
0
0
0
0
0
0
0
0
0
0
0
0
0
0
0
0
0
0
0
0
0
0
0
0
0
0
-0.657391
0
0
0
0
0
0
0
0
0
0
0
0
-0.463045
-0.917838
0
0
0
0
0
0
0
0
0
0
0
0
-0.85537
-1.10728
-0.403582
0
0
0
0
0
0
0
0
0
0
0
-1.22363
-1.26187
-0.506832
0
0
0
0
0
0
0
0
0
0
0
-1.50171
-1.509
-0.728502
0
0
0
0
0
0
0
0
0
0
-0.75034
-1.7789
-1.7263
-0.920319
0
0
0
0
0
0
0
0
0
0
-1.04779
-1.99655
-1.88411
-1.15953
0
0
0
0
0
0
0
0
0
0
-1.29872
-2.23059
-1.98771
-1.30407
-0.422849
0
0
0
0
0
0
0
0
0
0
-2.44753
-2.06346
-1.40354
-0.426328
0
0
0
0
0
0
0
0
0
0
-2.64721
-2.15902
-1.44467
-0.377394
0
0
0
0
0
0
0
0
0
0
-2.79184
-2.26109
-1.46458
-0.421588
0
0
0
0
0
0
0
0
0
0
-2.86269
-2.3741
-1.43924
-0.638359
-0.475285
0
0
0
0
0
0
0
0
-1.95649
-2.89194
-2.44747
-1.37879
-0.830553
-0.640513
0
0
0
0
0
0
0
0
-1.86812
-2.8766
-2.48775
-1.30291
-0.994136
-0.754533
0
0
0
0
0
0
0
0
-1.81088
-2.84305
-2.46118
-1.27208
-0.929589
-0.581929
0
0
0
0
0
0
0
0
-1.73806
-2.74976
-2.42733
-1.28273
-0.816805
0
0
0
0
0
0
0
0
0
-1.67905
-2.6093
-2.39835
-1.3516
-0.600754
0
0
0
0
0
0
0
0
0
-1.57857
-2.39676
-2.36929
-1.44535
-0.519822
0
0
0
0
0
0
0
0
0
-1.44092
-2.21309
-2.34025
-1.55168
-0.503203
0
0
0
0
0
0
0
0
0
-1.23788
-2.04979
-2.27094
-1.62889
-0.626425
0
0
0
0
0
0
0
0
0
-1.15169
-1.93842
-2.19842
-1.59102
-0.726881
0
0
0
0
0
0
0
0
0
-1.19878
-1.87478
-2.03753
-1.47359
-0.817165
0
0
0
0
0
0
0
0
0
-1.33947
-1.86929
-1.88394
-1.25854
-0.678225
0
0
0
0
0
0
0
0
0
-1.50769
-1.78112
-1.71563
-0.983689
0
0
0
0
0
0
0
0
0
0
-1.54324
-1.65355
-1.58896
-0.608169
0
0
0
0
0
0
0
0
0
0
-1.37311
-1.5106
-1.32076
0
0
0
0
0
0
0
0
0
0
0
-1.11764
-1.25289
-0.962156
0
0
0
0
0
0
0
0
0
0
0
-0.673559
-0.866744
0
0
0
0
0
0
0
0
0
0
0
0
0
0
0
0
0
0
0
0
0
0
0
0
0
0
0
0
0
0
0
0
0
0
0
0
0
0
0
0
0
0
0
0
0
0
0
0
0
0
0
0
0
0
0
0
0
0
0
0
0
0
0
0
0
0
0
0
0
0
0
0
0
0
0
0
0
0
0
0
0
0
0
0
0
0
0
0
0
0
0
0
0
0
0
0
0
0
0
0
0
0
0
0
0
0
0
0
0
0
0
0
0
0
0
0
0
0
0
0
0
0
0
0
0
0
0
0
0
0
0
0
0
0
0
0
0
0
0
0
0
0
0
0
0
0
0
0
0
0
0
0
0
0
0
0
0
0
0
0
0
0
0
0
0
0
0
0
0
0
0
0
0
0
0
0
0
0
0
0
0
0
-0.645038
0
0
0
0
0
0
0
0
0
0
0
0
-0.356182
-0.994674
0
0
0
0
0
0
0
0
0
0
0
0
-0.802746
-1.22878
0
0
0
0
0
0
0
0
0
0
0
0
-1.11332
-1.39049
-0.554628
0
0
0
0
0
0
0
0
0
0
-0.11616
-1.42376
-1.48336
-0.659228
0
0
0
0
0
0
0
0
0
0
-0.530556
-1.66021
-1.65168
-0.852975
0
0
0
0
0
0
0
0
0
0
-0.928312
-1.88193
-1.81656
-1.01557
0
0
0
0
0
0
0
0
0
0
-1.16928
-2.05642
-1.93889
-1.20827
0
0
0
0
0
0
0
0
0
0
-1.34728
-2.24428
-2.00004
-1.32812
-0.375223
0
0
0
0
0
0
0
0
0
-1.4412
-2.41188
-2.0267
-1.41674
-0.371057
0
0
0
0
0
0
0
0
0
-1.57859
-2.538
-2.07089
-1.4643
-0.3743
0
0
0
0
0
0
0
0
0
-1.67013
-2.6115
-2.12614
-1.4903
-0.482852
0
0
0
0
0
0
0
0
0
-1.72037
-2.60878
-2.19516
-1.46705
-0.761832
0
0
0
0
0
0
0
0
0
-1.70931
-2.59574
-2.24456
-1.39138
-0.961993
-0.5022
0
0
0
0
0
0
0
0
-1.62764
-2.55927
-2.27781
-1.28867
-1.11508
-0.599075
0
0
0
0
0
0
0
0
-1.56705
-2.53832
-2.28589
-1.22983
-1.00409
-0.426886
0
0
0
0
0
0
0
0
-1.48892
-2.4583
-2.29099
-1.23664
-0.849496
0
0
0
0
0
0
0
0
0
-1.42105
-2.33831
-2.2983
-1.33392
-0.608457
0
0
0
0
0
0
0
0
0
-1.33652
-2.17216
-2.29212
-1.48564
-0.541947
0
0
0
0
0
0
0
0
0
-1.22737
-2.04458
-2.28937
-1.63371
-0.549618
0
0
0
0
0
0
0
0
0
-1.11693
-1.93551
-2.26339
-1.73243
-0.673677
0
0
0
0
0
0
0
0
0
-1.14238
-1.88016
-2.217
-1.71602
-0.797533
0
0
0
0
0
0
0
0
0
-1.26835
-1.88933
-2.07661
-1.6321
-0.901443
0
0
0
0
0
0
0
0
0
-1.43643
-1.92035
-1.93858
-1.45119
-0.788217
0
0
0
0
0
0
0
0
0
-1.59861
-1.86532
-1.80701
-1.18174
-0.671114
0
0
0
0
0
0
0
0
0
-1.5769
-1.7802
-1.69559
-0.814592
0
0
0
0
0
0
0
0
0
0
-1.38676
-1.65815
-1.43445
0
0
0
0
0
0
0
0
0
0
0
-1.1161
-1.38421
-1.12611
0
0
0
0
0
0
0
0
0
0
0
-0.635282
-1.01017
0
0
0
0
0
0
0
0
0
0
0
0
0
0
0
0
0
0
0
0
0
0
0
0
0
0
0
0
0
0
0
0
0
0
0
0
0
0
0
0
0
0
0
0
0
0
0
0
0
0
0
0
0
0
0
0
0
0
0
0
0
0
0
0
0
0
0
0
0
0
0
0
0
0
0
0
0
0
0
0
0
0
0
0
0
0
0
0
0
0
0
0
0
0
0
0
0
0
0
0
0
0
0
0
0
0
0
0
0
0
0
0
0
0
0
0
0
0
0
0
0
0
0
0
0
0
0
0
0
0
0
0
0
0
0
0
0
0
0
0
0
0
0
0
0
0
0
0
0
0
0
0
0
0
0
0
0
0
0
0
0
0
0
0
0
0
0
0
0
0
0
0
0
0
0
0
0
0
0
0
0
-0.426918
-0.965949
0
0
0
0
0
0
0
0
0
0
0
0
-0.781744
-1.27969
0
0
0
0
0
0
0
0
0
0
0
0
-1.1322
-1.49167
-0.563361
0
0
0
0
0
0
0
0
0
0
-0.094567
-1.35905
-1.63031
-0.721324
0
0
0
0
0
0
0
0
0
0
-0.371207
-1.59163
-1.67351
-0.817991
0
0
0
0
0
0
0
0
0
0
-0.684332
-1.78271
-1.75359
-0.976547
0
0
0
0
0
0
0
0
0
0
-1.02103
-1.94721
-1.84815
-1.11271
0
0
0
0
0
0
0
0
0
0
-1.22323
-2.06392
-1.94312
-1.25911
0
0
0
0
0
0
0
0
0
0
-1.35262
-2.18993
-1.98085
-1.34886
0
0
0
0
0
0
0
0
0
0
-1.39293
-2.30159
-1.98022
-1.41869
0
0
0
0
0
0
0
0
0
0
-1.45954
-2.36312
-1.9847
-1.46962
-0.329553
0
0
0
0
0
0
0
0
0
-1.48034
-2.37592
-2.00102
-1.50368
-0.524691
0
0
0
0
0
0
0
0
0
-1.45017
-2.31263
-2.03172
-1.49437
-0.869244
0
0
0
0
0
0
0
0
0
-1.41536
-2.26316
-2.06034
-1.41443
-1.06421
0
0
0
0
0
0
0
0
0
-1.34876
-2.20838
-2.08762
-1.29617
-1.19071
0
0
0
0
0
0
0
0
0
-1.31042
-2.19474
-2.11735
-1.20679
-1.01814
0
0
0
0
0
0
0
0
0
-1.23687
-2.12906
-2.14285
-1.20839
-0.812197
0
0
0
0
0
0
0
0
0
-1.14713
-2.03444
-2.16397
-1.33289
-0.557214
0
0
0
0
0
0
0
0
0
-1.06537
-1.92401
-2.17377
-1.52511
-0.527096
0
0
0
0
0
0
0
0
0
-0.99808
-1.84979
-2.1999
-1.69046
-0.574374
0
0
0
0
0
0
0
0
0
-1.01101
-1.80571
-2.22148
-1.78962
-0.688065
0
0
0
0
0
0
0
0
0
-1.14463
-1.83461
-2.19664
-1.78896
-0.809844
0
0
0
0
0
0
0
0
0
-1.3402
-1.92737
-2.09419
-1.74113
-0.895712
0
0
0
0
0
0
0
0
0
-1.53872
-1.97633
-1.97753
-1.5862
-0.829517
0
0
0
0
0
0
0
0
0
-1.67207
-1.94877
-1.88201
-1.31692
-0.773892
0
0
0
0
0
0
0
0
0
-1.5975
-1.89321
-1.75725
-0.97408
0
0
0
0
0
0
0
0
0
-0.400606
-1.39701
-1.76039
-1.5243
0
0
0
0
0
0
0
0
0
0
0
-1.09322
-1.46804
-1.27563
0
0
0
0
0
0
0
0
0
0
0
-0.590331
-1.11101
0
0
0
0
0
0
0
0
0
0
0
0
0
0
0
0
0
0
0
0
0
0
0
0
0
0
0
0
0
0
0
0
0
0
0
0
0
0
0
0
0
0
0
0
0
0
0
0
0
0
0
0
0
0
0
0
0
0
0
0
0
0
0
0
0
0
0
0
0
0
0
0
0
0
0
0
0
0
0
0
0
0
0
0
0
0
0
0
0
0
0
0
0
0
0
0
0
0
0
0
0
0
0
0
0
0
0
0
0
0
0
0
0
0
0
0
0
0
0
0
0
0
0
0
0
0
0
0
0
0
0
0
0
0
0
0
0
0
0
0
0
0
0
0
0
0
0
0
0
0
0
0
0
0
0
0
0
0
0
0
0
0
0
0
0
0
0
-0.525099
-0.721926
0
0
0
0
0
0
0
0
0
0
0
0
-0.888808
-1.16538
0
0
0
0
0
0
0
0
0
0
0
0
-1.18378
-1.4442
0
0
0
0
0
0
0
0
0
0
0
-0.290231
-1.42927
-1.62518
-0.659479
0
0
0
0
0
0
0
0
0
0
-0.444258
-1.58052
-1.74316
-0.789296
0
0
0
0
0
0
0
0
0
0
-0.602978
-1.71296
-1.76482
-0.860764
0
0
0
0
0
0
0
0
0
0
-0.786039
-1.83896
-1.78779
-1.00125
0
0
0
0
0
0
0
0
0
0
-1.01304
-1.94994
-1.81401
-1.13591
0
0
0
0
0
0
0
0
0
0
-1.15803
-2.00239
-1.88013
-1.27461
0
0
0
0
0
0
0
0
0
0
-1.24458
-2.0508
-1.90748
-1.35025
0
0
0
0
0
0
0
0
0
0
-1.2401
-2.09147
-1.90602
-1.39861
0
0
0
0
0
0
0
0
0
0
-1.25033
-2.0978
-1.89948
-1.43547
0
0
0
0
0
0
0
0
0
0
-1.21916
-2.07009
-1.89938
-1.4624
-0.523846
0
0
0
0
0
0
0
0
0
-1.14445
-1.98096
-1.9046
-1.45772
-0.890703
0
0
0
0
0
0
0
0
0
-1.1116
-1.92524
-1.91163
-1.37554
-1.06191
0
0
0
0
0
0
0
0
0
-1.07792
-1.88032
-1.92333
-1.25132
-1.15156
0
0
0
0
0
0
0
0
0
-1.06617
-1.88767
-1.95311
-1.15602
-0.93556
0
0
0
0
0
0
0
0
0
-0.998396
-1.85475
-1.98123
-1.1713
-0.708431
0
0
0
0
0
0
0
0
0
-0.888976
-1.79733
-2.01009
-1.32504
-0.494772
0
0
0
0
0
0
0
0
0
-0.810139
-1.74054
-2.04517
-1.52877
-0.536062
0
0
0
0
0
0
0
0
0
-0.797308
-1.7087
-2.10298
-1.69235
-0.639652
0
0
0
0
0
0
0
0
0
-0.90418
-1.73177
-2.1542
-1.78194
-0.729957
0
0
0
0
0
0
0
0
0
-1.0958
-1.83767
-2.14434
-1.79398
-0.796405
0
0
0
0
0
0
0
0
0
-1.34225
-1.96566
-2.09043
-1.77228
-0.824876
0
0
0
0
0
0
0
0
0
-1.56456
-2.0032
-1.99878
-1.60941
-0.797818
0
0
0
0
0
0
0
0
0
-1.65859
-1.98671
-1.91471
-1.34791
0
0
0
0
0
0
0
0
0
-0.390867
-1.57087
-1.93402
-1.74068
-1.03755
0
0
0
0
0
0
0
0
0
-0.464672
-1.38835
-1.74539
-1.54508
0
0
0
0
0
0
0
0
0
0
-0.477879
-1.04334
-1.44353
-1.32467
0
0
0
0
0
0
0
0
0
0
0
0
-1.09287
0
0
0
0
0
0
0
0
0
0
0
0
0
0
0
0
0
0
0
0
0
0
0
0
0
0
0
0
0
0
0
0
0
0
0
0
0
0
0
0
0
0
0
0
0
0
0
0
0
0
0
0
0
0
0
0
0
0
0
0
0
0
0
0
0
0
0
0
0
0
0
0
0
0
0
0
0
0
0
0
0
0
0
0
0
0
0
0
0
0
0
0
0
0
0
0
0
0
0
0
0
0
0
0
0
0
0
0
0
0
0
0
0
0
0
0
0
0
0
0
0
0
0
0
0
0
0
0
0
0
0
0
0
0
0
0
0
0
0
0
0
0
0
0
0
0
0
0
0
0
0
0
0
0
0
0
0
0
0
0
0
0
0
0
0
0
0
-0.956427
-0.904958
0
0
0
0
0
0
0
0
0
0
0
0
-1.27646
-1.29935
0
0
0
0
0
0
0
0
0
0
0
-0.566226
-1.51486
-1.57328
0
0
0
0
0
0
0
0
0
0
0
-0.709786
-1.6727
-1.71456
-0.706585
0
0
0
0
0
0
0
0
0
0
-0.767861
-1.78143
-1.79787
-0.826854
0
0
0
0
0
0
0
0
0
0
-0.829236
-1.83535
-1.78888
-0.856422
0
0
0
0
0
0
0
0
0
0
-0.9129
-1.87923
-1.76937
-0.974044
0
0
0
0
0
0
0
0
0
0
-1.01717
-1.93133
-1.73925
-1.10438
0
0
0
0
0
0
0
0
0
0
-1.07001
-1.93391
-1.77991
-1.24484
0
0
0
0
0
0
0
0
0
0
-1.0991
-1.91235
-1.80034
-1.31986
0
0
0
0
0
0
0
0
0
0
-1.05713
-1.87319
-1.81268
-1.35452
0
0
0
0
0
0
0
0
0
0
-1.02849
-1.81967
-1.81469
-1.37297
0
0
0
0
0
0
0
0
0
0
-0.961836
-1.75339
-1.81541
-1.38627
-0.486423
0
0
0
0
0
0
0
0
0
-0.859633
-1.65792
-1.803
-1.38289
-0.851971
0
0
0
0
0
0
0
0
0
-0.83587
-1.62086
-1.78335
-1.29729
-0.98605
0
0
0
0
0
0
0
0
0
-0.832662
-1.61341
-1.76542
-1.16585
-1.02816
0
0
0
0
0
0
0
0
0
-0.838066
-1.65323
-1.77527
-1.07016
-0.775556
0
0
0
0
0
0
0
0
0
-0.775723
-1.65624
-1.79561
-1.10345
-0.550037
0
0
0
0
0
0
0
0
0
-0.667904
-1.61978
-1.83182
-1.28764
-0.429161
0
0
0
0
0
0
0
0
0
-0.616573
-1.59776
-1.89402
-1.49755
-0.571127
0
0
0
0
0
0
0
0
0
-0.652232
-1.61021
-1.96683
-1.66297
-0.736136
0
0
0
0
0
0
0
0
0
-0.798304
-1.7088
-2.03918
-1.74589
-0.777585
0
0
0
0
0
0
0
0
0
-1.02226
-1.8598
-2.06622
-1.77533
-0.757628
0
0
0
0
0
0
0
0
0
-1.31097
-1.98673
-2.08338
-1.75403
-0.729495
0
0
0
0
0
0
0
0
0
-1.52166
-2.01685
-2.02197
-1.57034
-0.726195
0
0
0
0
0
0
0
0
0
-1.58957
-2.01641
-1.90888
-1.35305
0
0
0
0
0
0
0
0
0
-0.378717
-1.52668
-1.92839
-1.69871
-1.05849
0
0
0
0
0
0
0
0
0
-0.447141
-1.36292
-1.67339
-1.53628
0
0
0
0
0
0
0
0
0
0
0
-0.980447
-1.36068
-1.34804
0
0
0
0
0
0
0
0
0
0
0
0
-1.01474
0
0
0
0
0
0
0
0
0
0
0
0
0
0
0
0
0
0
0
0
0
0
0
0
0
0
0
0
0
0
0
0
0
0
0
0
0
0
0
0
0
0
0
0
0
0
0
0
0
0
0
0
0
0
0
0
0
0
0
0
0
0
0
0
0
0
0
0
0
0
0
0
0
0
0
0
0
0
0
0
0
0
0
0
0
0
0
0
0
0
0
0
0
0
0
0
0
0
0
0
0
0
0
0
0
0
0
0
0
0
0
0
0
0
0
0
0
0
0
0
0
0
0
0
0
0
0
0
0
0
0
0
0
0
0
0
0
0
0
0
0
0
0
0
0
0
0
0
0
0
0
0
0
-0.63119
0
0
0
0
0
0
0
0
0
0
0
0
0
-1.20961
-0.976142
0
0
0
0
0
0
0
0
0
0
0
-0.614266
-1.54568
-1.26616
0
0
0
0
0
0
0
0
0
0
0
-0.913248
-1.73503
-1.54075
0
0
0
0
0
0
0
0
0
0
0
-1.04561
-1.79572
-1.67089
0
0
0
0
0
0
0
0
0
0
-0.0186333
-1.05513
-1.85356
-1.71667
-0.68199
0
0
0
0
0
0
0
0
0
0
-1.01868
-1.86725
-1.68808
-0.702901
0
0
0
0
0
0
0
0
0
0
-1.02647
-1.8538
-1.65053
-0.805782
0
0
0
0
0
0
0
0
0
0
-1.04043
-1.83881
-1.61238
-0.934384
0
0
0
0
0
0
0
0
0
0
-0.97511
-1.79189
-1.65453
-1.0751
0
0
0
0
0
0
0
0
0
0
-0.886519
-1.7222
-1.67298
-1.15818
0
0
0
0
0
0
0
0
0
0
-0.738387
-1.62396
-1.69003
-1.20156
0
0
0
0
0
0
0
0
0
0
-0.647737
-1.53357
-1.69642
-1.2302
0
0
0
0
0
0
0
0
0
0
-0.549923
-1.45117
-1.70046
-1.24803
0
0
0
0
0
0
0
0
0
0
-0.478661
-1.38414
-1.68414
-1.24473
-0.694558
0
0
0
0
0
0
0
0
0
-0.509681
-1.38982
-1.65736
-1.15385
-0.783711
0
0
0
0
0
0
0
0
0
-0.565616
-1.43254
-1.63245
-1.01286
-0.782772
0
0
0
0
0
0
0
0
0
-0.586369
-1.49567
-1.63857
-0.940989
-0.528464
0
0
0
0
0
0
0
0
0
-0.554064
-1.52477
-1.66773
-1.00679
0
0
0
0
0
0
0
0
0
0
-0.488215
-1.51341
-1.71904
-1.21948
0
0
0
0
0
0
0
0
0
0
-0.480717
-1.54378
-1.79028
-1.42404
-0.585159
0
0
0
0
0
0
0
0
0
-0.530409
-1.61884
-1.85337
-1.5902
-0.774435
0
0
0
0
0
0
0
0
0
-0.673426
-1.73945
-1.92562
-1.68585
-0.763529
0
0
0
0
0
0
0
0
0
-0.911091
-1.85169
-1.9784
-1.71926
-0.700533
0
0
0
0
0
0
0
0
0
-1.17606
-1.94393
-2.04788
-1.66107
0
0
0
0
0
0
0
0
0
0
-1.34318
-1.97266
-1.98485
-1.48155
0
0
0
0
0
0
0
0
0
0
-1.41376
-1.98017
-1.82401
-1.30277
0
0
0
0
0
0
0
0
0
0
-1.4044
-1.80707
-1.61638
-1.00977
0
0
0
0
0
0
0
0
0
0
-1.22042
-1.53537
-1.44266
0
0
0
0
0
0
0
0
0
0
0
-0.860097
-1.17967
-1.2949
0
0
0
0
0
0
0
0
0
0
0
0
0
0
0
0
0
0
0
0
0
0
0
0
0
0
0
0
0
0
0
0
0
0
0
0
0
0
0
0
0
0
0
0
0
0
0
0
0
0
0
0
0
0
0
0
0
0
0
0
0
0
0
0
0
0
0
0
0
0
0
0
0
0
0
0
0
0
0
0
0
0
0
0
0
0
0
0
0
0
0
0
0
0
0
0
0
0
0
0
0
0
0
0
0
0
0
0
0
0
0
0
0
0
0
0
0
0
0
0
0
0
0
0
0
0
0
0
0
0
0
0
0
0
0
0
0
0
0
0
0
0
0
0
0
0
0
0
0
0
0
0
0
0
0
0
0
0
0
0
0
0
0
0
0
0
-0.8948
0
0
0
0
0
0
0
0
0
0
0
0
-0.612667
-1.40961
-1.04959
0
0
0
0
0
0
0
0
0
0
0
-0.917644
-1.7436
-1.23107
0
0
0
0
0
0
0
0
0
0
-0.374716
-1.16955
-1.93572
-1.43695
0
0
0
0
0
0
0
0
0
0
-0.386591
-1.2854
-1.89388
-1.59557
0
0
0
0
0
0
0
0
0
0
-0.270328
-1.31298
-1.87355
-1.61625
0
0
0
0
0
0
0
0
0
0
-0.0650635
-1.22997
-1.83188
-1.54602
0
0
0
0
0
0
0
0
0
0
0
-1.16227
-1.79797
-1.45798
-0.58493
0
0
0
0
0
0
0
0
0
0
-1.11281
-1.73499
-1.38434
-0.702114
0
0
0
0
0
0
0
0
0
0
-0.971595
-1.62465
-1.43858
-0.823545
0
0
0
0
0
0
0
0
0
0
-0.776924
-1.48923
-1.48886
-0.897471
0
0
0
0
0
0
0
0
0
0
-0.494991
-1.32245
-1.53903
-0.936569
0
0
0
0
0
0
0
0
0
0
-0.312275
-1.2108
-1.5655
-0.974768
0
0
0
0
0
0
0
0
0
0
-0.166352
-1.13568
-1.58042
-0.999219
0
0
0
0
0
0
0
0
0
0
-0.14492
-1.13448
-1.56458
-0.994037
-0.487584
0
0
0
0
0
0
0
0
0
-0.252294
-1.20152
-1.53345
-0.896435
-0.507706
0
0
0
0
0
0
0
0
0
-0.38768
-1.29594
-1.50164
-0.747563
-0.439877
0
0
0
0
0
0
0
0
0
-0.440464
-1.36517
-1.4935
-0.73495
0
0
0
0
0
0
0
0
0
0
-0.447146
-1.41353
-1.51277
-0.868191
0
0
0
0
0
0
0
0
0
0
-0.402119
-1.44057
-1.55591
-1.13247
0
0
0
0
0
0
0
0
0
0
-0.389844
-1.53769
-1.6302
-1.34376
-0.576653
0
0
0
0
0
0
0
0
0
-0.421265
-1.65056
-1.70739
-1.52191
-0.769788
0
0
0
0
0
0
0
0
0
-0.550964
-1.73886
-1.80319
-1.61811
-0.744759
0
0
0
0
0
0
0
0
0
-0.745086
-1.8104
-1.90227
-1.61333
-0.676303
0
0
0
0
0
0
0
0
0
-0.918238
-1.89038
-2.00692
-1.54742
0
0
0
0
0
0
0
0
0
0
-1.07478
-1.93511
-1.89879
-1.41031
0
0
0
0
0
0
0
0
0
0
-1.19002
-1.89886
-1.74763
-1.23472
0
0
0
0
0
0
0
0
0
0
-1.22176
-1.6519
-1.52447
0
0
0
0
0
0
0
0
0
0
0
-1.01695
-1.37701
-1.33883
0
0
0
0
0
0
0
0
0
0
0
-0.731854
0
0
0
0
0
0
0
0
0
0
0
0
0
0
0
0
0
0
0
0
0
0
0
0
0
0
0
0
0
0
0
0
0
0
0
0
0
0
0
0
0
0
0
0
0
0
0
0
0
0
0
0
0
0
0
0
0
0
0
0
0
0
0
0
0
0
0
0
0
0
0
0
0
0
0
0
0
0
0
0
0
0
0
0
0
0
0
0
0
0
0
0
0
0
0
0
0
0
0
0
0
0
0
0
0
0
0
0
0
0
0
0
0
0
0
0
0
0
0
0
0
0
0
0
0
0
0
0
0
0
0
0
0
0
0
0
0
0
0
0
0
0
0
0
0
0
0
0
0
0
0
0
0
0
0
0
0
0
0
0
0
0
0
0
0
0
0
0
-0.947586
0
0
0
0
0
0
0
0
0
0
0
0
-0.716873
-1.43162
-0.997301
0
0
0
0
0
0
0
0
0
0
0
-1.04366
-1.69273
-1.11282
0
0
0
0
0
0
0
0
0
0
-0.588557
-1.24939
-1.91421
-1.2273
0
0
0
0
0
0
0
0
0
0
-0.592532
-1.32226
-1.83106
-1.37918
0
0
0
0
0
0
0
0
0
0
-0.448395
-1.36187
-1.72897
-1.44992
0
0
0
0
0
0
0
0
0
0
-0.12433
-1.31607
-1.62216
-1.38807
0
0
0
0
0
0
0
0
0
0
0
-1.24272
-1.58648
-1.27178
0
0
0
0
0
0
0
0
0
0
0
-1.14571
-1.54776
-1.17596
0
0
0
0
0
0
0
0
0
0
0
-0.934753
-1.4488
-1.20246
-0.523264
0
0
0
0
0
0
0
0
0
0
-0.664066
-1.28845
-1.25053
-0.575633
0
0
0
0
0
0
0
0
0
0
-0.265837
-1.07551
-1.31078
-0.620784
0
0
0
0
0
0
0
0
0
0
-0.00479377
-0.949734
-1.35868
-0.709966
0
0
0
0
0
0
0
0
0
0
0
-0.886625
-1.39186
-0.772441
0
0
0
0
0
0
0
0
0
0
0
-0.940054
-1.39815
-0.777276
0
0
0
0
0
0
0
0
0
0
-0.0485999
-1.05364
-1.38733
-0.676146
0
0
0
0
0
0
0
0
0
0
-0.253242
-1.18772
-1.3715
-0.518137
0
0
0
0
0
0
0
0
0
0
-0.327182
-1.28251
-1.35477
-0.543118
0
0
0
0
0
0
0
0
0
0
-0.351981
-1.37041
-1.37047
-0.713624
0
0
0
0
0
0
0
0
0
0
-0.317313
-1.44327
-1.42469
-1.00834
0
0
0
0
0
0
0
0
0
0
-0.347981
-1.5562
-1.53243
-1.22553
0
0
0
0
0
0
0
0
0
0
-0.423943
-1.6487
-1.64683
-1.39093
-0.66633
0
0
0
0
0
0
0
0
0
-0.528517
-1.69894
-1.759
-1.45166
0
0
0
0
0
0
0
0
0
0
-0.608556
-1.74654
-1.85205
-1.44065
0
0
0
0
0
0
0
0
0
0
-0.67389
-1.82136
-1.89157
-1.42738
0
0
0
0
0
0
0
0
0
0
-0.811442
-1.83448
-1.7728
-1.30042
0
0
0
0
0
0
0
0
0
0
-0.933689
-1.73248
-1.65749
-1.15426
0
0
0
0
0
0
0
0
0
0
-0.916961
-1.50959
-1.41375
0
0
0
0
0
0
0
0
0
0
0
-0.760748
-1.22583
-1.28581
0
0
0
0
0
0
0
0
0
0
0
0
0
0
0
0
0
0
0
0
0
0
0
0
0
0
0
0
0
0
0
0
0
0
0
0
0
0
0
0
0
0
0
0
0
0
0
0
0
0
0
0
0
0
0
0
0
0
0
0
0
0
0
0
0
0
0
0
0
0
0
0
0
0
0
0
0
0
0
0
0
0
0
0
0
0
0
0
0
0
0
0
0
0
0
0
0
0
0
0
0
0
0
0
0
0
0
0
0
0
0
0
0
0
0
0
0
0
0
0
0
0
0
0
0
0
0
0
0
0
0
0
0
0
0
0
0
0
0
0
0
0
0
0
0
0
0
0
0
0
0
0
0
0
0
0
0
0
0
0
0
0
0
0
0
0
0
0
0
0
0
0
0
0
0
0
0
0
0
0
0
0
0
0
0
0
0
0
0
0
0
0
0
-0.788222
-1.44294
0
0
0
0
0
0
0
0
0
0
0
0
-1.07215
-1.64892
-0.974342
0
0
0
0
0
0
0
0
0
0
-0.714986
-1.30875
-1.80673
-1.02895
0
0
0
0
0
0
0
0
0
0
-0.676647
-1.3316
-1.72167
-1.12607
0
0
0
0
0
0
0
0
0
0
-0.546227
-1.33885
-1.56842
-1.2046
0
0
0
0
0
0
0
0
0
0
0
-1.30444
-1.35167
-1.21494
0
0
0
0
0
0
0
0
0
0
0
-1.27717
-1.26323
-1.09504
0
0
0
0
0
0
0
0
0
0
0
-1.19807
-1.21476
-0.951879
0
0
0
0
0
0
0
0
0
0
0
-0.935285
-1.14385
-0.899411
0
0
0
0
0
0
0
0
0
0
0
-0.583636
-0.999006
-0.899703
0
0
0
0
0
0
0
0
0
0
0
0
-0.768331
-0.937559
0
0
0
0
0
0
0
0
0
0
0
0
-0.658906
-0.999819
0
0
0
0
0
0
0
0
0
0
0
0
-0.635101
-1.0547
-0.501055
0
0
0
0
0
0
0
0
0
0
0
-0.766894
-1.09338
-0.517356
0
0
0
0
0
0
0
0
0
0
0
-0.932855
-1.11269
0
0
0
0
0
0
0
0
0
0
0
-0.169817
-1.10092
-1.12326
0
0
0
0
0
0
0
0
0
0
0
-0.253823
-1.20923
-1.11042
0
0
0
0
0
0
0
0
0
0
0
-0.295814
-1.30811
-1.1495
-0.546663
0
0
0
0
0
0
0
0
0
0
-0.282161
-1.39011
-1.25098
-0.862969
0
0
0
0
0
0
0
0
0
0
-0.350945
-1.50012
-1.42871
-1.04712
0
0
0
0
0
0
0
0
0
0
-0.41867
-1.5946
-1.60352
-1.17054
0
0
0
0
0
0
0
0
0
0
-0.44658
-1.64442
-1.70868
-1.24062
0
0
0
0
0
0
0
0
0
0
-0.426635
-1.69573
-1.74034
-1.2821
0
0
0
0
0
0
0
0
0
0
0
-1.72538
-1.76005
-1.29321
0
0
0
0
0
0
0
0
0
0
0
-1.66136
-1.68099
-1.18999
0
0
0
0
0
0
0
0
0
0
0
-1.57898
-1.5578
0
0
0
0
0
0
0
0
0
0
0
0
-1.35159
-1.34956
0
0
0
0
0
0
0
0
0
0
0
0
-1.09113
0
0
0
0
0
0
0
0
0
0
0
0
0
0
0
0
0
0
0
0
0
0
0
0
0
0
0
0
0
0
0
0
0
0
0
0
0
0
0
0
0
0
0
0
0
0
0
0
0
0
0
0
0
0
0
0
0
0
0
0
0
0
0
0
0
0
0
0
0
0
0
0
0
0
0
0
0
0
0
0
0
0
0
0
0
0
0
0
0
0
0
0
0
0
0
0
0
0
0
0
0
0
0
0
0
0
0
0
0
0
0
0
0
0
0
0
0
0
0
0
0
0
0
0
0
0
0
0
0
0
0
0
0
0
0
0
0
0
0
0
0
0
0
0
0
0
0
0
0
0
0
0
0
0
0
0
0
0
0
0
0
0
0
0
0
0
0
0
0
0
0
0
0
0
0
0
0
0
0
0
0
0
0
0
0
0
0
0
0
0
0
0
0
0
0
-1.32742
0
0
0
0
0
0
0
0
0
0
0
0
-0.922169
-1.46315
0
0
0
0
0
0
0
0
0
0
0
-0.689346
-1.14801
-1.56459
0
0
0
0
0
0
0
0
0
0
0
-0.578336
-1.21632
-1.40532
-0.960128
0
0
0
0
0
0
0
0
0
0
-0.413849
-1.19914
-1.26702
-1.01113
0
0
0
0
0
0
0
0
0
0
0
-1.14336
-1.03622
-1.03349
0
0
0
0
0
0
0
0
0
0
0
-1.13313
-0.917989
-0.95508
0
0
0
0
0
0
0
0
0
0
0
-1.09752
-0.861317
-0.823662
0
0
0
0
0
0
0
0
0
0
0
-0.857778
-0.823946
-0.689539
0
0
0
0
0
0
0
0
0
0
0
-0.504733
-0.730674
-0.60946
0
0
0
0
0
0
0
0
0
0
0
0
-0.57114
-0.588275
0
0
0
0
0
0
0
0
0
0
0
0
-0.542411
-0.644348
0
0
0
0
0
0
0
0
0
0
0
0
-0.572843
-0.704987
0
0
0
0
0
0
0
0
0
0
0
0
-0.698725
-0.760693
0
0
0
0
0
0
0
0
0
0
0
0
-0.841699
-0.797862
0
0
0
0
0
0
0
0
0
0
0
0
-0.981841
-0.827672
0
0
0
0
0
0
0
0
0
0
0
0
-1.1005
-0.833983
0
0
0
0
0
0
0
0
0
0
0
0
-1.20589
-0.915507
0
0
0
0
0
0
0
0
0
0
0
0
-1.30069
-1.07815
-0.565235
0
0
0
0
0
0
0
0
0
0
0
-1.4088
-1.31352
-0.746232
0
0
0
0
0
0
0
0
0
0
-0.412305
-1.51365
-1.49531
-0.903168
0
0
0
0
0
0
0
0
0
0
-0.410585
-1.5703
-1.56495
-1.01078
0
0
0
0
0
0
0
0
0
0
0
-1.57081
-1.60528
-1.06395
0
0
0
0
0
0
0
0
0
0
0
-1.51911
-1.65471
-1.11792
0
0
0
0
0
0
0
0
0
0
0
-1.46869
-1.57019
0
0
0
0
0
0
0
0
0
0
0
0
-1.40039
-1.50344
0
0
0
0
0
0
0
0
0
0
0
0
-1.20678
0
0
0
0
0
0
0
0
0
0
0
0
0
0
0
0
0
0
0
0
0
0
0
0
0
0
0
0
0
0
0
0
0
0
0
0
0
0
0
0
0
0
0
0
0
0
0
0
0
0
0
0
0
0
0
0
0
0
0
0
0
0
0
0
0
0
0
0
0
0
0
0
0
0
0
0
0
0
0
0
0
0
0
0
0
0
0
0
0
0
0
0
0
0
0
0
0
0
0
0
0
0
0
0
0
0
0
0
0
0
0
0
0
0
0
0
0
0
0
0
0
0
0
0
0
0
0
0
0
0
0
0
0
0
0
0
0
0
0
0
0
0
0
0
0
0
0
0
0
0
0
0
0
0
0
0
0
0
0
0
0
0
0
0
0
0
0
0
0
0
0
0
0
0
0
0
0
0
0
0
0
0
0
0
0
0
0
0
0
0
0
0
0
0
0
0
0
0
0
0
0
0
0
0
0
0
0
0
0
0
0
0
0
0
0
0
0
0
0
0
0
0
-0.783289
-1.26453
0
0
0
0
0
0
0
0
0
0
0
0
-0.942622
-1.29724
0
0
0
0
0
0
0
0
0
0
0
0
-0.995463
-1.07573
0
0
0
0
0
0
0
0
0
0
0
0
-1.03457
-0.853804
-0.8926
0
0
0
0
0
0
0
0
0
0
0
-0.979748
-0.608324
-0.898302
0
0
0
0
0
0
0
0
0
0
0
-0.946737
-0.539842
-0.769261
0
0
0
0
0
0
0
0
0
0
0
-0.906067
-0.512043
-0.621946
0
0
0
0
0
0
0
0
0
0
0
-0.661706
-0.515314
0
0
0
0
0
0
0
0
0
0
0
0
0
-0.477158
0
0
0
0
0
0
0
0
0
0
0
0
0
-0.404138
0
0
0
0
0
0
0
0
0
0
0
0
0
-0.458008
0
0
0
0
0
0
0
0
0
0
0
0
0
-0.532346
0
0
0
0
0
0
0
0
0
0
0
0
0
-0.626716
0
0
0
0
0
0
0
0
0
0
0
0
0
-0.717173
0
0
0
0
0
0
0
0
0
0
0
0
0
-0.807864
-0.515283
0
0
0
0
0
0
0
0
0
0
0
0
-0.942661
-0.545075
0
0
0
0
0
0
0
0
0
0
0
0
-1.06973
-0.657743
0
0
0
0
0
0
0
0
0
0
0
0
-1.19672
-0.843576
0
0
0
0
0
0
0
0
0
0
0
0
-1.31362
-1.09278
0
0
0
0
0
0
0
0
0
0
0
0
-1.40236
-1.29979
0
0
0
0
0
0
0
0
0
0
0
0
-1.39649
-1.41857
0
0
0
0
0
0
0
0
0
0
0
0
-1.34995
-1.49066
0
0
0
0
0
0
0
0
0
0
0
0
-1.31758
-1.53753
0
0
0
0
0
0
0
0
0
0
0
0
-1.26809
-1.52093
0
0
0
0
0
0
0
0
0
0
0
0
-1.21945
0
0
0
0
0
0
0
0
0
0
0
0
0
0
0
0
0
0
0
0
0
0
0
0
0
0
0
0
0
0
0
0
0
0
0
0
0
0
0
0
0
0
0
0
0
0
0
0
0
0
0
0
0
0
0
0
0
0
0
0
0
0
0
0
0
0
0
0
0
0
0
0
0
0
0
0
0
0
0
0
0
0
0
0
0
0
0
0
0
0
0
0
0
0
0
0
0
0
0
0
0
0
0
0
0
0
0
0
0
0
0
0
0
0
0
0
0
0
0
0
0
0
0
0
0
0
0
0
0
0
0
0
0
0
0
0
0
0
0
0
0
0
0
0
0
0
0
0
0
0
0
0
0
0
0
0
0
0
0
0
0
0
0
0
0
0
0
0
0
0
0
0
0
0
0
0
0
0
0
0
0
0
0
0
0
0
0
0
0
0
0
0
0
0
0
0
0
0
0
0
0
0
0
0
0
0
0
0
0
0
0
0
0
0
0
0
0
0
0
0
0
0
0
0
0
0
0
0
0
0
0
0
0
0
0
0
0
0
0
0
0
0
0
0
0
0
0
0
0
0
0
0
0
0
0
0
0
0
0
0
0
0
0
0
-0.721192
0
0
0
0
0
0
0
0
0
0
0
0
0
-0.732744
0
0
0
0
0
0
0
0
0
0
0
0
0
-0.732686
0
-0.835113
0
0
0
0
0
0
0
0
0
0
0
-0.74275
0
0
0
0
0
0
0
0
0
0
0
0
0
-0.696379
0
0
0
0
0
0
0
0
0
0
0
0
0
0
0
0
0
0
0
0
0
0
0
0
0
0
0
0
0
0
0
0
0
0
0
0
0
0
0
0
0
0
0
0
0
0
0
0
0
0
0
0
0
0
0
0
-0.570172
0
0
0
0
0
0
0
0
0
0
0
0
0
-0.659748
0
0
0
0
0
0
0
0
0
0
0
0
0
-0.698255
0
0
0
0
0
0
0
0
0
0
0
0
0
-0.702351
0
0
0
0
0
0
0
0
0
0
0
0
0
-0.703432
0
0
0
0
0
0
0
0
0
0
0
0
0
-0.82788
0
0
0
0
0
0
0
0
0
0
0
0
0
-0.947793
0
0
0
0
0
0
0
0
0
0
0
0
0
-1.05709
0
0
0
0
0
0
0
0
0
0
0
0
0
-1.10384
-0.81868
0
0
0
0
0
0
0
0
0
0
0
0
-1.12649
-1.08189
0
0
0
0
0
0
0
0
0
0
0
0
-1.11514
-1.22114
0
0
0
0
0
0
0
0
0
0
0
0
-1.09591
-1.32682
0
0
0
0
0
0
0
0
0
0
0
0
-1.05062
-1.46015
0
0
0
0
0
0
0
0
0
0
0
0
0
0
0
0
0
0
0
0
0
0
0
0
0
0
0
0
0
0
0
0
0
0
0
0
0
0
0
0
0
0
0
0
0
0
0
0
0
0
0
0
0
0
0
0
0
0
0
0
0
0
0
0
0
0
0
0
0
0
0
0
0
0
0
0
0
0
0
0
0
0
0
0
0
0
0
0
0
0
0
0
0
0
0
0
0
0
0
0
0
0
0
0
0
0
0
0
0
0
0
0
0
0
0
0
0
0
0
0
0
0
0
0
0
0
0
0
0
0
0
0
0
0
0
0
0
0
0
0
0
0
0
0
0
0
0
0
0
0
0
0
0
0
0
0
0
0
0
0
0
0
0
0
0
0
0
0
0
0
0
0
0
0
0
0
0
0
0
0
0
0
0
0
0
0
0
0
0
0
0
0
0
0
0
0
0
0
0
0
0
0
0
0
0
0
0
0
0
0
0
0
0
0
0
0
0
0
0
0
0
0
0
0
0
0
0
0
0
0
0
0
0
0
0
0
0
0
0
0
0
0
0
0
0
0
0
0
0
0
0
0
0
0
0
0
0
0
0
0
0
0
0
0
0
0
0
0
0
0
0
0
0
0
0
0
0
0
0
0
0
0
0
0
0
0
0
0
0
0
0
0
0
0
0
0
0
0
0
0
0
0
0
0
0
0
0
0
0
0
0
0
0
0
0
0
0
0
0
0
0
0
0
0
0
0
0
0
0
0
0
0
0
0
0
0
0
0
0
0
0
0
0
0
0
0
0
0
0
0
0
0
0
0
0
0
0
0
0
0
0
0
0
0
0
0
0
0
0
0
0
0
0
0
0
0
0
0
0
0
0
0
0
0
0
0
0
0
0
0
0
0
0
0
0
0
0
0
0
0
0
0
0
0
-0.60583
0
0
0
0
0
0
0
0
0
0
0
0
0
-0.709337
0
0
0
0
0
0
0
0
0
0
0
0
0
-0.72733
0
0
0
0
0
0
0
0
0
0
0
0
0
-0.66929
0
0
0
0
0
0
0
0
0
0
0
0
0
-0.579742
0
0
0
0
0
0
0
0
0
0
0
0
0
-0.647599
0
0
0
0
0
0
0
0
0
0
0
0
0
-0.722481
0
0
0
0
0
0
0
0
0
0
0
0
0
-0.813849
0
0
0
0
0
0
0
0
0
0
0
0
0
-0.847836
0
0
0
0
0
0
0
0
0
0
0
0
0
-0.878008
0
0
0
0
0
0
0
0
0
0
0
0
0
-0.862064
0
0
0
0
0
0
0
0
0
0
0
0
0
0
0
0
0
0
0
0
0
0
0
0
0
0
0
0
0
0
0
0
0
0
0
0
0
0
0
0
0
0
0
0
0
0
0
0
0
0
0
0
0
0
0
0
0
0
0
0
0
0
0
0
0
0
0
0
0
0
0
0
0
0
0
0
0
0
0
0
0
0
0
0
0
0
0
0
0
0
0
0
0
0
0
0
0
0
0
0
0
0
0
0
0
0
0
0
0
0
0
0
0
0
0
0
0
0
0
0
0
0
0
0
0
0
0
0
0
0
0
0
0
0
0
0
0
0
0
0
0
0
0
0
0
0
0
0
0
0
0
0
0
0
0
0
0
0
0
0
0
0
0
0
0
0
0
0
0
0
0
0
0
0
0
0
0
0
0
0
0
0
0
0
0
0
0
0
0
0
0
0
0
0
0
0
0
0
0
0
0
0
0
0
0
0
0
0
0
0
0
0
0
0
0
0
0
0
0
0
0
0
0
0
0
0
0
0
0
0
0
0
0
0
0
0
0
0
0
0
0
0
0
0
0
0
0
0
0
0
0
0
0
0
0
0
0
0
0
0
0
0
0
0
0
0
0
0
0
0
0
0
0
0
0
0
0
0
0
0
0
0
0
0
0
0
0
0
0
0
0
0
0
0
0
0
0
0
0
0
0
0
0
0
0
0
0
0
0
0
0
0
0
0
0
0
0
0
0
0
0
0
0
0
0
0
0
0
0
0
0
0
0
0
0
0
0
0
0
0
0
0
0
0
0
0
0
0
0
0
0
0
0
0
0
0
0
0
0
0
0
0
0
0
0
0
0
0
0
0
0
0
0
0
0
0
0
0
0
0
0
0
0
0
0
0
0
0
0
0
0
0
0
0
0
0
0
0
0
0
0
0
0
0
0
0
0
0
0
0
0
0
0
0
0
0
0
0
0
0
0
0
0
0
0
0
0
0
0
0
0
0
0
0
0
0
0
0
0
0
0
0
0
0
0
0
0
-0.680873
0
0
0
0
0
0
0
0
0
0
0
0
0
-0.686878
0
0
0
0
0
0
0
0
0
0
0
0
0
0
0
0
0
0
0
0
0
0
0
0
0
0
0
0
0
0
0
0
0
0
0
0
0
0
0
0
0
0
0
0
0
0
0
0
0
0
0
0
0
0
0
0
0
0
0
0
0
0
0
0
0
0
0
0
0
0
0
0
0
0
0
0
0
0
0
0
0
0
0
0
0
0
0
0
0
0
0
0
0
0
0
0
0
0
0
0
0
0
0
0
0
0
0
0
0
0
0
0
0
0
0
0
0
0
0
0
0
0
0
0
0
0
0
0
0
0
0
0
0
0
0
0
0
0
0
0
0
0
0
0
0
0
0
0
0
0
0
0
0
0
0
0
0
0
0
0
0
0
0
0
0
0
0
0
0
0
0
0
0
0
0
0
0
0
0
0
0
0
0
0
0
0
0
0
0
0
0
0
0
0
0
0
0
0
0
0
0
0
0
0
0
0
0
0
0
0
0
0
0
0
0
0
0
0
0
0
0
0
0
0
0
0
0
0
0
0
0
0
0
0
0
0
0
0
0
0
0
0
0
0
0
0
0
0
0
0
0
0
0
0
0
0
0
0
0
0
0
0
0
0
0
0
0
0
0
0
0
0
0
0
0
0
0
0
0
0
0
0
0
0
0
0
0
0
0
0
0
0
0
0
0
0
0
0
0
0
0
0
0
0
0
0
0
0
0
0
0
0
0
0
0
0
0
0
0
0
0
0
0
0
0
0
0
0
0
0
0
0
0
0
0
0
0
0
0
0
0
0
0
0
0
0
0
0
0
0
0
0
0
0
0
0
0
0
0
0
0
0
0
0
0
0
0
0
0
0
0
0
0
0
0
0
0
0
0
0
0
0
0
0
0
0
0
0
0
0
0
0
0
0
0
0
0
0
0
0
0
0
0
0
0
0
0
0
0
0
0
0
0
0
0
0
0
0
0
0
0
0
0
0
0
0
0
0
0
0
0
0
0
0
0
0
0
0
0
0
0
0
0
0
0
0
0
0
0
0
0
0
0
0
0
0
0
0
0
0
0
0
0
0
0
0
0
0
0
0
0
0
0
0
0
0
0
0
0
0
0
0
0
0
0
0
0
0
0
0
0
0
0
0
0
0
0
0
0
0
0
0
0
0
0
0
0
0
0
0
0
0
0
0
0
0
0
0
0
0
0
0
0
0
0
0
0
0
0
0
0
0
0
0
0
0
0
0
0
0
0
0
0
0
0
0
0
0
0
0
0
0
0
0
0
0
0
0
0
0
0
0
0
0
0
0
0
0
0
0
0
0
0
0
0
0
0
0
0
0
0
0
0
0
0
0
0
0
0
0
0
0
0
0
0
0
0
0
0
0
0
0
0
0
0
0
0
0
0
0
0
0
0
0
0
0
0
0
0
0
0
0
0
0
0
0
0
0
0
0
0
0
0
0
0
0
0
0
0
0
0
0
0
0
0
0
0
0
0
0
0
0
0
0
0
0
0
0
0
0
0
0
0
0
0
0
0
0
0
0
0
0
0
0
0
0
0
0
0
0
0
0
0
0
0
0
0
0
0
0
0
0
0
0
0
0
0
0
0
0
0
0
0
0
0
0
0
0
0
0
0
0
0
0
0
0
0
0
0
0
0
0
0
0
0
0
0
0
0
0
0
0
0
0
0
0
0
0
0
0
0
0
0
0
0
0
0
0
0
0
0
0
0
0
0
0
0
0
0
0
0
0
0
0
0
0
0
0
0
0
0
0
0
0
0
0
0
0
0
0
0
0
0
0
0
0
0
0
0
0
0
0
0
0
0
0
0
0
0
0
0
0
0
0
0
0
0
0
0
0
0
0
0
0
0
0
0
0
0
0
0
0
0
0
0
0
0
0
0
0
0
0
0
0
0
0
0
0
0
0
0
0
0
0
0
0
0
0
0
0
0
0
0
0
0
0
0
0
0
0
0
0
0
0
0
0
0
0
0
0
0
0
0
0
0
0
0
0
0
0
0
0
0
0
0
0
0
0
0
0
0
0
0
0
0
0
0
0
0
0
0
0
0
0
0
0
0
0
0
0
0
0
0
0
0
0
0
0
0
0
0
0
0
0
0
0
0
0
0
0
0
0
0
0
0
0
0
0
0
0
0
0
0
0
0
0
0
0
0
0
0
0
0
0
0
0
0
0
0
0
0
0
0
0
0
0
0
0
0
0
0
0
0
0
0
0
0
0
0
0
0
0
0
0
0
0
0
0
0
0
0
0
0
0
0
0
0
0
0
0
0
0
0
0
0
0
0
0
0
0
0
0
0
0
0
0
0
0
0
0
0
0
0
0
0
0
0
0
0
0
0
0
0
0
0
0
0
0
0
0
0
0
0
0
0
0
0
0
0
0
0
0
0
0
0
0
0
0
0
0
0
0
0
0
0
0
0
0
0
0
0
0
0
0
0
0
0
0
0
0
0
0
0
0
0
0
0
0
0
0
0
0
0
0
0
0
0
0
0
0
0
0
0
0
0
0
0
0
0
0
0
0
0
0
0
0
0
0
0
0
0
0
0
0
0
0
0
0
0
0
0
0
0
0
0
0
0
0
0
0
0
0
0
0
0
0
0
0
0
0
0
0
0
0
0
0
0
0
0
0
0
0
0
0
0
0
0
0
0
0
0
0
0
0
0
0
0
0
0
0
0
0
0
0
0
0
0
0
0
0
0
0
0
0
0
0
0
0
0
0
0
0
0
0
0
0
0
0
0
0
0
0
0
0
0
0
0
0
0
0
0
0
0
0
0
0
0
0
0
0
0
0
0
0
0
0
0
0
0
0
0
0
0
0
0
0
0
0
0
0
0
0
0
0
0
0
0
0
0
0
0
0
0
0
0
0
0
0
0
0
0
0
0
0
0
0
0
0
0
0
0
0
0
0
0
0
0
0
0
0
0
0
0
0
0
0
0
0
0
0
0
0
0
0
0
0
0
0
0
0
0
0
0
0
0
0
0
0
0
0
0
0
0
0
0
0
0
0
0
0
0
0
0
0
0
0
0
0
0
0
0
0
0
0
0
0
0
0
0
0
0
0
0
0
0
0
0
0
0
0
0
0
0
0
0
0
0
0
0
0
0
0
0
0
0
0
0
0
0
0
0
0
0
0
0
0
0
0
0
0
0
0
0
0
0
0
0
0
0
0
0
0
0
0
0
0
0
0
0
0
0
0
0
0
0
0
0
0
0
0
0
0
0
0
0
0
0
0
0
0
0
0
0
0
0
0
0
0
0
0
0
0
0
0
0
0
0
0
0
0
0
0
0
0
0
0
0
0
0
0
0
0
0
0
0
0
0
0
0
0
0
0
0
0
0
0
0
0
0
0
0
0
0
0
0
0
0
0
0
0
0
0
0
0
0
0
0
0
0
0
0
0
0
0
0
0
0
0
0
0
0
0
0
0
0
0
0
0
0
0
0
0
0
0
0
0
0
0
0
0
0
0
0
0
0
0
0
0
0
0
0
0
0
0
0
0
0
0
0
0
0
0
0
0
0
0
0
0
0
0
0
0
0
0
0
0
0
0
0
0
0
0
0
0
0
0
0
0
0
0
0
0
0
0
0
0
0
0
0
0
0
0
0
0
0
0
0
0
0
0
0
0
0
0
0
0
0
0
0
0
0
0
0
0
0
0
0
0
0
0
0
0
0
0
0
0
0
0
0
0
0
0
0
0
0
0
0
0
0
0
0
0
0
0
0
0
0
0
0
0
0
0
0
0
0
0
0
0
0
0
0
0
0
0
0
0
0
0
0
0
0
0
0
0
0
0
0
0
0
0
0
0
0
0
0
0
0
0
0
0
0
0
0
0
0
0
0
0
0
0
0
0
0
0
0
0
0
0
0
0
0
0
0
0
0
0
0
0
0
0
0
0
0
0
0
0
0
0
0
0
0
0
0
0
0
0
0
0
0
0
0
0
0
0
0
0
0
0
0
0
0
0
0
0
0
0
0
0
0
0
0
0
0
0
0
0
0
0
0
0
0
0
0
0
0
0
0
0
0
0
0
0
0
0
0
0
0
0
0
0
0
0
0
0
0
0
0
0
0
0
0
0
0
0
0
0
0
0
0
0
0
0
0
0
0
0
0
0
0
0
0
0
0
0
0
0
0
0
0
0
0
0
0
0
0
0
0
0
0
0
0
0
0
0
0
0
0
0
0
0
0
0
0
0
0
0
0
0
0
0
0
0
0
0
0
0
0
0
0
0
0
0
0
0
0
0
0
0
0
0
0
0
0
0
0
0
0
0
0
0
0
0
0
0
0
0
0
0
0
0
0
0
0
0
0
0
0
0
0
0
0
0
0
0
0
0
0
0
0
0
0
0
0
0
0
0
0
0
0
0
0
0
0
0
0
0
0
0
0
0
0
0
0
0
0
0
0
0
0
0
0
0
0
0
0
0
0
0
0
0
0
0
0
0
0
0
0
0
0
0
0
0
0
0
0
0
0
0
0
0
0
0
0
0
0
0
0
0
0
0
0
0
0
0
0
0
0
0
0
0
0
0
0
0
0
0
0
0
0
0
0
0
0
0
0
0
0
0
0
0
0
0
0
0
0
0
0
0
0
0
0
0
0
0
0
0
0
0
0
0
0
0
0
0
0
0
0
0
0
0
0
0
0
0
0
0
0
0
0
0
0
0
0
0
0
0
0
0
0
0
0
0
0
0
0
0
0
0
0
0
0
0
0
0
0
0
0
0
0
0
0
0
0
0
0
0
0
0
0
0
0
0
0
0
0
0
0
0
0
0
0
0
0
0
0
0
0
0
0
0
0
0
0
0
0
0
0
0
0
0
0
0
0
0
0
0
0
0
0
0
0
0
0
0
0
0
0
0
0
0
0
0
0
0
0
0
0
0
0
0
0
0
0
0
0
0
0
0
0
0
0
0
0
0
0
0
0
0
0
0
0
0
0
0
0
0
0
0
0
0
0
0
0
0
0
0
0
0
0
0
0
0
0
0
0
0
0
0
0
0
0
0
0
0
0
0
0
0
0
0
0
0
0
0
0
0
0
0
0
0
0
0
0
0
0
0
0
0
0
0
0
0
0
0
0
0
0
0
0
0
0
0
0
0
0
0
0
0
0
0
0
0
0
0
0
0
0
0
0
0
0
0
0
0
0
0
0
0
0
0
0
0
0
0
0
0
0
0
0
0
0
0
0
0
0
0
0
0
0
0
0
0
0
0
0
0
0
0
0
0
0
0
0
0
0
0
0
0
0
0
0
0
0
0
0
0
0
0
0
0
0
0
0
0
0
0
0
0
0
0
0
0
0
0
0
0
0
0
0
0
0
0
0
0
0
0
0
0
0
0
0
0
0
0
0
0
0
0
0
0
0
0
0
0
0
0
0
0
0
0
0
0
0
0
0
0
0
0
0
0
0
0
0
0
0
0
0
0
0
0
0
0
0
0
0
0
0
0
0
0
0
0
0
0
0
0
0
0
0
0
0
0
0
0
0
0
0
0
0
0
0
0
0
0
0
0
0
0
0
0
0
0
0
0
0
0
0
0
0
0
0
0
0
0
0
0
0
0
0
0
0
0
0
0
0
0
0
0
0
0
0
0
0
0
0
0
0
0
0
0
0
0
0
0
0
0
0
0
0
0
0
0
0
0
0
0
0
0
0
0
0
0
0
0
0
0
0
0
0
0
0
0
0
0
0
0
0
0
0
0
0
0
0
0
0
0
0
0
0
0
0
0
0
0
0
0
0
0
0
0
0
0
0
0
0
0
0
0
0
0
0
0
0
0
0
0
0
0
0
0
0
0
0
0
0
0
0
0
0
0
0
0
0
0
0
0
0
0
0
0
0
0
0
