41 41 16
0.2 0.2 0.2
-4 -4 -5
0
0
0
0
0
0
0
0
0
0
0
0
0
0
0
0
0
0
0
0
0
0
0
0
0
0
0
0
0
0
0
0
0
0
0
0
0
0
0
0
0
0
0
0
0
0
0
0
0
0
0
0
0
0
0
0
0
0
0
0
0
0
0
0
0
0
0
0
0
0
0
0
0
0
0
0
0
0
0
0
0
0
0
0
0
0
0
0
0
0
0
0
0
0
0
0
0
0
0
0
0
0
0
0
0
0
0
0
0
0
0
0
0
0
0
0
0
0
0
0
0
0
0
0
0
0
0
0
0
0
0
0
0
0
0
0
0
0
0
0
0
0
0
0
0
0
0
0
0
0
0
0
0
0
0
0
0
0
0
0
0
0
0
0
0
0
0
0
0
0
0
0
0
0
0
0
0
0
0
0
0
0
0
0
0
0
0
0
0
0
0
0
0
0
0
0
0
0
0
-3.11544
-2.36672
0
0
0
0
0
0
0
0
0
0
0
0
0
0
-3.28475
-2.60168
0
0
0
0
0
0
0
0
0
0
0
0
0
0
-3.39639
-2.72891
0
0
0
0
0
0
0
0
0
0
0
0
0
0
-3.48399
-2.80929
0
0
0
0
0
0
0
0
0
0
0
0
0
0
-3.46567
-2.75221
0
0
0
0
0
0
0
0
0
0
0
0
0
0
-3.43655
-2.68217
0
0
0
0
0
0
0
0
0
0
0
0
0
-2.28895
-3.30167
-2.50533
0
0
0
0
0
0
0
0
0
0
0
0
0
-2.32944
-3.15814
-2.31975
0
0
0
0
0
0
0
0
0
0
0
0
0
-2.30953
-2.92606
-2.09057
-1.15232
0
0
0
0
0
0
0
0
0
0
0
0
-2.2958
-2.64754
-1.82972
-1.36264
0
0
0
0
0
0
0
0
0
0
0
0
0
-2.33411
0
-1.47626
0
0
0
0
0
0
0
0
0
0
0
0
0
0
0
-1.58516
0
0
0
0
0
0
0
0
0
0
0
0
0
0
0
-1.54135
0
0
0
0
0
0
0
0
0
0
0
0
0
0
0
-1.48619
0
0
0
0
0
0
0
0
0
0
0
0
0
0
0
0
0
0
0
0
0
0
0
0
0
0
0
0
0
0
0
0
0
0
0
0
0
0
0
0
0
0
0
0
0
0
0
0
0
0
0
0
0
0
0
0
0
0
0
0
0
0
0
0
0
0
0
0
0
0
0
0
0
0
0
0
0
0
0
0
0
0
0
0
0
0
0
0
0
0
0
0
0
0
0
0
0
0
0
0
0
0
0
0
0
0
0
0
0
0
0
0
0
0
0
0
0
0
0
0
0
0
0
0
0
0
0
0
0
0
0
0
0
0
0
0
0
0
0
0
0
0
0
0
0
0
0
0
0
0
0
0
0
0
0
0
0
0
0
0
0
0
0
0
0
0
0
0
0
0
0
0
0
0
0
0
0
0
0
0
0
0
0
0
0
0
0
0
0
0
0
0
0
0
0
0
0
0
0
0
0
0
0
0
0
0
0
0
0
0
0
0
0
0
0
0
0
0
0
0
0
0
0
0
0
0
0
0
0
0
0
0
0
0
0
0
0
0
0
0
0
0
0
0
0
0
0
0
0
0
0
0
0
0
0
0
0
0
0
0
0
0
0
0
0
0
0
0
0
0
0
0
0
0
0
0
0
0
0
0
0
0
0
0
0
0
0
0
0
0
0
0
0
0
0
0
0
0
0
0
0
0
0
0
0
0
0
0
0
0
0
0
0
0
0
0
0
0
0
0
0
0
0
0
0
0
0
0
0
0
0
0
0
0
0
0
0
0
0
0
0
0
0
0
0
0
0
0
0
0
0
0
0
0
0
0
0
0
0
0
0
0
0
0
0
0
0
0
0
0
0
0
0
0
0
0
0
0
0
0
0
0
0
0
0
0
0
0
0
0
0
0
0
0
0
0
0
0
0
0
0
0
0
0
0
0
0
0
0
0
0
0
0
-2.52223
0
0
0
0
0
0
0
0
0
0
0
0
0
0
0
-2.79504
-2.03405
0
0
0
0
0
0
0
0
0
0
0
0
0
0
-3.04982
-2.3046
0
0
0
0
0
0
0
0
0
0
0
0
0
-2.34217
-3.23585
-2.48177
0
0
0
0
0
0
0
0
0
0
0
0
0
-2.29667
-3.32756
-2.55241
0
0
0
0
0
0
0
0
0
0
0
0
0
-2.25643
-3.38087
-2.5899
0
0
0
0
0
0
0
0
0
0
0
0
0
-2.24422
-3.32997
-2.51199
0
0
0
0
0
0
0
0
0
0
0
0
0
-2.24455
-3.27297
-2.43764
0
0
0
0
0
0
0
0
0
0
0
0
0
-2.27067
-3.12314
-2.27106
0
0
0
0
0
0
0
0
0
0
0
0
0
-2.31038
-2.97486
-2.10037
-0.900945
0
0
0
0
0
0
0
0
0
0
0
0
-2.29046
-2.74869
-1.88741
-1.14557
0
0
0
0
0
0
0
0
0
0
0
0
-2.28013
-2.48938
-1.64637
-1.34602
0
0
0
0
0
0
0
0
0
0
0
0
-2.14927
-2.20088
-1.41596
-1.43424
-0.759918
0
0
0
0
0
0
0
0
0
0
0
0
-1.81143
0
-1.50634
-0.927002
0
0
0
0
0
0
0
0
0
0
0
0
0
0
-1.42029
-0.956974
0
0
0
0
0
0
0
0
0
0
0
0
0
0
-1.32279
-0.970324
0
0
0
0
0
0
0
0
0
0
0
0
0
0
-1.13851
-0.888905
0
0
0
0
0
0
0
0
0
0
0
0
0
0
0
0
0
0
0
0
0
0
0
0
0
0
0
0
0
0
0
0
0
0
0
0
0
0
0
0
0
0
0
0
0
0
0
0
0
0
0
0
0
0
0
0
0
0
0
0
0
0
0
0
0
0
0
0
0
0
0
0
0
0
0
0
0
0
0
0
0
0
0
0
0
0
0
0
0
0
0
0
0
0
0
0
0
0
0
0
0
0
0
0
0
0
0
0
0
0
0
0
0
0
0
0
0
0
0
0
0
0
0
0
0
0
0
0
0
0
0
0
0
0
0
0
0
0
0
0
0
0
0
0
0
0
0
0
0
0
0
0
0
0
0
0
0
0
0
0
0
0
0
0
0
0
0
0
0
0
0
0
0
0
0
0
0
0
0
0
0
0
0
0
0
0
0
0
0
0
0
0
0
0
0
0
0
0
0
0
0
0
0
0
0
0
0
0
0
0
0
0
0
0
0
0
0
0
0
0
0
0
0
0
0
0
0
0
0
0
0
0
0
0
0
0
0
0
0
0
0
0
0
0
0
0
0
0
0
0
0
0
0
0
0
0
0
0
0
0
0
0
0
0
0
0
0
0
0
0
0
0
0
0
0
0
0
0
0
0
0
0
0
0
0
0
0
0
0
0
0
0
0
0
0
0
0
0
0
0
0
0
0
0
0
0
0
0
0
0
0
0
0
0
0
0
0
0
0
0
0
0
0
0
0
0
0
0
0
0
0
0
0
0
0
0
0
0
0
0
0
0
0
0
0
0
0
0
0
0
0
0
0
0
0
0
0
0
0
0
0
0
0
0
0
0
0
0
0
0
0
0
0
0
0
0
0
0
0
0
0
0
0
0
0
0
0
0
0
0
0
0
0
0
0
0
-2.44875
0
0
0
0
0
0
0
0
0
0
0
0
0
0
-2.46289
-2.71677
-1.86119
0
0
0
0
0
0
0
0
0
0
0
0
0
-2.43825
-2.91315
-2.04336
0
0
0
0
0
0
0
0
0
0
0
0
0
-2.38064
-3.03018
-2.17625
0
0
0
0
0
0
0
0
0
0
0
0
0
-2.28491
-3.0585
-2.25167
0
0
0
0
0
0
0
0
0
0
0
0
0
-2.18083
-3.0661
-2.32446
0
0
0
0
0
0
0
0
0
0
0
0
0
-2.12363
-2.99893
-2.29939
0
0
0
0
0
0
0
0
0
0
0
0
0
-2.08829
-2.94252
-2.27421
0
0
0
0
0
0
0
0
0
0
0
0
0
-2.09926
-2.81128
-2.15872
-0.862333
0
0
0
0
0
0
0
0
0
0
0
0
-2.13243
-2.68574
-2.03275
-1.05441
0
0
0
0
0
0
0
0
0
0
0
0
-2.11441
-2.48174
-1.85756
-1.29052
0
0
0
0
0
0
0
0
0
0
0
0
-2.11352
-2.24996
-1.65602
-1.48251
-0.575806
0
0
0
0
0
0
0
0
0
0
0
-2.00344
-1.98163
-1.43763
-1.55417
-0.791372
0
0
0
0
0
0
0
0
0
0
0
-1.88391
-1.63686
-1.17341
-1.60497
-0.963112
0
0
0
0
0
0
0
0
0
0
0
0
-1.36899
-0.926566
-1.49449
-1.00178
0
0
0
0
0
0
0
0
0
0
0
0
0
0
-1.35692
-1.01883
0
0
0
0
0
0
0
0
0
0
0
0
0
0
-1.12887
-0.926086
0
0
0
0
0
0
0
0
0
0
0
0
0
0
-0.876707
-0.799362
0
0
0
0
0
0
0
0
0
0
0
0
0
0
0
0
0
0
0
0
0
0
0
0
0
0
0
0
0
0
0
0
0
0
0
0
0
0
0
0
0
0
0
0
0
0
0
0
0
0
0
0
0
0
0
0
0
0
0
0
0
0
0
0
0
0
0
0
0
0
0
0
0
0
0
0
0
0
0
0
0
0
0
0
0
0
0
0
0
0
0
0
0
0
0
0
0
0
0
0
0
0
0
0
0
0
0
0
0
0
0
0
0
0
0
0
0
0
0
0
0
0
0
0
0
0
0
0
0
0
0
0
0
0
0
0
0
0
0
0
0
0
0
0
0
0
0
0
0
0
0
0
0
0
0
0
0
0
0
0
0
0
0
0
0
0
0
0
0
0
0
0
0
0
0
0
0
0
0
0
0
0
0
0
0
0
0
0
0
0
0
0
0
0
0
0
0
0
0
0
0
0
0
0
0
0
0
0
0
0
0
0
0
0
0
0
0
0
0
0
0
0
0
0
0
0
0
0
0
0
0
0
0
0
0
0
0
0
0
0
0
0
0
0
0
0
0
0
0
0
0
0
0
0
0
0
0
0
0
0
0
0
0
0
0
0
0
0
0
0
0
0
0
0
0
0
0
0
0
0
0
0
0
0
0
0
0
0
0
0
0
0
0
0
0
0
0
0
0
0
0
0
0
0
0
0
0
0
0
0
0
0
0
0
0
0
0
0
0
0
0
0
0
0
0
0
0
0
0
0
0
0
0
0
0
0
0
0
0
0
0
0
0
0
0
0
0
0
0
0
0
0
0
0
0
0
0
0
0
0
0
0
0
-2.31959
0
0
0
0
0
0
0
0
0
0
0
0
0
0
0
-2.42422
-2.32828
-1.44624
0
0
0
0
0
0
0
0
0
0
0
0
0
-2.47322
-2.51828
-1.57868
0
0
0
0
0
0
0
0
0
0
0
0
0
-2.40017
-2.6377
-1.78139
0
0
0
0
0
0
0
0
0
0
0
0
0
-2.27382
-2.71612
-1.97995
0
0
0
0
0
0
0
0
0
0
0
0
0
-2.10859
-2.74983
-2.12811
0
0
0
0
0
0
0
0
0
0
0
0
0
-1.94673
-2.79082
-2.25794
0
0
0
0
0
0
0
0
0
0
0
0
0
-1.86248
-2.77155
-2.27529
-0.615384
0
0
0
0
0
0
0
0
0
0
0
0
-1.81808
-2.75857
-2.27572
-0.704438
0
0
0
0
0
0
0
0
0
0
0
0
-1.83671
-2.66764
-2.18439
-0.927633
0
0
0
0
0
0
0
0
0
0
0
0
-1.87878
-2.57261
-2.08099
-1.1228
0
0
0
0
0
0
0
0
0
0
0
0
-1.86683
-2.38923
-1.92877
-1.35076
0
0
0
0
0
0
0
0
0
0
0
0
-1.86779
-2.17297
-1.7566
-1.53969
-0.542181
0
0
0
0
0
0
0
0
0
0
0
-1.75867
-1.90505
-1.55408
-1.60901
-0.754
0
0
0
0
0
0
0
0
0
0
0
-1.64313
-1.56283
-1.30892
-1.66255
-0.925391
0
0
0
0
0
0
0
0
0
0
0
-1.45171
-1.28179
-1.05799
-1.5638
-0.969837
0
0
0
0
0
0
0
0
0
0
0
0
-0.942372
-0.752677
-1.43815
-0.998406
0
0
0
0
0
0
0
0
0
0
0
0
0
0
-1.22169
-0.925332
0
0
0
0
0
0
0
0
0
0
0
0
0
0
-0.963009
-0.821293
0
0
0
0
0
0
0
0
0
0
0
0
0
0
0
0
0
0
0
0
0
0
0
0
0
0
0
0
0
0
0
0
0
0
0
0
0
0
0
0
0
0
0
0
0
0
0
0
0
0
0
0
0
0
0
0
0
0
0
0
0
0
0
0
0
0
0
0
0
0
0
0
0
0
0
0
0
0
0
0
0
0
0
0
0
0
0
0
0
0
0
0
0
0
0
0
0
0
0
0
0
0
0
0
0
0
0
0
0
0
0
0
0
0
0
0
0
0
0
0
0
0
0
0
0
0
0
0
0
0
0
0
0
0
0
0
0
0
0
0
0
0
0
0
0
0
0
0
0
0
0
0
0
0
0
0
0
0
0
0
0
0
0
0
0
0
0
0
0
0
0
0
0
0
0
0
0
0
0
0
0
0
0
0
0
0
0
0
0
0
0
0
0
0
0
0
0
0
0
0
0
0
0
0
0
0
0
0
0
0
0
0
0
0
0
0
0
0
0
0
0
0
0
0
0
0
0
0
0
0
0
0
0
0
0
0
0
0
0
0
0
0
0
0
0
0
0
0
0
0
0
0
0
0
0
0
0
0
0
0
0
0
0
0
0
0
0
0
0
0
0
0
0
0
0
0
0
0
0
0
0
0
0
0
0
0
0
0
0
0
0
0
0
0
0
0
0
0
0
0
0
0
0
0
0
0
0
0
0
0
0
0
0
0
0
0
0
0
0
0
0
0
0
0
0
0
0
0
0
0
0
0
0
0
0
0
0
0
0
0
0
0
0
0
0
0
0
0
0
0
0
0
0
0
0
0
0
0
0
0
0
0
0
-2.31262
-1.81824
0
0
0
0
0
0
0
0
0
0
0
0
0
0
-2.37611
-2.02673
-1.14328
0
0
0
0
0
0
0
0
0
0
0
0
0
-2.35499
-2.16388
-1.3349
0
0
0
0
0
0
0
0
0
0
0
0
0
-2.20466
-2.29063
-1.60189
0
0
0
0
0
0
0
0
0
0
0
0
0
-2.02427
-2.42055
-1.84446
0
0
0
0
0
0
0
0
0
0
0
0
0
-1.84045
-2.51468
-2.00972
0
0
0
0
0
0
0
0
0
0
0
0
0
-1.68424
-2.60352
-2.13466
0
0
0
0
0
0
0
0
0
0
0
0
0
-1.62675
-2.62534
-2.15497
-0.547
0
0
0
0
0
0
0
0
0
0
0
0
-1.60924
-2.63846
-2.15986
-0.65826
0
0
0
0
0
0
0
0
0
0
0
0
-1.65677
-2.5754
-2.0957
-0.902035
0
0
0
0
0
0
0
0
0
0
0
0
-1.71727
-2.5064
-2.03033
-1.11091
0
0
0
0
0
0
0
0
0
0
0
0
-1.72018
-2.35079
-1.92005
-1.32411
0
0
0
0
0
0
0
0
0
0
0
0
-1.72498
-2.17137
-1.80439
-1.50219
-0.434723
0
0
0
0
0
0
0
0
0
0
0
-1.61976
-1.93704
-1.64136
-1.55725
-0.626345
0
0
0
0
0
0
0
0
0
0
0
-1.50278
-1.6476
-1.45293
-1.6012
-0.778558
0
0
0
0
0
0
0
0
0
0
0
-1.30778
-1.40167
-1.24773
-1.51102
-0.808699
0
0
0
0
0
0
0
0
0
0
0
-1.07752
-1.1147
-1.00643
-1.40433
-0.826931
0
0
0
0
0
0
0
0
0
0
0
0
-0.95448
-0.826092
-1.23751
-0.755935
0
0
0
0
0
0
0
0
0
0
0
0
0
0
-1.05008
-0.666193
0
0
0
0
0
0
0
0
0
0
0
0
0
0
-0.904086
-0.508568
0
0
0
0
0
0
0
0
0
0
0
0
0
0
-0.75238
0
0
0
0
0
0
0
0
0
0
0
0
0
0
0
0
0
0
0
0
0
0
0
0
0
0
0
0
0
0
0
0
0
0
0
0
0
0
0
0
0
0
0
0
0
0
0
0
0
0
0
0
0
0
0
0
0
0
0
0
0
0
0
0
0
0
0
0
0
0
0
0
0
0
0
0
0
0
0
0
0
0
0
0
0
0
0
0
0
0
0
0
0
0
0
0
0
0
0
0
0
0
0
0
0
0
0
0
0
0
0
0
0
0
0
0
0
0
0
0
0
0
0
0
0
0
0
0
0
0
0
0
0
0
0
0
0
0
0
0
0
0
0
0
0
0
0
0
0
0
0
0
0
0
0
0
0
0
0
0
0
0
0
0
0
0
0
0
0
0
0
0
0
0
0
0
0
0
0
0
0
0
0
0
0
0
0
0
0
0
0
0
0
0
0
0
0
0
0
0
0
0
0
0
0
0
0
0
0
0
0
0
0
0
0
0
0
0
0
0
0
0
0
0
0
0
0
0
0
0
0
0
0
0
0
0
0
0
0
0
0
0
0
0
0
0
0
0
0
0
0
0
0
0
0
0
0
0
0
0
0
0
0
0
0
0
0
0
0
0
0
0
0
0
0
0
0
0
0
0
0
0
0
0
0
0
0
0
0
0
0
0
0
0
0
0
0
0
0
0
0
0
0
0
0
0
0
0
0
0
0
0
0
0
0
0
-2.07896
0
0
0
0
0
0
0
0
0
0
0
0
0
0
0
-2.21894
-1.53487
0
0
0
0
0
0
0
0
0
0
0
0
0
0
-2.20419
-1.72977
-1.01353
0
0
0
0
0
0
0
0
0
0
0
0
0
-2.13173
-1.92868
-1.25962
0
0
0
0
0
0
0
0
0
0
0
0
0
-1.98302
-2.12472
-1.52542
0
0
0
0
0
0
0
0
0
0
0
0
0
-1.84464
-2.30359
-1.73859
0
0
0
0
0
0
0
0
0
0
0
0
0
-1.71161
-2.4162
-1.87424
0
0
0
0
0
0
0
0
0
0
0
0
0
-1.59359
-2.50005
-1.97707
-0.347326
0
0
0
0
0
0
0
0
0
0
0
0
-1.5656
-2.51806
-2.0002
-0.486386
0
0
0
0
0
0
0
0
0
0
0
0
-1.56379
-2.52689
-2.01522
-0.630684
0
0
0
0
0
0
0
0
0
0
0
0
-1.62459
-2.47363
-1.98223
-0.901721
0
0
0
0
0
0
0
0
0
0
0
0
-1.69194
-2.42056
-1.95358
-1.1277
0
0
0
0
0
0
0
0
0
0
0
0
-1.70387
-2.2871
-1.87806
-1.33216
0
0
0
0
0
0
0
0
0
0
0
0
-1.71483
-2.14056
-1.80257
-1.49968
-0.402572
0
0
0
0
0
0
0
0
0
0
0
-1.6203
-1.93982
-1.66328
-1.53672
-0.577691
0
0
0
0
0
0
0
0
0
0
0
-1.51062
-1.70249
-1.50721
-1.56155
-0.713349
0
0
0
0
0
0
0
0
0
0
0
-1.31523
-1.50196
-1.32731
-1.46307
-0.726537
0
0
0
0
0
0
0
0
0
0
0
-1.07828
-1.27346
-1.1255
-1.35461
-0.721828
0
0
0
0
0
0
0
0
0
0
0
0
-1.13406
-0.986742
-1.21048
-0.629148
0
0
0
0
0
0
0
0
0
0
0
0
-0.977695
-0.849087
-1.0655
-0.523713
0
0
0
0
0
0
0
0
0
0
0
0
-0.845164
-0.789968
-0.976236
-0.369522
0
0
0
0
0
0
0
0
0
0
0
0
0
-0.733887
-0.891461
0
0
0
0
0
0
0
0
0
0
0
0
0
0
0
-0.838567
0
0
0
0
0
0
0
0
0
0
0
0
0
0
0
-0.761781
0
0
0
0
0
0
0
0
0
0
0
0
0
0
0
0
0
0
0
0
0
0
0
0
0
0
0
0
0
0
0
0
0
0
0
0
0
0
0
0
0
0
0
0
0
0
0
0
0
0
0
0
0
0
0
0
0
0
0
0
0
0
0
0
0
0
0
0
0
0
0
0
0
0
0
0
0
0
0
0
0
0
0
0
0
0
0
0
0
0
0
0
0
0
0
0
0
0
0
0
0
0
0
0
0
0
0
0
0
0
0
0
0
0
0
0
0
0
0
0
0
0
0
0
0
0
0
0
0
0
0
0
0
0
0
0
0
0
0
0
0
0
0
0
0
0
0
0
0
0
0
0
0
0
0
0
0
0
0
0
0
0
0
0
0
0
0
0
0
0
0
0
0
0
0
0
0
0
0
0
0
0
0
0
0
0
0
0
0
0
0
0
0
0
0
0
0
0
0
0
0
0
0
0
0
0
0
0
0
0
0
0
0
0
0
0
0
0
0
0
0
0
0
0
0
0
0
0
0
0
0
0
0
0
0
0
0
0
0
0
0
0
0
0
0
0
0
0
0
0
0
0
0
0
0
0
0
0
0
0
0
0
0
0
0
0
0
0
0
0
0
0
0
0
0
0
0
0
0
0
0
0
0
0
-1.89957
0
0
0
0
0
0
0
0
0
0
0
0
0
0
0
-1.93454
-1.25208
0
0
0
0
0
0
0
0
0
0
0
0
0
0
-1.89159
-1.51578
-0.911986
0
0
0
0
0
0
0
0
0
0
0
0
0
-1.86958
-1.78341
-1.12899
0
0
0
0
0
0
0
0
0
0
0
0
0
-1.80423
-2.00066
-1.34167
0
0
0
0
0
0
0
0
0
0
0
0
0
-1.73908
-2.16481
-1.51527
0
0
0
0
0
0
0
0
0
0
0
0
0
-1.65233
-2.25173
-1.63593
0
0
0
0
0
0
0
0
0
0
0
0
0
-1.55468
-2.31262
-1.73623
-0.231435
0
0
0
0
0
0
0
0
0
0
0
0
-1.52743
-2.32692
-1.79128
-0.43082
0
0
0
0
0
0
0
0
0
0
0
0
-1.51925
-2.33868
-1.84333
-0.621966
0
0
0
0
0
0
0
0
0
0
0
0
-1.5696
-2.30326
-1.86672
-0.916665
0
0
0
0
0
0
0
0
0
0
0
0
-1.62869
-2.27225
-1.89295
-1.1551
0
0
0
0
0
0
0
0
0
0
0
0
-1.64586
-2.16723
-1.86057
-1.34357
0
0
0
0
0
0
0
0
0
0
0
0
-1.66578
-2.05718
-1.82718
-1.49745
-0.290783
0
0
0
0
0
0
0
0
0
0
0
-1.5997
-1.89657
-1.71233
-1.51748
-0.444633
0
0
0
0
0
0
0
0
0
0
0
-1.52533
-1.71758
-1.58594
-1.52407
-0.565285
0
0
0
0
0
0
0
0
0
0
0
-1.37297
-1.56777
-1.43024
-1.4183
-0.570924
0
0
0
0
0
0
0
0
0
0
0
-1.18539
-1.40779
-1.26687
-1.30124
-0.558339
0
0
0
0
0
0
0
0
0
0
0
-0.941627
-1.30917
-1.1606
-1.16511
-0.459828
0
0
0
0
0
0
0
0
0
0
0
0
-1.19593
-1.06736
-1.04187
-0.339364
0
0
0
0
0
0
0
0
0
0
0
0
-1.07532
-1.0409
-0.984876
0
0
0
0
0
0
0
0
0
0
0
0
0
-0.926517
-1.01949
-0.946225
0
0
0
0
0
0
0
0
0
0
0
0
0
0
-1.00903
-0.933669
0
0
0
0
0
0
0
0
0
0
0
0
0
0
-0.988951
-0.892656
0
0
0
0
0
0
0
0
0
0
0
0
0
0
-1.00669
-0.801585
0
0
0
0
0
0
0
0
0
0
0
0
0
0
-1.10352
0
0
0
0
0
0
0
0
0
0
0
0
0
0
0
0
0
0
0
0
0
0
0
0
0
0
0
0
0
0
0
0
0
0
0
0
0
0
0
0
0
0
0
0
0
0
0
0
0
0
0
0
0
0
0
0
0
0
0
0
0
0
0
0
0
0
0
0
0
0
0
0
0
0
0
0
0
0
0
0
0
0
0
0
0
0
0
0
0
0
0
0
0
0
0
0
0
0
0
0
0
0
0
0
0
0
0
0
0
0
0
0
0
0
0
0
0
0
0
0
0
0
0
0
0
0
0
0
0
0
0
0
0
0
0
0
0
0
0
0
0
0
0
0
0
0
0
0
0
0
0
0
0
0
0
0
0
0
0
0
0
0
0
0
0
0
0
0
0
0
0
0
0
0
0
0
0
0
0
0
0
0
0
0
0
0
0
0
0
0
0
0
0
0
0
0
0
0
0
0
0
0
0
0
0
0
0
0
0
0
0
0
0
0
0
0
0
0
0
0
0
0
0
0
0
0
0
0
0
0
0
0
0
0
0
0
0
-1.68358
0
0
0
0
0
0
0
0
0
0
0
0
0
0
0
-1.65159
0
0
0
0
0
0
0
0
0
0
0
0
0
0
0
-1.66317
-1.11497
0
0
0
0
0
0
0
0
0
0
0
0
0
0
-1.68776
-1.41982
-0.799765
0
0
0
0
0
0
0
0
0
0
0
0
0
-1.75052
-1.68344
-0.964789
0
0
0
0
0
0
0
0
0
0
0
0
0
-1.7425
-1.86372
-1.13379
0
0
0
0
0
0
0
0
0
0
0
0
0
-1.69626
-1.9932
-1.28472
0
0
0
0
0
0
0
0
0
0
0
0
0
-1.60515
-2.05876
-1.41156
0
0
0
0
0
0
0
0
0
0
0
0
0
-1.49734
-2.10816
-1.52908
-0.165146
0
0
0
0
0
0
0
0
0
0
0
0
-1.45874
-2.13223
-1.63451
-0.409699
0
0
0
0
0
0
0
0
0
0
0
0
-1.44246
-2.15914
-1.73287
-0.633125
0
0
0
0
0
0
0
0
0
0
0
0
-1.48418
-2.1518
-1.81526
-0.94192
0
0
0
0
0
0
0
0
0
0
0
0
-1.53709
-2.14889
-1.89272
-1.18788
0
0
0
0
0
0
0
0
0
0
0
0
-1.55964
-2.07357
-1.89758
-1.36101
0
0
0
0
0
0
0
0
0
0
0
0
-1.58693
-1.99528
-1.8984
-1.50327
-0.167086
0
0
0
0
0
0
0
0
0
0
0
-1.54459
-1.86404
-1.80206
-1.5109
-0.296868
0
0
0
0
0
0
0
0
0
0
0
-1.49936
-1.72321
-1.69417
-1.50754
-0.400611
0
0
0
0
0
0
0
0
0
0
0
-1.38472
-1.60082
-1.54665
-1.40739
-0.398179
0
0
0
0
0
0
0
0
0
0
0
-1.24612
-1.47762
-1.39232
-1.29742
-0.379333
0
0
0
0
0
0
0
0
0
0
0
-1.04585
-1.39819
-1.28511
-1.1774
-0.287894
0
0
0
0
0
0
0
0
0
0
0
-0.786626
-1.3122
-1.19805
-1.064
-0.178625
0
0
0
0
0
0
0
0
0
0
0
0
-1.21777
-1.17695
-1.00659
0
0
0
0
0
0
0
0
0
0
0
0
0
-1.09655
-1.1724
-0.973579
0
0
0
0
0
0
0
0
0
0
0
0
0
-0.941904
-1.18556
-0.970758
0
0
0
0
0
0
0
0
0
0
0
0
0
-0.79143
-1.18096
-0.955022
0
0
0
0
0
0
0
0
0
0
0
0
0
0
-1.15354
-0.891637
0
0
0
0
0
0
0
0
0
0
0
0
0
0
-1.13483
-0.763048
0
0
0
0
0
0
0
0
0
0
0
0
0
0
-1.19571
0
0
0
0
0
0
0
0
0
0
0
0
0
0
0
0
0
0
0
0
0
0
0
0
0
0
0
0
0
0
0
0
0
0
0
0
0
0
0
0
0
0
0
0
0
0
0
0
0
0
0
0
0
0
0
0
0
0
0
0
0
0
0
0
0
0
0
0
0
0
0
0
0
0
0
0
0
0
0
0
0
0
0
0
0
0
0
0
0
0
0
0
0
0
0
0
0
0
0
0
0
0
0
0
0
0
0
0
0
0
0
0
0
0
0
0
0
0
0
0
0
0
0
0
0
0
0
0
0
0
0
0
0
0
0
0
0
0
0
0
0
0
0
0
0
0
0
0
0
0
0
0
0
0
0
0
0
0
0
0
0
0
0
0
0
0
0
0
0
0
0
0
0
0
0
0
0
0
0
0
0
0
0
0
0
0
0
0
0
0
0
0
0
0
0
0
0
0
0
0
0
0
0
0
0
-1.7225
0
0
0
0
0
0
0
0
0
0
0
0
0
0
0
-1.48658
0
0
0
0
0
0
0
0
0
0
0
0
0
0
0
-1.37584
-0.819278
0
0
0
0
0
0
0
0
0
0
0
0
0
0
-1.41563
-1.02441
0
0
0
0
0
0
0
0
0
0
0
0
0
0
-1.50721
-1.28716
-0.616924
0
0
0
0
0
0
0
0
0
0
0
0
0
-1.60731
-1.50944
-0.756294
0
0
0
0
0
0
0
0
0
0
0
0
0
-1.61244
-1.66726
-0.921416
0
0
0
0
0
0
0
0
0
0
0
0
0
-1.57241
-1.78948
-1.08658
0
0
0
0
0
0
0
0
0
0
0
0
0
-1.50137
-1.86524
-1.24602
0
0
0
0
0
0
0
0
0
0
0
0
0
-1.42656
-1.93364
-1.3895
0
0
0
0
0
0
0
0
0
0
0
0
0
-1.41118
-1.98845
-1.54015
-0.358998
0
0
0
0
0
0
0
0
0
0
0
0
-1.41663
-2.04437
-1.67522
-0.610581
0
0
0
0
0
0
0
0
0
0
0
0
-1.45815
-2.06631
-1.79925
-0.922837
0
0
0
0
0
0
0
0
0
0
0
0
-1.50887
-2.08822
-1.91148
-1.1692
0
0
0
0
0
0
0
0
0
0
0
0
-1.53003
-2.03827
-1.9432
-1.32804
0
0
0
0
0
0
0
0
0
0
0
-0.506759
-1.55532
-1.98482
-1.96965
-1.46035
0
0
0
0
0
0
0
0
0
0
0
0
-1.52355
-1.87917
-1.89857
-1.46327
-0.0862444
0
0
0
0
0
0
0
0
0
0
0
-1.49118
-1.76642
-1.81928
-1.45707
-0.173962
0
0
0
0
0
0
0
0
0
0
0
-1.40113
-1.65782
-1.69656
-1.36837
-0.16714
0
0
0
0
0
0
0
0
0
0
0
-1.29649
-1.54907
-1.56515
-1.27329
-0.149086
0
0
0
0
0
0
0
0
0
0
0
-1.13709
-1.46475
-1.45267
-1.17708
0
0
0
0
0
0
0
0
0
0
0
0
-0.935642
-1.38148
-1.34912
-1.08637
0
0
0
0
0
0
0
0
0
0
0
0
-0.678783
-1.29427
-1.29704
-1.03026
0
0
0
0
0
0
0
0
0
0
0
0
0
-1.19471
-1.27404
-0.978867
0
0
0
0
0
0
0
0
0
0
0
0
0
-1.07621
-1.28656
-0.948827
0
0
0
0
0
0
0
0
0
0
0
0
0
-0.939589
-1.29661
-0.925672
0
0
0
0
0
0
0
0
0
0
0
0
0
-0.82433
-1.28334
-0.874256
0
0
0
0
0
0
0
0
0
0
0
0
0
0
-1.22056
-0.773656
0
0
0
0
0
0
0
0
0
0
0
0
0
0
-1.15746
0
0
0
0
0
0
0
0
0
0
0
0
0
0
0
-1.18271
0
0
0
0
0
0
0
0
0
0
0
0
0
0
0
0
0
0
0
0
0
0
0
0
0
0
0
0
0
0
0
0
0
0
0
0
0
0
0
0
0
0
0
0
0
0
0
0
0
0
0
0
0
0
0
0
0
0
0
0
0
0
0
0
0
0
0
0
0
0
0
0
0
0
0
0
0
0
0
0
0
0
0
0
0
0
0
0
0
0
0
0
0
0
0
0
0
0
0
0
0
0
0
0
0
0
0
0
0
0
0
0
0
0
0
0
0
0
0
0
0
0
0
0
0
0
0
0
0
0
0
0
0
0
0
0
0
0
0
0
0
-2.3643
0
0
0
0
0
0
0
0
0
0
0
0
0
0
0
-2.24023
0
0
0
0
0
0
0
0
0
0
0
0
0
0
0
-1.97667
0
0
0
0
0
0
0
0
0
0
0
0
0
0
0
-1.63668
-0.98218
0
0
0
0
0
0
0
0
0
0
0
0
0
0
-1.31268
-0.792776
0
0
0
0
0
0
0
0
0
0
0
0
0
0
-1.19925
-0.817461
0
0
0
0
0
0
0
0
0
0
0
0
0
0
-1.25446
-0.929917
0
0
0
0
0
0
0
0
0
0
0
0
0
0
-1.35232
-1.12227
-0.427798
0
0
0
0
0
0
0
0
0
0
0
0
0
-1.43637
-1.31168
-0.565208
0
0
0
0
0
0
0
0
0
0
0
0
0
-1.44316
-1.46621
-0.745728
0
0
0
0
0
0
0
0
0
0
0
0
0
-1.42261
-1.60346
-0.92365
0
0
0
0
0
0
0
0
0
0
0
0
0
-1.39019
-1.7103
-1.10328
0
0
0
0
0
0
0
0
0
0
0
0
0
-1.36466
-1.80862
-1.2611
0
0
0
0
0
0
0
0
0
0
0
0
0
-1.38526
-1.89453
-1.4547
-0.298809
0
0
0
0
0
0
0
0
0
0
0
0
-1.42212
-1.9742
-1.62634
-0.573095
0
0
0
0
0
0
0
0
0
0
0
0
-1.47085
-2.01823
-1.78945
-0.88404
0
0
0
0
0
0
0
0
0
0
0
-0.408691
-1.52376
-2.05935
-1.93211
-1.12874
0
0
0
0
0
0
0
0
0
0
0
-0.510147
-1.54382
-2.03163
-1.98647
-1.2733
0
0
0
0
0
0
0
0
0
0
0
-0.602656
-1.56496
-2.00174
-2.03371
-1.39573
0
0
0
0
0
0
0
0
0
0
0
-0.553053
-1.53669
-1.92269
-1.98402
-1.39598
0
0
0
0
0
0
0
0
0
0
0
-0.493703
-1.50643
-1.83855
-1.92796
-1.39102
0
0
0
0
0
0
0
0
0
0
0
0
-1.4256
-1.74495
-1.82636
-1.32051
0
0
0
0
0
0
0
0
0
0
0
0
-1.33535
-1.6453
-1.71777
-1.24643
0
0
0
0
0
0
0
0
0
0
0
0
-1.1965
-1.54599
-1.61179
-1.17418
0
0
0
0
0
0
0
0
0
0
0
0
-1.02848
-1.4456
-1.50505
-1.10573
0
0
0
0
0
0
0
0
0
0
0
0
-0.807309
-1.34474
-1.42477
-1.06365
0
0
0
0
0
0
0
0
0
0
0
0
0
-1.24762
-1.36534
-1.01458
0
0
0
0
0
0
0
0
0
0
0
0
0
-1.15105
-1.35312
-0.957274
0
0
0
0
0
0
0
0
0
0
0
0
0
-1.04784
-1.35887
-0.899527
0
0
0
0
0
0
0
0
0
0
0
0
0
-0.943634
-1.35912
-0.833355
0
0
0
0
0
0
0
0
0
0
0
0
0
-0.836279
-1.31109
-0.745716
0
0
0
0
0
0
0
0
0
0
0
0
0
0
-1.19683
0
0
0
0
0
0
0
0
0
0
0
0
0
0
0
-1.09865
0
0
0
0
0
0
0
0
0
0
0
0
0
0
0
0
0
0
0
0
0
0
0
0
0
0
0
0
0
0
0
0
0
0
0
0
0
0
0
0
0
0
0
0
0
0
0
0
0
0
0
0
0
0
0
0
0
0
0
0
0
0
0
0
0
0
0
0
0
0
0
0
0
0
0
0
0
0
0
0
0
0
0
0
0
0
0
0
0
0
0
0
0
0
0
0
0
0
0
0
0
0
0
0
0
0
0
0
0
0
0
0
0
0
0
0
0
0
0
0
0
0
0
0
0
-2.50336
0
0
0
0
0
0
0
0
0
0
0
0
0
0
0
-2.43245
-1.92803
0
0
0
0
0
0
0
0
0
0
0
0
0
0
-2.27421
-1.67542
0
0
0
0
0
0
0
0
0
0
0
0
0
0
-1.92212
-1.32072
0
0
0
0
0
0
0
0
0
0
0
0
0
0
-1.52534
-1.07513
0
0
0
0
0
0
0
0
0
0
0
0
0
0
-1.20638
-0.887009
0
0
0
0
0
0
0
0
0
0
0
0
0
0
-1.09443
-0.808664
0
0
0
0
0
0
0
0
0
0
0
0
0
0
-1.10411
-0.79675
0
0
0
0
0
0
0
0
0
0
0
0
0
0
-1.16057
-0.921003
-0.257502
0
0
0
0
0
0
0
0
0
0
0
0
0
-1.22545
-1.09155
-0.416208
0
0
0
0
0
0
0
0
0
0
0
0
0
-1.25994
-1.27153
-0.617999
0
0
0
0
0
0
0
0
0
0
0
0
0
-1.28844
-1.44507
-0.804876
0
0
0
0
0
0
0
0
0
0
0
0
0
-1.32666
-1.59235
-1.00564
0
0
0
0
0
0
0
0
0
0
0
0
0
-1.3761
-1.71953
-1.18317
0
0
0
0
0
0
0
0
0
0
0
0
0
-1.44857
-1.82979
-1.40639
-0.200271
0
0
0
0
0
0
0
0
0
0
0
0
-1.52492
-1.92906
-1.59829
-0.489696
0
0
0
0
0
0
0
0
0
0
0
-0.403708
-1.58345
-1.98844
-1.77782
-0.799805
0
0
0
0
0
0
0
0
0
0
0
-0.554192
-1.64
-2.04327
-1.93256
-1.04421
0
0
0
0
0
0
0
0
0
0
0
-0.638758
-1.65424
-2.03212
-2.00129
-1.18374
0
0
0
0
0
0
0
0
0
0
0
-0.715464
-1.66764
-2.01958
-2.06314
-1.30064
0
0
0
0
0
0
0
0
0
0
0
-0.654247
-1.63408
-1.96274
-2.03775
-1.30519
0
0
0
0
0
0
0
0
0
0
0
-0.582282
-1.59602
-1.90287
-2.00809
-1.30575
0
0
0
0
0
0
0
0
0
0
0
-0.393954
-1.51173
-1.82598
-1.9307
-1.25546
0
0
0
0
0
0
0
0
0
0
0
0
-1.41658
-1.74092
-1.84425
-1.20832
0
0
0
0
0
0
0
0
0
0
0
0
-1.27856
-1.63604
-1.74177
-1.16419
0
0
0
0
0
0
0
0
0
0
0
0
-1.12074
-1.51862
-1.63648
-1.12033
0
0
0
0
0
0
0
0
0
0
0
0
-0.918262
-1.38885
-1.54363
-1.08476
0
0
0
0
0
0
0
0
0
0
0
0
-0.66399
-1.2683
-1.45592
-1.03934
0
0
0
0
0
0
0
0
0
0
0
0
0
-1.16705
-1.40349
-0.975442
0
0
0
0
0
0
0
0
0
0
0
0
0
-1.07311
-1.37758
-0.888878
0
0
0
0
0
0
0
0
0
0
0
0
0
-0.985702
-1.36823
-0.788548
0
0
0
0
0
0
0
0
0
0
0
0
0
-0.866046
-1.3287
-0.696696
0
0
0
0
0
0
0
0
0
0
0
0
0
0
-1.21431
-0.559947
0
0
0
0
0
0
0
0
0
0
0
0
0
0
-1.04158
0
0
0
0
0
0
0
0
0
0
0
0
0
0
0
0
0
0
0
0
0
0
0
0
0
0
0
0
0
0
0
0
0
0
0
0
0
0
0
0
0
0
0
0
0
0
0
0
0
0
0
0
0
0
0
0
0
0
0
0
0
0
0
0
0
0
0
0
0
0
0
0
0
0
0
0
0
0
0
0
0
0
0
0
0
0
0
0
0
0
0
0
0
0
0
0
0
0
0
0
0
0
0
0
0
0
0
0
0
0
0
0
0
0
0
0
0
0
0
0
0
0
0
0
0
-2.51745
-2.09243
0
0
0
0
0
0
0
0
0
0
0
0
0
0
-2.46384
-1.96968
0
0
0
0
0
0
0
0
0
0
0
0
0
0
-2.24292
-1.67637
0
0
0
0
0
0
0
0
0
0
0
0
0
0
-1.83431
-1.38583
0
0
0
0
0
0
0
0
0
0
0
0
0
0
-1.46281
-1.19856
0
0
0
0
0
0
0
0
0
0
0
0
0
0
-1.17252
-0.971504
0
0
0
0
0
0
0
0
0
0
0
0
0
0
-1.01981
-0.781929
0
0
0
0
0
0
0
0
0
0
0
0
0
0
-0.931275
-0.653304
0
0
0
0
0
0
0
0
0
0
0
0
0
0
-0.93678
-0.714808
0
0
0
0
0
0
0
0
0
0
0
0
0
0
-0.995787
-0.878129
-0.283607
0
0
0
0
0
0
0
0
0
0
0
0
0
-1.08389
-1.09421
-0.498378
0
0
0
0
0
0
0
0
0
0
0
0
0
-1.18583
-1.2992
-0.699359
0
0
0
0
0
0
0
0
0
0
0
0
0
-1.30873
-1.48119
-0.926538
0
0
0
0
0
0
0
0
0
0
0
0
0
-1.43073
-1.63666
-1.12157
0
0
0
0
0
0
0
0
0
0
0
0
-0.262066
-1.54487
-1.77334
-1.3638
-0.106324
0
0
0
0
0
0
0
0
0
0
0
-0.401357
-1.64884
-1.89408
-1.56899
-0.417026
0
0
0
0
0
0
0
0
0
0
0
-0.559476
-1.71149
-1.96718
-1.75909
-0.729993
0
0
0
0
0
0
0
0
0
0
0
-0.702229
-1.76907
-2.0333
-1.92213
-0.976123
0
0
0
0
0
0
0
0
0
0
0
-0.774166
-1.77699
-2.03604
-2.00311
-1.11409
0
0
0
0
0
0
0
0
0
0
0
-0.837193
-1.78404
-2.03818
-2.076
-1.22616
0
0
0
0
0
0
0
0
0
0
0
-0.764647
-1.74633
-2.00095
-2.07154
-1.2369
0
0
0
0
0
0
0
0
0
0
0
-0.678243
-1.70391
-1.96119
-2.06447
-1.24158
0
0
0
0
0
0
0
0
0
0
0
-0.478612
-1.61988
-1.8973
-2.01006
-1.20556
0
0
0
0
0
0
0
0
0
0
0
0
-1.52159
-1.82431
-1.94745
-1.17474
0
0
0
0
0
0
0
0
0
0
0
0
-1.3796
-1.72033
-1.85213
-1.14611
0
0
0
0
0
0
0
0
0
0
0
0
-1.21641
-1.59982
-1.74743
-1.1241
0
0
0
0
0
0
0
0
0
0
0
0
-1.01261
-1.45211
-1.64547
-1.10086
0
0
0
0
0
0
0
0
0
0
0
0
-0.771872
-1.3016
-1.54712
-1.05894
0
0
0
0
0
0
0
0
0
0
0
0
0
-1.17545
-1.47014
-0.992321
0
0
0
0
0
0
0
0
0
0
0
0
0
-1.07183
-1.40294
-0.899655
0
0
0
0
0
0
0
0
0
0
0
0
0
-0.987343
-1.36279
-0.771673
0
0
0
0
0
0
0
0
0
0
0
0
0
-0.87609
-1.31506
-0.655039
0
0
0
0
0
0
0
0
0
0
0
0
0
0
-1.20637
-0.531389
0
0
0
0
0
0
0
0
0
0
0
0
0
0
-1.01828
0
0
0
0
0
0
0
0
0
0
0
0
0
0
0
0
0
0
0
0
0
0
0
0
0
0
0
0
0
0
0
0
0
0
0
0
0
0
0
0
0
0
0
0
0
0
0
0
0
0
0
0
0
0
0
0
0
0
0
0
0
0
0
0
0
0
0
0
0
0
0
0
0
0
0
0
0
0
0
0
0
0
0
0
0
0
0
0
0
0
0
0
0
0
0
0
0
0
0
0
0
0
0
0
0
0
0
0
0
0
0
0
0
0
0
0
0
0
0
0
0
0
0
0
0
-2.45889
-2.10028
0
0
0
0
0
0
0
0
0
0
0
0
0
-2.23242
-2.37655
-1.91047
0
0
0
0
0
0
0
0
0
0
0
0
0
-2.0059
-2.09683
-1.6433
0
0
0
0
0
0
0
0
0
0
0
0
0
0
-1.69922
-1.43405
0
0
0
0
0
0
0
0
0
0
0
0
0
0
-1.40024
-1.26923
0
0
0
0
0
0
0
0
0
0
0
0
0
0
-1.13993
-0.992721
0
0
0
0
0
0
0
0
0
0
0
0
0
0
-0.94307
-0.730915
0
0
0
0
0
0
0
0
0
0
0
0
0
0
-0.784592
-0.526616
0
0
0
0
0
0
0
0
0
0
0
0
0
0
-0.768948
-0.552068
0
0
0
0
0
0
0
0
0
0
0
0
0
0
-0.8442
-0.71477
-0.202206
0
0
0
0
0
0
0
0
0
0
0
0
0
-0.998535
-0.958573
-0.439719
0
0
0
0
0
0
0
0
0
0
0
0
0
-1.17034
-1.18583
-0.657373
0
0
0
0
0
0
0
0
0
0
0
0
0
-1.35527
-1.40071
-0.893052
0
0
0
0
0
0
0
0
0
0
0
0
-0.236792
-1.5203
-1.58401
-1.09285
0
0
0
0
0
0
0
0
0
0
0
0
-0.402025
-1.65544
-1.73937
-1.33698
-0.02987
0
0
0
0
0
0
0
0
0
0
0
-0.552111
-1.77335
-1.87214
-1.54645
-0.353816
0
0
0
0
0
0
0
0
0
0
0
-0.697415
-1.83783
-1.95094
-1.74103
-0.672388
0
0
0
0
0
0
0
0
0
0
0
-0.827502
-1.89608
-2.02215
-1.90747
-0.922481
0
0
0
0
0
0
0
0
0
0
0
-0.883852
-1.89941
-2.03603
-1.99918
-1.06803
0
0
0
0
0
0
0
0
0
0
0
-0.931712
-1.90162
-2.05066
-2.07951
-1.18074
0
0
0
0
0
0
0
0
0
0
0
-0.850428
-1.85847
-2.03123
-2.09093
-1.20524
0
0
0
0
0
0
0
0
0
0
0
-0.752274
-1.81062
-2.01022
-2.09832
-1.21859
0
0
0
0
0
0
0
0
0
0
0
-0.544162
-1.72379
-1.95864
-2.05852
-1.19839
0
0
0
0
0
0
0
0
0
0
0
-0.291299
-1.622
-1.89533
-2.01386
-1.18145
0
0
0
0
0
0
0
0
0
0
0
0
-1.47534
-1.7906
-1.93203
-1.1595
0
0
0
0
0
0
0
0
0
0
0
0
-1.29933
-1.66889
-1.84091
-1.14696
0
0
0
0
0
0
0
0
0
0
0
0
-1.07743
-1.51583
-1.74019
-1.1309
0
0
0
0
0
0
0
0
0
0
0
0
-0.822936
-1.3471
-1.63919
-1.10046
0
0
0
0
0
0
0
0
0
0
0
0
-0.528571
-1.1876
-1.55553
-1.03283
0
0
0
0
0
0
0
0
0
0
0
0
0
-1.05151
-1.46167
-0.940281
0
0
0
0
0
0
0
0
0
0
0
0
0
-0.947397
-1.37799
-0.810187
-0.14411
0
0
0
0
0
0
0
0
0
0
0
0
-0.829064
-1.3029
-0.673796
-0.263532
0
0
0
0
0
0
0
0
0
0
0
0
0
-1.18576
-0.553002
-0.346801
0
0
0
0
0
0
0
0
0
0
0
0
0
-1.00266
0
-0.391874
0
0
0
0
0
0
0
0
0
0
0
0
0
0
0
0
0
0
0
0
0
0
0
0
0
0
0
0
0
0
0
0
0
0
0
0
0
0
0
0
0
0
0
0
0
0
0
0
0
0
0
0
0
0
0
0
0
0
0
0
0
0
0
0
0
0
0
0
0
0
0
0
0
0
0
0
0
0
0
0
0
0
0
0
0
0
0
0
0
0
0
0
0
0
0
0
0
0
0
0
0
0
0
0
0
0
0
-2.32384
-2.10401
0
0
0
0
0
0
0
0
0
0
0
0
0
-2.33497
-2.35697
-2.05531
0
0
0
0
0
0
0
0
0
0
0
0
0
-2.20999
-2.22984
-1.83304
0
0
0
0
0
0
0
0
0
0
0
0
0
-1.94536
-1.92005
-1.6311
0
0
0
0
0
0
0
0
0
0
0
0
0
-1.44991
-1.5809
-1.48023
0
0
0
0
0
0
0
0
0
0
0
0
0
0
-1.35051
-1.30256
0
0
0
0
0
0
0
0
0
0
0
0
0
0
-1.09503
-0.984491
0
0
0
0
0
0
0
0
0
0
0
0
0
0
-0.859681
-0.676647
0
0
0
0
0
0
0
0
0
0
0
0
0
0
-0.662651
-0.424715
0
0
0
0
0
0
0
0
0
0
0
0
0
0
-0.650806
-0.424651
0
0
0
0
0
0
0
0
0
0
0
0
0
0
-0.760086
-0.576098
-0.155323
0
0
0
0
0
0
0
0
0
0
0
0
0
-0.979516
-0.8409
-0.418872
0
0
0
0
0
0
0
0
0
0
0
0
0
-1.20307
-1.09281
-0.648732
0
0
0
0
0
0
0
0
0
0
0
0
0
-1.42556
-1.34123
-0.887246
0
0
0
0
0
0
0
0
0
0
0
0
-0.365632
-1.61524
-1.54722
-1.09364
0
0
0
0
0
0
0
0
0
0
0
0
-0.538786
-1.76325
-1.71327
-1.33565
0
0
0
0
0
0
0
0
0
0
0
0
-0.690847
-1.89028
-1.85328
-1.54626
-0.309808
0
0
0
0
0
0
0
0
0
0
0
-0.81983
-1.95619
-1.93588
-1.74228
-0.635017
0
0
0
0
0
0
0
0
0
0
0
-0.935097
-2.01479
-2.01095
-1.90947
-0.889967
0
0
0
0
0
0
0
0
0
0
0
-0.975525
-2.01461
-2.03502
-2.01133
-1.05084
0
0
0
0
0
0
0
0
0
0
0
-1.00902
-2.01329
-2.05975
-2.09732
-1.16915
0
0
0
0
0
0
0
0
0
0
0
-0.922189
-1.96494
-2.0543
-2.12192
-1.2153
0
0
0
0
0
0
0
0
0
0
0
-0.817319
-1.91119
-2.048
-2.13886
-1.24117
0
0
0
0
0
0
0
0
0
0
0
-0.607134
-1.81846
-2.00716
-2.10666
-1.23685
0
0
0
0
0
0
0
0
0
0
0
-0.348997
-1.7107
-1.95494
-2.07005
-1.22992
0
0
0
0
0
0
0
0
0
0
0
0
-1.56044
-1.85289
-1.99401
-1.20787
0
0
0
0
0
0
0
0
0
0
0
0
-1.37706
-1.72966
-1.91594
-1.1941
0
0
0
0
0
0
0
0
0
0
0
0
-1.14049
-1.57227
-1.82563
-1.17062
0
0
0
0
0
0
0
0
0
0
0
0
-0.863262
-1.39633
-1.72745
-1.14514
0
0
0
0
0
0
0
0
0
0
0
0
-0.5525
-1.21351
-1.63962
-1.08353
0
0
0
0
0
0
0
0
0
0
0
0
0
-1.03721
-1.53562
-0.992245
0
0
0
0
0
0
0
0
0
0
0
0
0
-0.895682
-1.41666
-0.870032
-0.235672
0
0
0
0
0
0
0
0
0
0
0
0
-0.754083
-1.30157
-0.731846
-0.359371
0
0
0
0
0
0
0
0
0
0
0
0
0
-1.16297
-0.605473
-0.434931
-0.139919
0
0
0
0
0
0
0
0
0
0
0
0
-0.979531
-0.505425
-0.454166
0
0
0
0
0
0
0
0
0
0
0
0
0
0
0
-0.460258
0
0
0
0
0
0
0
0
0
0
0
0
0
0
0
0
0
0
0
0
0
0
0
0
0
0
0
0
0
0
0
0
0
0
0
0
0
0
0
0
0
0
0
0
0
0
0
0
0
0
0
0
0
0
0
0
0
0
0
0
0
0
0
0
0
0
0
0
0
0
0
0
0
0
0
0
0
0
0
0
0
0
0
0
0
0
0
0
0
0
0
0
-2.02903
0
0
0
0
0
0
0
0
0
0
0
0
0
0
-2.18262
-1.92793
0
0
0
0
0
0
0
0
0
0
0
0
0
-2.09115
-2.01367
-1.71772
0
0
0
0
0
0
0
0
0
0
0
0
0
-1.78767
-1.71586
-1.58829
0
0
0
0
0
0
0
0
0
0
0
0
0
-1.29195
-1.454
-1.46692
0
0
0
0
0
0
0
0
0
0
0
0
0
0
-1.27657
-1.2702
0
0
0
0
0
0
0
0
0
0
0
0
0
0
-1.02585
-0.937329
0
0
0
0
0
0
0
0
0
0
0
0
0
0
-0.790799
-0.626404
0
0
0
0
0
0
0
0
0
0
0
0
0
0
-0.607059
-0.38135
0
0
0
0
0
0
0
0
0
0
0
0
0
0
-0.62694
-0.383935
0
0
0
0
0
0
0
0
0
0
0
0
0
0
-0.772421
-0.529113
-0.165287
0
0
0
0
0
0
0
0
0
0
0
0
0
-1.02482
-0.806488
-0.444598
0
0
0
0
0
0
0
0
0
0
0
0
0
-1.26556
-1.07177
-0.682774
0
0
0
0
0
0
0
0
0
0
0
0
-0.272318
-1.49779
-1.33036
-0.919717
0
0
0
0
0
0
0
0
0
0
0
0
-0.457424
-1.69463
-1.54122
-1.12952
0
0
0
0
0
0
0
0
0
0
0
0
-0.627323
-1.84398
-1.70517
-1.36223
0
0
0
0
0
0
0
0
0
0
0
0
-0.774443
-1.9703
-1.84504
-1.56859
-0.307001
0
0
0
0
0
0
0
0
0
0
0
-0.886952
-2.03246
-1.92881
-1.76371
-0.638264
0
0
0
0
0
0
0
0
0
0
0
-0.987994
-2.08756
-2.00495
-1.9298
-0.89783
0
0
0
0
0
0
0
0
0
0
0
-1.01507
-2.08451
-2.03908
-2.0411
-1.07885
0
0
0
0
0
0
0
0
0
0
0
-1.03663
-2.08112
-2.07221
-2.131
-1.20545
0
0
0
0
0
0
0
0
0
0
0
-0.948257
-2.03056
-2.07734
-2.16475
-1.27601
0
0
0
0
0
0
0
0
0
0
0
-0.842429
-1.97416
-2.08056
-2.18609
-1.31345
0
0
0
0
0
0
0
0
0
0
0
-0.638187
-1.87547
-2.04478
-2.1569
-1.32099
0
0
0
0
0
0
0
0
0
0
0
-0.386015
-1.75929
-2.00023
-2.12289
-1.3163
0
0
0
0
0
0
0
0
0
0
0
0
-1.59924
-1.90427
-2.04925
-1.28655
0
0
0
0
0
0
0
0
0
0
0
0
-1.40527
-1.78553
-1.97992
-1.26335
0
0
0
0
0
0
0
0
0
0
0
0
-1.15687
-1.62711
-1.90372
-1.22342
0
0
0
0
0
0
0
0
0
0
0
0
-0.855597
-1.44836
-1.82002
-1.19021
0
0
0
0
0
0
0
0
0
0
0
0
-0.51892
-1.25572
-1.73239
-1.13168
0
0
0
0
0
0
0
0
0
0
0
0
0
-1.04947
-1.62518
-1.04797
-0.0940291
0
0
0
0
0
0
0
0
0
0
0
0
-0.86501
-1.48844
-0.9337
-0.307428
0
0
0
0
0
0
0
0
0
0
0
0
-0.692114
-1.33748
-0.806954
-0.438279
0
0
0
0
0
0
0
0
0
0
0
0
0
-1.17288
-0.679637
-0.521511
0
0
0
0
0
0
0
0
0
0
0
0
0
-0.987492
-0.584739
-0.529265
0
0
0
0
0
0
0
0
0
0
0
0
0
-0.68105
0
-0.533731
0
0
0
0
0
0
0
0
0
0
0
0
0
0
0
0
0
0
0
0
0
0
0
0
0
0
0
0
0
0
0
0
0
0
0
0
0
0
0
0
0
0
0
0
0
0
0
0
0
0
0
0
0
0
0
0
0
0
0
0
0
0
0
0
0
0
0
0
0
0
0
0
0
0
0
0
0
0
0
0
0
0
0
0
0
0
0
0
0
0
0
0
-1.89016
0
0
0
0
0
0
0
0
0
0
0
0
0
0
-1.93376
-1.75242
0
0
0
0
0
0
0
0
0
0
0
0
0
-1.88712
-1.74009
-1.58205
0
0
0
0
0
0
0
0
0
0
0
0
0
-1.55662
-1.48638
-1.51164
0
0
0
0
0
0
0
0
0
0
0
0
0
-1.09762
-1.30118
-1.39762
0
0
0
0
0
0
0
0
0
0
0
0
0
0
-1.16408
-1.18962
0
0
0
0
0
0
0
0
0
0
0
0
0
0
-0.936165
-0.864049
0
0
0
0
0
0
0
0
0
0
0
0
0
0
-0.740697
-0.584315
0
0
0
0
0
0
0
0
0
0
0
0
0
0
-0.613633
-0.385573
0
0
0
0
0
0
0
0
0
0
0
0
0
0
-0.682347
-0.415288
0
0
0
0
0
0
0
0
0
0
0
0
0
0
-0.855467
-0.568604
-0.218672
0
0
0
0
0
0
0
0
0
0
0
0
0
-1.11043
-0.849418
-0.507972
0
0
0
0
0
0
0
0
0
0
0
0
0
-1.34572
-1.11211
-0.755509
0
0
0
0
0
0
0
0
0
0
0
0
-0.341278
-1.57139
-1.36057
-0.987401
0
0
0
0
0
0
0
0
0
0
0
0
-0.520027
-1.7629
-1.56549
-1.19643
0
0
0
0
0
0
0
0
0
0
0
0
-0.680248
-1.90396
-1.71972
-1.41385
0
0
0
0
0
0
0
0
0
0
0
0
-0.819606
-2.02225
-1.85354
-1.61097
0
0
0
0
0
0
0
0
0
0
0
0
-0.915678
-2.07753
-1.93549
-1.80243
-0.666539
0
0
0
0
0
0
0
0
0
0
0
-1.00234
-2.12717
-2.00955
-1.96514
-0.929024
0
0
0
0
0
0
0
0
0
0
0
-1.01676
-2.12184
-2.05346
-2.08525
-1.13614
0
0
0
0
0
0
0
0
0
0
0
-1.02672
-2.11692
-2.0939
-2.17795
-1.27479
0
0
0
0
0
0
0
0
0
0
0
-0.938885
-2.0653
-2.10767
-2.21832
-1.3737
0
0
0
0
0
0
0
0
0
0
0
-0.834698
-2.00787
-2.11706
-2.24081
-1.42288
0
0
0
0
0
0
0
0
0
0
0
-0.640578
-1.90373
-2.08156
-2.21202
-1.44006
0
0
0
0
0
0
0
0
0
0
0
-0.401716
-1.77902
-2.03895
-2.17794
-1.43303
0
0
0
0
0
0
0
0
0
0
0
0
-1.60482
-1.94647
-2.10642
-1.39073
0
0
0
0
0
0
0
0
0
0
0
0
-1.39334
-1.83486
-2.04312
-1.35224
0
0
0
0
0
0
0
0
0
0
0
0
-1.1304
-1.68092
-1.97738
-1.29121
0
0
0
0
0
0
0
0
0
0
0
0
-0.805842
-1.50129
-1.91077
-1.24288
0
0
0
0
0
0
0
0
0
0
0
0
-0.442151
-1.30359
-1.82971
-1.17826
0
0
0
0
0
0
0
0
0
0
0
0
0
-1.08006
-1.72108
-1.10394
-0.139795
0
0
0
0
0
0
0
0
0
0
0
0
-0.856535
-1.57684
-0.999884
-0.36217
0
0
0
0
0
0
0
0
0
0
0
0
-0.647019
-1.4026
-0.88718
-0.506077
0
0
0
0
0
0
0
0
0
0
0
0
0
-1.2117
-0.769102
-0.601032
0
0
0
0
0
0
0
0
0
0
0
0
0
-1.02275
-0.672313
-0.613473
0
0
0
0
0
0
0
0
0
0
0
0
0
-0.733462
-0.585091
-0.615395
0
0
0
0
0
0
0
0
0
0
0
0
0
0
0
-0.589821
0
0
0
0
0
0
0
0
0
0
0
0
0
0
0
0
0
0
0
0
0
0
0
0
0
0
0
0
0
0
0
0
0
0
0
0
0
0
0
0
0
0
0
0
0
0
0
0
0
0
0
0
0
0
0
0
0
0
0
0
0
0
0
0
0
0
0
0
0
0
0
0
0
0
0
0
-1.7051
0
0
0
0
0
0
0
0
0
0
0
0
0
0
0
-1.55191
0
0
0
0
0
0
0
0
0
0
0
0
0
0
-1.45888
-1.43107
0
0
0
0
0
0
0
0
0
0
0
0
0
0
-1.26383
-1.40249
0
0
0
0
0
0
0
0
0
0
0
0
0
0
-1.14719
-1.28939
0
0
0
0
0
0
0
0
0
0
0
0
0
0
-1.04686
-1.08472
0
0
0
0
0
0
0
0
0
0
0
0
0
0
-0.862999
-0.788897
0
0
0
0
0
0
0
0
0
0
0
0
0
0
-0.727469
-0.567219
0
0
0
0
0
0
0
0
0
0
0
0
0
0
-0.669261
-0.437838
0
0
0
0
0
0
0
0
0
0
0
0
0
0
-0.776446
-0.503997
0
0
0
0
0
0
0
0
0
0
0
0
0
0
-0.957282
-0.667871
-0.287512
0
0
0
0
0
0
0
0
0
0
0
0
0
-1.19448
-0.934467
-0.579518
0
0
0
0
0
0
0
0
0
0
0
0
-0.207493
-1.41269
-1.17845
-0.833286
0
0
0
0
0
0
0
0
0
0
0
0
-0.384483
-1.62236
-1.40516
-1.05979
0
0
0
0
0
0
0
0
0
0
0
0
-0.549943
-1.80023
-1.59797
-1.26783
0
0
0
0
0
0
0
0
0
0
0
0
-0.696005
-1.92697
-1.73884
-1.47241
0
0
0
0
0
0
0
0
0
0
0
0
-0.824451
-2.0337
-1.86304
-1.66107
0
0
0
0
0
0
0
0
0
0
0
0
-0.904538
-2.08035
-1.94132
-1.84906
-0.720372
0
0
0
0
0
0
0
0
0
0
0
-0.97688
-2.12295
-2.0116
-2.00811
-0.981958
0
0
0
0
0
0
0
0
0
0
0
-0.982405
-2.11542
-2.06432
-2.13614
-1.21418
0
0
0
0
0
0
0
0
0
0
0
-0.984469
-2.10852
-2.1109
-2.23083
-1.36369
0
0
0
0
0
0
0
0
0
0
0
-0.902378
-2.05687
-2.132
-2.27555
-1.48743
0
0
0
0
0
0
0
0
0
0
0
-0.805533
-1.9996
-2.14587
-2.29666
-1.54339
0
0
0
0
0
0
0
0
0
0
0
-0.626111
-1.8923
-2.10937
-2.26508
-1.56298
0
0
0
0
0
0
0
0
0
0
0
-0.406754
-1.76303
-2.06626
-2.22723
-1.54657
0
0
0
0
0
0
0
0
0
0
0
0
-1.57821
-1.97461
-2.15451
-1.4857
0
0
0
0
0
0
0
0
0
0
0
0
-1.3509
-1.86918
-2.09252
-1.42575
0
0
0
0
0
0
0
0
0
0
0
0
-1.07353
-1.72331
-2.02991
-1.33949
0
0
0
0
0
0
0
0
0
0
0
0
-0.730217
-1.54693
-1.97276
-1.27207
0
0
0
0
0
0
0
0
0
0
0
0
-0.346329
-1.34596
-1.89887
-1.19537
0
0
0
0
0
0
0
0
0
0
0
0
0
-1.1148
-1.79043
-1.12633
-0.165021
0
0
0
0
0
0
0
0
0
0
0
0
-0.864891
-1.64233
-1.03564
-0.393255
0
0
0
0
0
0
0
0
0
0
0
0
-0.623991
-1.45787
-0.935626
-0.555627
0
0
0
0
0
0
0
0
0
0
0
0
0
-1.24809
-0.832739
-0.664595
0
0
0
0
0
0
0
0
0
0
0
0
0
-1.05685
-0.734787
-0.689584
0
0
0
0
0
0
0
0
0
0
0
0
0
-0.788802
-0.661382
-0.690568
0
0
0
0
0
0
0
0
0
0
0
0
0
0
0
-0.673384
0
0
0
0
0
0
0
0
0
0
0
0
0
0
0
0
0
0
0
0
0
0
0
0
0
0
0
0
0
0
0
0
0
0
0
0
0
0
0
0
0
0
0
0
0
0
0
0
0
0
0
0
0
0
0
0
0
0
0
0
0
0
0
0
0
0
0
0
0
0
0
0
0
0
0
0
0
0
0
0
0
0
0
0
0
0
0
0
0
0
0
0
-1.29158
0
0
0
0
0
0
0
0
0
0
0
0
0
0
0
-1.22026
0
0
0
0
0
0
0
0
0
0
0
0
0
0
-1.01942
-1.22306
0
0
0
0
0
0
0
0
0
0
0
0
0
0
-0.972248
-1.11983
0
0
0
0
0
0
0
0
0
0
0
0
0
0
-0.923827
-0.940209
0
0
0
0
0
0
0
0
0
0
0
0
0
0
-0.814472
-0.705141
0
0
0
0
0
0
0
0
0
0
0
0
0
0
-0.75781
-0.572984
0
0
0
0
0
0
0
0
0
0
0
0
0
0
-0.773568
-0.538082
0
0
0
0
0
0
0
0
0
0
0
0
-0.569655
0
-0.904456
-0.650786
0
0
0
0
0
0
0
0
0
0
0
0
-0.476682
0
-1.07566
-0.825724
-0.376571
0
0
0
0
0
0
0
0
0
0
0
0
0
-1.2787
-1.06259
-0.662474
0
0
0
0
0
0
0
0
0
0
0
0
-0.245548
-1.46703
-1.27556
-0.915383
0
0
0
0
0
0
0
0
0
0
0
0
-0.396523
-1.6481
-1.46902
-1.13284
0
0
0
0
0
0
0
0
0
0
0
0
-0.541405
-1.80266
-1.64003
-1.33676
0
0
0
0
0
0
0
0
0
0
0
0
-0.666149
-1.90842
-1.75989
-1.5277
0
0
0
0
0
0
0
0
0
0
0
0
-0.777203
-1.9989
-1.86749
-1.70582
0
0
0
0
0
0
0
0
0
0
0
0
-0.838411
-2.03346
-1.93819
-1.88868
0
0
0
0
0
0
0
0
0
0
0
0
-0.893747
-2.06539
-2.00143
-2.04265
-1.05555
0
0
0
0
0
0
0
0
0
0
0
-0.894215
-2.05516
-2.06196
-2.17716
-1.30528
0
0
0
0
0
0
0
0
0
0
0
-0.892647
-2.04551
-2.11393
-2.27302
-1.46056
0
0
0
0
0
0
0
0
0
0
0
-0.824857
-1.99552
-2.1421
-2.3202
-1.59909
0
0
0
0
0
0
0
0
0
0
0
-0.74485
-1.93979
-2.16026
-2.33861
-1.65399
0
0
0
0
0
0
0
0
0
0
0
-0.588355
-1.83036
-2.12347
-2.30323
-1.66798
0
0
0
0
0
0
0
0
0
0
0
-0.397501
-1.69844
-2.08021
-2.2604
-1.63652
0
0
0
0
0
0
0
0
0
0
0
0
-1.50442
-1.98961
-2.18599
-1.55381
0
0
0
0
0
0
0
0
0
0
0
0
-1.26249
-1.88963
-2.12409
-1.47009
0
0
0
0
0
0
0
0
0
0
0
0
-0.969134
-1.75306
-2.06212
-1.35726
0
0
0
0
0
0
0
0
0
0
0
0
-0.605953
-1.58432
-2.0091
-1.26938
0
0
0
0
0
0
0
0
0
0
0
0
-0.20579
-1.38253
-1.93968
-1.17911
0
0
0
0
0
0
0
0
0
0
0
0
0
-1.14923
-1.83349
-1.11113
-0.164842
0
0
0
0
0
0
0
0
0
0
0
0
-0.885907
-1.68327
-1.03549
-0.400874
0
0
0
0
0
0
0
0
0
0
0
0
-0.625214
-1.49769
-0.94937
-0.584733
0
0
0
0
0
0
0
0
0
0
0
0
0
-1.28098
-0.86508
-0.712693
0
0
0
0
0
0
0
0
0
0
0
0
0
-1.09271
-0.77267
-0.754065
0
0
0
0
0
0
0
0
0
0
0
0
0
-0.85197
-0.710741
-0.760488
0
0
0
0
0
0
0
0
0
0
0
0
0
0
-0.622319
-0.746686
0
0
0
0
0
0
0
0
0
0
0
0
0
0
0
-0.668167
0
0
0
0
0
0
0
0
0
0
0
0
0
0
0
0
0
0
0
0
0
0
0
0
0
0
0
0
0
0
0
0
0
0
0
0
0
0
0
0
0
0
0
0
0
0
0
0
0
0
0
0
0
0
0
0
0
0
0
0
0
0
0
0
0
0
0
0
0
0
0
0
0
0
0
0
0
0
0
0
0
0
0
0
0
0
0
0
0
0
0
0
-0.987541
0
0
0
0
0
0
0
0
0
0
0
0
0
0
0
-1.01552
0
0
0
0
0
0
0
0
0
0
0
0
0
0
-0.797218
-0.932529
0
0
0
0
0
0
0
0
0
0
0
0
0
0
-0.812559
-0.792918
0
0
0
0
0
0
0
0
0
0
0
0
0
0
-0.786093
-0.633792
0
0
0
0
0
0
0
0
0
0
0
0
0
0
-0.800853
-0.593643
0
0
0
0
0
0
0
0
0
0
0
0
-0.63937
0
-0.873548
-0.642212
0
0
0
0
0
0
0
0
0
0
0
0
-0.596584
0
-1.01546
-0.789377
-0.158162
0
0
0
0
0
0
0
0
0
0
0
-0.496195
0
-1.17254
-0.96842
-0.465616
0
0
0
0
0
0
0
0
0
0
0
0
-0.192091
-1.34331
-1.17534
-0.739243
0
0
0
0
0
0
0
0
0
0
0
0
-0.278405
-1.50199
-1.35917
-0.98522
0
0
0
0
0
0
0
0
0
0
0
0
-0.402104
-1.65364
-1.5221
-1.19078
0
0
0
0
0
0
0
0
0
0
0
0
-0.523854
-1.7843
-1.67116
-1.38733
0
0
0
0
0
0
0
0
0
0
0
0
-0.622309
-1.8692
-1.77062
-1.56389
0
0
0
0
0
0
0
0
0
0
0
0
-0.710538
-1.94316
-1.86118
-1.72971
0
0
0
0
0
0
0
0
0
0
0
0
-0.74991
-1.96491
-1.92356
-1.90577
0
0
0
0
0
0
0
0
0
0
0
0
-0.785271
-1.98494
-1.979
-2.05336
-1.10494
0
0
0
0
0
0
0
0
0
0
0
-0.782214
-1.97168
-2.04583
-2.1934
-1.36656
0
0
0
0
0
0
0
0
0
0
0
-0.778888
-1.95893
-2.10204
-2.29055
-1.52522
0
0
0
0
0
0
0
0
0
0
0
-0.730246
-1.91187
-2.13646
-2.34058
-1.67405
0
0
0
0
0
0
0
0
0
0
0
-0.672088
-1.8589
-2.15835
-2.35746
-1.72653
0
0
0
0
0
0
0
0
0
0
0
-0.54336
-1.7494
-2.12183
-2.31929
-1.73405
0
0
0
0
0
0
0
0
0
-0.376407
0
-0.385277
-1.61748
-2.0789
-2.27243
-1.68884
0
0
0
0
0
0
0
0
0
-0.420538
0
-0.147923
-1.41814
-1.98953
-2.1961
-1.58746
0
0
0
0
0
0
0
0
0
0
0
0
-1.16755
-1.89362
-2.13325
-1.48396
0
0
0
0
0
0
0
0
0
0
0
0
-0.86327
-1.76435
-2.07019
-1.3495
0
0
0
0
0
0
0
0
0
0
0
0
-0.486163
-1.60338
-2.01753
-1.24507
0
0
0
0
0
0
0
0
0
0
0
0
0
-1.40175
-1.94881
-1.14468
0
0
0
0
0
0
0
0
0
0
0
0
0
-1.16732
-1.84459
-1.07733
-0.154274
0
0
0
0
0
0
0
0
0
0
0
0
-0.896976
-1.69276
-1.01607
-0.395969
0
0
0
0
0
0
0
0
0
0
0
0
-0.624312
-1.50878
-0.94418
-0.595661
0
0
0
0
0
0
0
0
0
0
0
0
0
-1.29184
-0.876732
-0.739523
0
0
0
0
0
0
0
0
0
0
0
0
0
-1.10773
-0.792432
-0.792977
0
0
0
0
0
0
0
0
0
0
0
0
0
-0.890844
-0.738185
-0.8047
0
0
0
0
0
0
0
0
0
0
0
0
0
0
-0.66615
-0.789887
0
0
0
0
0
0
0
0
0
0
0
0
0
0
0
-0.724516
0
0
0
0
0
0
0
0
0
0
0
0
0
0
0
0
0
0
0
0
0
0
0
0
0
0
0
0
0
0
0
0
0
0
0
0
0
0
0
0
0
0
0
0
0
0
0
0
0
0
0
0
0
0
0
0
0
0
0
0
0
0
0
0
0
0
0
0
0
0
0
0
0
0
0
0
0
0
0
0
0
0
0
0
0
0
0
0
0
0
0
0
0
0
0
0
0
0
0
0
0
0
0
0
0
0
0
0
-0.755629
0
0
0
0
0
0
0
0
0
0
0
0
0
0
0
-0.713574
0
0
0
0
0
0
0
0
0
0
0
0
0
0
-0.733908
-0.638015
0
0
0
0
0
0
0
0
0
0
0
0
0
0
-0.789225
-0.577096
0
0
0
0
0
0
0
0
0
0
0
0
0
0
-0.860286
-0.63438
0
0
0
0
0
0
0
0
0
0
0
0
0
0
-0.970051
-0.759698
0
0
0
0
0
0
0
0
0
0
0
0
-0.510827
0
-1.10841
-0.930411
-0.271781
0
0
0
0
0
0
0
0
0
0
0
-0.397984
0
-1.24388
-1.1058
-0.560059
0
0
0
0
0
0
0
0
0
0
0
0
-0.224374
-1.37743
-1.2775
-0.806074
0
0
0
0
0
0
0
0
0
0
0
0
-0.299721
-1.50064
-1.42711
-1.03149
0
0
0
0
0
0
0
0
0
0
0
0
-0.392117
-1.61747
-1.55464
-1.21578
0
0
0
0
0
0
0
0
0
0
0
0
-0.483362
-1.71965
-1.67553
-1.39605
0
0
0
0
0
0
0
0
0
0
0
0
-0.54311
-1.77975
-1.75204
-1.55494
0
0
0
0
0
0
0
0
0
0
0
0
-0.595542
-1.83284
-1.82294
-1.70527
0
0
0
0
0
0
0
0
0
0
0
0
-0.606599
-1.83765
-1.87502
-1.87268
0
0
0
0
0
0
0
0
0
0
0
0
-0.61562
-1.84136
-1.921
-2.01274
0
0
0
0
0
0
0
0
0
0
0
0
-0.614074
-1.82394
-1.99079
-2.15634
-1.40017
0
0
0
0
0
0
0
0
0
0
0
-0.614518
-1.80739
-2.04884
-2.25443
-1.55145
0
0
0
0
0
0
0
0
0
0
0
-0.595755
-1.76752
-2.088
-2.30662
-1.6905
0
0
0
0
0
0
0
0
0
0
0
-0.569907
-1.72218
-2.11294
-2.32262
-1.73007
0
0
0
0
0
0
0
0
0
0
0
-0.478821
-1.62051
-2.07814
-2.28191
-1.72312
0
0
0
0
0
0
0
0
0
-0.367048
0
-0.363213
-1.49789
-2.03727
-2.23163
-1.66184
0
0
0
0
0
0
0
0
0
-0.427393
0
-0.15984
-1.30426
-1.95161
-2.15297
-1.5441
0
0
0
0
0
0
0
0
0
0
0
0
-1.06061
-1.86112
-2.088
-1.42507
0
0
0
0
0
0
0
0
0
0
0
0
-0.761201
-1.73891
-2.02197
-1.2766
0
0
0
0
0
0
0
0
0
0
0
0
-0.391587
-1.58568
-1.96659
-1.16285
0
0
0
0
0
0
0
0
0
0
0
0
0
-1.38525
-1.89445
-1.06051
0
0
0
0
0
0
0
0
0
0
0
0
0
-1.15134
-1.78963
-0.998627
-0.112506
0
0
0
0
0
0
0
0
0
0
0
0
-0.879854
-1.6369
-0.95296
-0.360202
0
0
0
0
0
0
0
0
0
0
0
0
-0.606585
-1.45696
-0.896205
-0.570109
0
0
0
0
0
0
0
0
0
0
0
0
0
-1.24871
-0.843284
-0.724451
0
0
0
0
0
0
0
0
0
0
0
0
0
-1.07624
-0.767973
-0.783899
0
0
0
0
0
0
0
0
0
0
0
0
0
-0.886908
-0.720156
-0.797275
0
0
0
0
0
0
0
0
0
0
0
0
0
0
-0.659066
-0.778349
0
0
0
0
0
0
0
0
0
0
0
0
0
0
0
-0.715874
0
0
0
0
0
0
0
0
0
0
0
0
0
0
0
0
0
0
0
0
0
0
0
0
0
0
0
0
0
0
0
0
0
0
0
0
0
0
0
0
0
0
0
0
0
0
0
0
0
0
0
0
0
0
0
0
0
0
0
0
0
0
0
0
0
0
0
0
0
0
0
0
0
0
0
0
0
0
0
0
0
0
0
0
0
0
0
0
0
0
0
0
0
0
0
0
0
0
0
0
0
0
0
0
0
0
0
0
0
0
0
0
0
0
0
0
0
0
0
0
0
0
0
0
0
0
0
0
0
0
0
0
0
0
0
0
0
0
0
-0.658372
-0.481191
0
0
0
0
0
0
0
0
0
0
0
0
0
0
-0.791408
-0.526232
0
0
0
0
0
0
0
0
0
0
0
0
0
0
-0.907597
-0.67053
0
0
0
0
0
0
0
0
0
0
0
0
0
0
-1.0429
-0.856686
0
0
0
0
0
0
0
0
0
0
0
0
0
0
-1.17626
-1.04422
-0.375171
0
0
0
0
0
0
0
0
0
0
0
0
0
-1.29423
-1.21657
-0.646098
0
0
0
0
0
0
0
0
0
0
0
0
-0.256416
-1.39649
-1.36127
-0.864394
0
0
0
0
0
0
0
0
0
0
0
0
-0.322179
-1.48783
-1.48251
-1.06602
0
0
0
0
0
0
0
0
0
0
0
0
-0.383558
-1.57186
-1.57805
-1.22446
0
0
0
0
0
0
0
0
0
0
0
0
-0.442106
-1.64582
-1.67095
-1.38197
0
0
0
0
0
0
0
0
0
0
0
0
-0.458682
-1.67999
-1.72388
-1.51741
0
0
0
0
0
0
0
0
0
0
0
0
-0.468288
-1.70975
-1.77343
-1.64618
0
0
0
0
0
0
0
0
0
0
0
0
-0.444713
-1.69485
-1.8133
-1.80008
0
0
0
0
0
0
0
0
0
0
0
0
-0.419692
-1.67901
-1.84834
-1.92906
0
0
0
0
0
0
0
0
0
0
0
0
-0.420246
-1.65665
-1.91955
-2.0747
-1.38269
0
0
0
0
0
0
0
0
0
0
0
-0.425604
-1.63599
-1.97894
-2.17405
-1.52361
0
0
0
0
0
0
0
0
0
0
0
-0.444783
-1.60658
-2.02313
-2.23045
-1.64616
0
0
0
0
0
0
0
0
0
0
0
-0.457619
-1.57244
-2.05221
-2.24903
-1.67282
0
0
0
0
0
0
0
0
0
0
0
-0.411098
-1.48335
-2.02123
-2.21044
-1.65442
0
0
0
0
0
0
0
0
0
-0.334717
0
-0.342635
-1.37489
-1.98456
-2.16205
-1.58355
0
0
0
0
0
0
0
0
0
-0.410598
0
-0.177982
-1.19186
-1.90493
-2.08667
-1.45905
0
0
0
0
0
0
0
0
0
-0.442195
0
0
-0.961861
-1.82144
-2.02451
-1.33469
0
0
0
0
0
0
0
0
0
0
0
0
-0.674752
-1.70651
-1.95969
-1.18394
0
0
0
0
0
0
0
0
0
0
0
0
-0.322825
-1.56034
-1.90425
-1.07124
0
0
0
0
0
0
0
0
0
0
0
0
0
-1.36144
-1.82875
-0.976396
0
0
0
0
0
0
0
0
0
0
0
0
0
-1.12856
-1.7222
-0.925614
-0.0783971
0
0
0
0
0
0
0
0
0
0
0
0
-0.856776
-1.56871
-0.895394
-0.328601
0
0
0
0
0
0
0
0
0
0
0
0
-0.586548
-1.39289
-0.851911
-0.541733
0
0
0
0
0
0
0
0
0
0
0
0
0
-1.19624
-0.809203
-0.699258
0
0
0
0
0
0
0
0
0
0
0
0
0
-1.03817
-0.740843
-0.760168
0
0
0
0
0
0
0
0
0
0
0
0
0
-0.873028
-0.697929
-0.773577
0
0
0
0
0
0
0
0
0
0
0
0
0
-0.666926
-0.642907
-0.75231
0
0
0
0
0
0
0
0
0
0
0
0
0
0
0
-0.689312
0
0
0
0
0
0
0
0
0
0
0
0
0
0
0
0
0
0
0
0
0
0
0
0
0
0
0
0
0
0
0
0
0
0
0
0
0
0
0
0
0
0
0
0
0
0
0
0
0
0
0
0
0
0
0
0
0
0
0
0
0
0
0
0
0
0
0
0
0
0
0
0
0
0
0
0
0
0
0
0
0
0
0
0
0
0
0
0
0
0
0
0
0
0
0
0
0
0
0
0
0
0
0
0
0
0
0
0
0
0
0
0
0
0
0
0
0
0
0
0
0
0
0
0
0
0
0
0
0
0
0
0
0
0
0
0
0
0
0
-0.580615
0
0
0
0
0
0
0
0
0
0
0
0
0
0
0
-0.7641
-0.480461
0
0
0
0
0
0
0
0
0
0
0
0
0
0
-0.904441
-0.687028
0
0
0
0
0
0
0
0
0
0
0
0
0
0
-1.04988
-0.914717
-0.147402
0
0
0
0
0
0
0
0
0
0
0
0
0
-1.17603
-1.11161
-0.467854
0
0
0
0
0
0
0
0
0
0
0
0
-0.226937
-1.28091
-1.28062
-0.717544
0
0
0
0
0
0
0
0
0
0
0
0
-0.282471
-1.35952
-1.40315
-0.900528
0
0
0
0
0
0
0
0
0
0
0
0
-0.342883
-1.42578
-1.49887
-1.0685
0
0
0
0
0
0
0
0
0
0
0
0
-0.372324
-1.48292
-1.56505
-1.19108
0
0
0
0
0
0
0
0
0
0
0
0
-0.393448
-1.53231
-1.63036
-1.31466
0
0
0
0
0
0
0
0
0
0
0
0
-0.361813
-1.54423
-1.66313
-1.42145
0
0
0
0
0
0
0
0
0
0
0
0
-0.319945
-1.55295
-1.69459
-1.52413
0
0
0
0
0
0
0
0
0
0
0
0
-0.257765
-1.52106
-1.72364
-1.66184
0
0
0
0
0
0
0
0
0
0
0
0
-0.192704
-1.48806
-1.74924
-1.77821
-1.15799
0
0
0
0
0
0
0
0
0
0
0
-0.195851
-1.46232
-1.81624
-1.92094
-1.37382
0
0
0
0
0
0
0
0
0
0
0
-0.206988
-1.43962
-1.87261
-2.01913
-1.49315
0
0
0
0
0
0
0
0
0
0
0
-0.269568
-1.42602
-1.91738
-2.0775
-1.56595
0
0
0
0
0
0
0
0
0
0
0
-0.324673
-1.40935
-1.94775
-2.09888
-1.5595
0
0
0
0
0
0
0
0
0
0
0
-0.333299
-1.34537
-1.92081
-2.06467
-1.51474
0
0
0
0
0
0
0
0
0
0
0
-0.320449
-1.26521
-1.88911
-2.02152
-1.42984
0
0
0
0
0
0
0
0
0
0
0
-0.210309
-1.11152
-1.81796
-1.95419
-1.30734
0
0
0
0
0
0
0
0
0
0
-0.257393
0
-0.918477
-1.74348
-1.89952
-1.19019
0
0
0
0
0
0
0
0
0
0
0
0
-0.666929
-1.63761
-1.84097
-1.05955
0
0
0
0
0
0
0
0
0
0
0
0
-0.361985
-1.4991
-1.78943
-0.969486
0
0
0
0
0
0
0
0
0
0
0
0
0
-1.30334
-1.71272
-0.903227
0
0
0
0
0
0
0
0
0
0
0
0
0
-1.0732
-1.60437
-0.875696
-0.074135
0
0
0
0
0
0
0
0
0
0
0
0
-0.801485
-1.45034
-0.858725
-0.302452
0
0
0
0
0
0
0
0
0
0
0
0
-0.536803
-1.27759
-0.81829
-0.493857
0
0
0
0
0
0
0
0
0
0
0
0
0
-1.09171
-0.766839
-0.629108
0
0
0
0
0
0
0
0
0
0
0
0
0
-0.946601
-0.688469
-0.673703
0
0
0
0
0
0
0
0
0
0
0
0
0
-0.796125
-0.632437
-0.672256
0
0
0
0
0
0
0
0
0
0
0
0
0
0
-0.566599
-0.642353
0
0
0
0
0
0
0
0
0
0
0
0
0
0
0
-0.567125
0
0
0
0
0
0
0
0
0
0
0
0
0
0
0
0
0
0
0
0
0
0
0
0
0
0
0
0
0
0
0
0
0
0
0
0
0
0
0
0
0
0
0
0
0
0
0
0
0
0
0
0
0
0
0
0
0
0
0
0
0
0
0
0
0
0
0
0
0
0
0
0
0
0
0
0
0
0
0
0
0
0
0
0
0
0
0
0
0
0
0
0
0
0
0
0
0
0
0
0
0
0
0
0
0
0
0
0
0
0
0
0
0
0
0
0
0
0
0
0
0
0
0
0
0
0
0
0
0
0
0
0
0
0
0
0
0
0
0
0
0
0
0
0
0
0
0
0
0
0
0
0
0
0
0
-0.735294
-0.435841
0
0
0
0
0
0
0
0
0
0
0
0
0
0
-0.897976
-0.69883
0
0
0
0
0
0
0
0
0
0
0
0
0
0
-1.04945
-0.962378
-0.242363
0
0
0
0
0
0
0
0
0
0
0
0
0
-1.16674
-1.16738
-0.549325
0
0
0
0
0
0
0
0
0
0
0
0
-0.254304
-1.25957
-1.33416
-0.781684
0
0
0
0
0
0
0
0
0
0
0
0
-0.30741
-1.31533
-1.43896
-0.931248
0
0
0
0
0
0
0
0
0
0
0
0
-0.361385
-1.35608
-1.51195
-1.06384
0
0
0
0
0
0
0
0
0
0
0
0
-0.359552
-1.38478
-1.54895
-1.14615
0
0
0
0
0
0
0
0
0
0
0
0
-0.341483
-1.40678
-1.58457
-1.22865
0
0
0
0
0
0
0
0
0
0
0
0
-0.256367
-1.39247
-1.59456
-1.29907
0
0
0
0
0
0
0
0
0
0
0
0
-0.151343
-1.3748
-1.60488
-1.3675
0
0
0
0
0
0
0
0
0
0
0
0
0
-1.32094
-1.62094
-1.48272
0
0
0
0
0
0
0
0
0
0
0
0
0
-1.26507
-1.63559
-1.58166
-1.12421
0
0
0
0
0
0
0
0
0
0
0
0
-1.23548
-1.69724
-1.71905
-1.3118
0
0
0
0
0
0
0
0
0
0
0
0
-1.21112
-1.75045
-1.81568
-1.41145
0
0
0
0
0
0
0
0
0
0
0
0
-1.22125
-1.79651
-1.87759
-1.43375
0
0
0
0
0
0
0
0
0
0
0
-0.180354
-1.22987
-1.82975
-1.90503
-1.39398
0
0
0
0
0
0
0
0
0
0
0
-0.256834
-1.20033
-1.80966
-1.88047
-1.32251
0
0
0
0
0
0
0
0
0
0
0
-0.305133
-1.1563
-1.78592
-1.84876
-1.22634
0
0
0
0
0
0
0
0
0
0
0
-0.249866
-1.03754
-1.72679
-1.79706
-1.11481
0
0
0
0
0
0
0
0
0
0
-0.291207
0
-0.885642
-1.66415
-1.75673
-1.01569
0
0
0
0
0
0
0
0
0
0
0
0
-0.671295
-1.56864
-1.71045
-0.920182
0
0
0
0
0
0
0
0
0
0
0
0
-0.411695
-1.43797
-1.66689
-0.865701
0
0
0
0
0
0
0
0
0
0
0
0
0
-1.24594
-1.5895
-0.838771
0
0
0
0
0
0
0
0
0
0
0
0
0
-1.01909
-1.47847
-0.839389
-0.083034
0
0
0
0
0
0
0
0
0
0
0
0
-0.747883
-1.32386
-0.834018
-0.288223
0
0
0
0
0
0
0
0
0
0
0
0
-0.491869
-1.15427
-0.794087
-0.451802
0
0
0
0
0
0
0
0
0
0
0
0
0
-0.982471
-0.72992
-0.557111
0
0
0
0
0
0
0
0
0
0
0
0
0
-0.854071
-0.640141
-0.580044
0
0
0
0
0
0
0
0
0
0
0
0
0
-0.717317
-0.570071
-0.560872
0
0
0
0
0
0
0
0
0
0
0
0
0
0
0
-0.522996
0
0
0
0
0
0
0
0
0
0
0
0
0
0
0
0
0
0
0
0
0
0
0
0
0
0
0
0
0
0
0
0
0
0
0
0
0
0
0
0
0
0
0
0
0
0
0
0
0
0
0
0
0
0
0
0
0
0
0
0
0
0
0
0
0
0
0
0
0
0
0
0
0
0
0
0
0
0
0
0
0
0
0
0
0
0
0
0
0
0
0
0
0
0
0
0
0
0
0
0
0
0
0
0
0
0
0
0
0
0
0
0
0
0
0
0
0
0
0
0
0
0
0
0
0
0
0
0
0
0
0
0
0
0
0
0
0
0
0
0
0
0
0
0
0
0
0
0
0
0
0
0
0
0
0
0
0
0
0
0
0
0
0
0
0
0
0
0
0
0
0
-0.62571
-0.364284
0
0
0
0
0
0
0
0
0
0
0
0
0
0
-0.800832
-0.652867
0
0
0
0
0
0
0
0
0
0
0
0
0
0
-0.953064
-0.936142
-0.274199
0
0
0
0
0
0
0
0
0
0
0
0
0
-1.06532
-1.14835
-0.5737
0
0
0
0
0
0
0
0
0
0
0
0
-0.263485
-1.15625
-1.31655
-0.796179
0
0
0
0
0
0
0
0
0
0
0
0
-0.306765
-1.20343
-1.41279
-0.919003
0
0
0
0
0
0
0
0
0
0
0
0
-0.347321
-1.23258
-1.47253
-1.01974
0
0
0
0
0
0
0
0
0
0
0
0
-0.316186
-1.24662
-1.48948
-1.06509
0
0
0
0
0
0
0
0
0
0
0
0
-0.260931
-1.25392
-1.50248
-1.10793
0
0
0
0
0
0
0
0
0
0
0
0
-0.134294
-1.22766
-1.49885
-1.14797
0
0
0
0
0
0
0
0
0
0
0
0
0
-1.19727
-1.49761
-1.18894
0
0
0
0
0
0
0
0
0
0
0
0
0
-1.13678
-1.50966
-1.2866
-0.905641
0
0
0
0
0
0
0
0
0
0
0
0
-1.07456
-1.5225
-1.37289
-1.14586
0
0
0
0
0
0
0
0
0
0
0
0
-1.05204
-1.5793
-1.49632
-1.30721
0
0
0
0
0
0
0
0
0
0
0
0
-1.03711
-1.62994
-1.58525
-1.38905
0
0
0
0
0
0
0
0
0
0
0
0
-1.07638
-1.67449
-1.64247
-1.35126
0
0
0
0
0
0
0
0
0
0
0
0
-1.11457
-1.70895
-1.67148
-1.26662
0
0
0
0
0
0
0
0
0
0
0
-0.216761
-1.12393
-1.69664
-1.65919
-1.15378
0
0
0
0
0
0
0
0
0
0
0
-0.324788
-1.11795
-1.68231
-1.64369
-1.03639
0
0
0
0
0
0
0
0
0
0
0
-0.325947
-1.03574
-1.63809
-1.61841
-0.942653
0
0
0
0
0
0
0
0
0
0
0
-0.282668
-0.924082
-1.58924
-1.60331
-0.873674
0
0
0
0
0
0
0
0
0
0
0
0
-0.743406
-1.50531
-1.58201
-0.837268
0
0
0
0
0
0
0
0
0
0
0
0
-0.521556
-1.38406
-1.55706
-0.83716
0
0
0
0
0
0
0
0
0
0
0
0
-0.238605
-1.19902
-1.48676
-0.861762
-0.0196792
0
0
0
0
0
0
0
0
0
0
0
0
-0.976759
-1.37829
-0.890255
-0.180548
0
0
0
0
0
0
0
0
0
0
0
0
-0.704665
-1.22308
-0.883141
-0.337773
0
0
0
0
0
0
0
0
0
0
0
0
-0.451999
-1.05051
-0.82769
-0.444253
0
0
0
0
0
0
0
0
0
0
0
0
0
-0.879601
-0.726934
-0.487716
0
0
0
0
0
0
0
0
0
0
0
0
0
-0.750411
-0.606403
-0.464643
0
0
0
0
0
0
0
0
0
0
0
0
0
-0.599142
-0.497151
-0.408174
0
0
0
0
0
0
0
0
0
0
0
0
0
0
0
0
0
0
0
0
0
0
0
0
0
0
0
0
0
0
0
0
0
0
0
0
0
0
0
0
0
0
0
0
0
0
0
0
0
0
0
0
0
0
0
0
0
0
0
0
0
0
0
0
0
0
0
0
0
0
0
0
0
0
0
0
0
0
0
0
0
0
0
0
0
0
0
0
0
0
0
0
0
0
0
0
0
0
0
0
0
0
0
0
0
0
0
0
0
0
0
0
0
0
0
0
0
0
0
0
0
0
0
0
0
0
0
0
0
0
0
0
0
0
0
0
0
0
0
0
0
0
0
0
0
0
0
0
0
0
0
0
0
0
0
0
0
0
0
0
0
0
0
0
0
0
0
0
0
0
0
0
0
0
0
0
0
0
0
0
0
0
0
0
0
0
0
0
0
0
0
0
0
0
0
0
0
0
0
0
0
0
0
-0.697446
-0.609593
0
0
0
0
0
0
0
0
0
0
0
0
0
0
-0.851649
-0.910454
-0.306396
0
0
0
0
0
0
0
0
0
0
0
0
0
-0.955058
-1.13024
-0.598479
0
0
0
0
0
0
0
0
0
0
0
0
-0.281268
-1.04137
-1.29931
-0.813883
0
0
0
0
0
0
0
0
0
0
0
0
-0.31095
-1.07796
-1.3863
-0.910936
0
0
0
0
0
0
0
0
0
0
0
0
-0.334872
-1.09197
-1.43354
-0.977326
0
0
0
0
0
0
0
0
0
0
0
0
-0.271767
-1.08545
-1.42975
-0.980871
0
0
0
0
0
0
0
0
0
0
0
0
-0.174157
-1.07206
-1.41711
-0.976888
0
0
0
0
0
0
0
0
0
0
0
0
0
-1.02947
-1.39749
-0.979646
0
0
0
0
0
0
0
0
0
0
0
0
0
-0.981529
-1.38249
-0.986123
-0.548688
0
0
0
0
0
0
0
0
0
0
0
0
-0.912256
-1.39006
-1.06151
-0.856659
0
0
0
0
0
0
0
0
0
0
0
0
-0.841253
-1.40101
-1.13162
-1.10577
0
0
0
0
0
0
0
0
0
0
0
0
-0.83016
-1.45215
-1.23625
-1.24611
0
0
0
0
0
0
0
0
0
0
0
0
-0.829599
-1.49974
-1.3141
-1.31669
0
0
0
0
0
0
0
0
0
0
0
0
-0.910336
-1.54235
-1.36339
-1.23468
0
0
0
0
0
0
0
0
0
0
0
0
-0.987474
-1.57808
-1.39268
-1.11432
0
0
0
0
0
0
0
0
0
0
0
-0.178257
-1.04406
-1.57522
-1.39591
-0.962439
0
0
0
0
0
0
0
0
0
0
0
-0.34765
-1.08044
-1.57218
-1.40132
-0.821876
0
0
0
0
0
0
0
0
0
0
0
-0.400306
-1.03624
-1.54533
-1.41128
-0.750328
0
0
0
0
0
0
0
0
0
0
0
-0.40009
-0.964126
-1.51117
-1.42926
-0.718944
0
0
0
0
0
0
0
0
0
0
0
-0.253139
-0.814054
-1.43907
-1.44002
-0.753174
0
0
0
0
0
0
0
0
0
0
0
0
-0.623895
-1.32903
-1.43689
-0.813773
0
0
0
0
0
0
0
0
0
0
0
0
-0.366002
-1.1525
-1.37359
-0.891299
-0.127971
0
0
0
0
0
0
0
0
0
0
0
0
-0.935398
-1.26953
-0.943927
-0.275711
0
0
0
0
0
0
0
0
0
0
0
0
-0.666178
-1.11358
-0.933201
-0.391355
0
0
0
0
0
0
0
0
0
0
0
0
-0.420243
-0.939027
-0.863944
-0.439259
0
0
0
0
0
0
0
0
0
0
0
0
0
-0.77204
-0.72802
-0.416007
0
0
0
0
0
0
0
0
0
0
0
0
0
-0.639407
-0.580397
-0.336802
0
0
0
0
0
0
0
0
0
0
0
0
0
0
-0.425142
0
0
0
0
0
0
0
0
0
0
0
0
0
0
0
0
0
0
0
0
0
0
0
0
0
0
0
0
0
0
0
0
0
0
0
0
0
0
0
0
0
0
0
0
0
0
0
0
0
0
0
0
0
0
0
0
0
0
0
0
0
0
0
0
0
0
0
0
0
0
0
0
0
0
0
0
0
0
0
0
0
0
0
0
0
0
0
0
0
0
0
0
0
0
0
0
0
0
0
0
0
0
0
0
0
0
0
0
0
0
0
0
0
0
0
0
0
0
0
0
0
0
0
0
0
0
0
0
0
0
0
0
0
0
0
0
0
0
0
0
0
0
0
0
0
0
0
0
0
0
0
0
0
0
0
0
0
0
0
0
0
0
0
0
0
0
0
0
0
0
0
0
0
0
0
0
0
0
0
0
0
0
0
0
0
0
0
0
0
0
0
0
0
0
0
0
0
0
0
0
0
0
0
0
-0.528863
-0.503846
0
0
0
0
0
0
0
0
0
0
0
0
0
0
-0.686764
-0.804545
-0.239836
0
0
0
0
0
0
0
0
0
0
0
0
0
-0.782661
-1.02798
-0.528171
0
0
0
0
0
0
0
0
0
0
0
0
0
-0.866389
-1.19875
-0.744538
0
0
0
0
0
0
0
0
0
0
0
0
-0.244353
-0.900722
-1.28009
-0.831296
0
0
0
0
0
0
0
0
0
0
0
0
-0.243816
-0.90997
-1.32241
-0.876785
0
0
0
0
0
0
0
0
0
0
0
0
0
-0.893211
-1.30924
-0.854589
0
0
0
0
0
0
0
0
0
0
0
0
0
-0.869693
-1.28134
-0.821163
0
0
0
0
0
0
0
0
0
0
0
0
0
-0.825005
-1.25655
-0.806951
0
0
0
0
0
0
0
0
0
0
0
0
0
-0.775614
-1.23865
-0.800716
-0.452809
0
0
0
0
0
0
0
0
0
0
0
0
-0.718258
-1.2571
-0.872548
-0.775596
0
0
0
0
0
0
0
0
0
0
0
0
-0.661419
-1.28154
-0.943441
-1.03431
0
0
0
0
0
0
0
0
0
0
0
0
-0.681537
-1.34165
-1.03599
-1.16721
0
0
0
0
0
0
0
0
0
0
0
0
-0.712644
-1.39912
-1.10818
-1.24
0
0
0
0
0
0
0
0
0
0
0
0
-0.831506
-1.44591
-1.15106
-1.14982
0
0
0
0
0
0
0
0
0
0
0
0
-0.939645
-1.4879
-1.18238
-1.02743
0
0
0
0
0
0
0
0
0
0
0
-0.180312
-1.02143
-1.49469
-1.20472
-0.869556
0
0
0
0
0
0
0
0
0
0
0
-0.380704
-1.07767
-1.50165
-1.23395
-0.729131
0
0
0
0
0
0
0
0
0
0
0
-0.457754
-1.04703
-1.4858
-1.28054
-0.680267
0
0
0
0
0
0
0
0
0
0
0
-0.479212
-0.989172
-1.45821
-1.3317
-0.680193
0
0
0
0
0
0
0
0
0
0
0
-0.35276
-0.847666
-1.39106
-1.37207
-0.762312
0
0
0
0
0
0
0
0
0
0
0
0
-0.668839
-1.28957
-1.38582
-0.860263
-0.041021
0
0
0
0
0
0
0
0
0
0
0
-0.433344
-1.12194
-1.32853
-0.964019
-0.234721
0
0
0
0
0
0
0
0
0
0
0
0
-0.913651
-1.2305
-1.01806
-0.380422
0
0
0
0
0
0
0
0
0
0
0
0
-0.660301
-1.07132
-0.994132
-0.465099
0
0
0
0
0
0
0
0
0
0
0
0
-0.427056
-0.894064
-0.907853
-0.465194
0
0
0
0
0
0
0
0
0
0
0
0
0
-0.722422
-0.742692
-0.385601
0
0
0
0
0
0
0
0
0
0
0
0
0
-0.568324
-0.578103
-0.256387
0
0
0
0
0
0
0
0
0
0
0
0
0
0
0
0
0
0
0
0
0
0
0
0
0
0
0
0
0
0
0
0
0
0
0
0
0
0
0
0
0
0
0
0
0
0
0
0
0
0
0
0
0
0
0
0
0
0
0
0
0
0
0
0
0
0
0
0
0
0
0
0
0
0
0
0
0
0
0
0
0
0
0
0
0
0
0
0
0
0
0
0
0
0
0
0
0
0
0
0
0
0
0
0
0
0
0
0
0
0
0
0
0
0
0
0
0
0
0
0
0
0
0
0
0
0
0
0
0
0
0
0
0
0
0
0
0
0
0
0
0
0
0
0
0
0
0
0
0
0
0
0
0
0
0
0
0
0
0
0
0
0
0
0
0
0
0
0
0
0
0
0
0
0
0
0
0
0
0
0
0
0
0
0
0
0
0
0
0
0
0
0
0
0
0
0
0
0
0
0
0
0
0
0
0
0
0
0
0
0
0
0
0
0
0
0
0
0
0
0
-0.392927
0
0
0
0
0
0
0
0
0
0
0
0
0
0
-0.484222
-0.690888
-0.169696
0
0
0
0
0
0
0
0
0
0
0
0
0
-0.57679
-0.913555
-0.452056
0
0
0
0
0
0
0
0
0
0
0
0
0
-0.654581
-1.08715
-0.66686
0
0
0
0
0
0
0
0
0
0
0
0
0
-0.681333
-1.15913
-0.746311
0
0
0
0
0
0
0
0
0
0
0
0
0
-0.683611
-1.19193
-0.772808
0
0
0
0
0
0
0
0
0
0
0
0
0
-0.650826
-1.16825
-0.723438
0
0
0
0
0
0
0
0
0
0
0
0
0
-0.608142
-1.12461
-0.657414
0
0
0
0
0
0
0
0
0
0
0
0
0
-0.556888
-1.09772
-0.627269
0
0
0
0
0
0
0
0
0
0
0
0
0
-0.503818
-1.07969
-0.610079
-0.36692
0
0
0
0
0
0
0
0
0
0
0
0
-0.466466
-1.1156
-0.681544
-0.698262
0
0
0
0
0
0
0
0
0
0
0
0
-0.433028
-1.15921
-0.755893
-0.961457
0
0
0
0
0
0
0
0
0
0
0
0
-0.500672
-1.23113
-0.833643
-1.08733
0
0
0
0
0
0
0
0
0
0
0
0
-0.575789
-1.30048
-0.897463
-1.16304
0
0
0
0
0
0
0
0
0
0
0
0
-0.743015
-1.3512
-0.92868
-1.06937
0
0
0
0
0
0
0
0
0
0
0
0
-0.887307
-1.39895
-0.957514
-0.949361
0
0
0
0
0
0
0
0
0
0
0
-0.185279
-0.997277
-1.41469
-0.999608
-0.789772
0
0
0
0
0
0
0
0
0
0
0
-0.416565
-1.07599
-1.42968
-1.05432
-0.651671
0
0
0
0
0
0
0
0
0
0
0
-0.518956
-1.06103
-1.42215
-1.14355
-0.625962
0
0
0
0
0
0
0
0
0
0
0
-0.565424
-1.01748
-1.39981
-1.23148
-0.656363
0
0
0
0
0
0
0
0
0
0
0
-0.462833
-0.884063
-1.34069
-1.30133
-0.784417
0
0
0
0
0
0
0
0
0
0
0
0
-0.720726
-1.25075
-1.32973
-0.916385
-0.130912
0
0
0
0
0
0
0
0
0
0
0
-0.513719
-1.09241
-1.28173
-1.03867
-0.343504
0
0
0
0
0
0
0
0
0
0
0
0
-0.899533
-1.19195
-1.08931
-0.486417
0
0
0
0
0
0
0
0
0
0
0
0
-0.669143
-1.03039
-1.05634
-0.536654
0
0
0
0
0
0
0
0
0
0
0
0
-0.445574
-0.858303
-0.954054
-0.493794
0
0
0
0
0
0
0
0
0
0
0
0
0
-0.678518
-0.769276
-0.356103
0
0
0
0
0
0
0
0
0
0
0
0
0
0
-0.589566
0
0
0
0
0
0
0
0
0
0
0
0
0
0
0
0
0
0
0
0
0
0
0
0
0
0
0
0
0
0
0
0
0
0
0
0
0
0
0
0
0
0
0
0
0
0
0
0
0
0
0
0
0
0
0
0
0
0
0
0
0
0
0
0
0
0
0
0
0
0
0
0
0
0
0
0
0
0
0
0
0
0
0
0
0
0
0
0
0
0
0
0
0
0
0
0
0
0
0
0
0
0
0
0
0
0
0
0
0
0
0
0
0
0
0
0
0
0
0
0
0
0
0
0
0
0
0
0
0
0
0
0
0
0
0
0
0
0
0
0
0
0
0
0
0
0
0
0
0
0
0
0
0
0
0
0
0
0
0
0
0
0
0
0
0
0
0
0
0
0
0
0
0
0
0
0
0
0
0
0
0
0
0
0
0
0
0
0
0
0
0
0
0
0
0
0
0
0
0
0
0
0
0
0
0
0
0
0
0
0
0
0
0
0
0
0
0
0
0
0
0
0
0
0
0
0
0
0
0
0
0
0
0
0
0
0
0
-0.526842
0
0
0
0
0
0
0
0
0
0
0
0
0
0
-0.384792
-0.733933
-0.286931
0
0
0
0
0
0
0
0
0
0
0
0
0
-0.454053
-0.905188
-0.498916
0
0
0
0
0
0
0
0
0
0
0
0
0
-0.470035
-0.971562
-0.579751
0
0
0
0
0
0
0
0
0
0
0
0
0
-0.469174
-0.996517
-0.604107
0
0
0
0
0
0
0
0
0
0
0
0
0
-0.428998
-0.968933
-0.546104
0
0
0
0
0
0
0
0
0
0
0
0
0
-0.374949
-0.922159
-0.46595
0
0
0
0
0
0
0
0
0
0
0
0
0
-0.319129
-0.906509
-0.436678
0
0
0
0
0
0
0
0
0
0
0
0
0
-0.263941
-0.900229
-0.424962
-0.224616
0
0
0
0
0
0
0
0
0
0
0
0
-0.251115
-0.965071
-0.513248
-0.55515
0
0
0
0
0
0
0
0
0
0
0
0
-0.245637
-1.03608
-0.605103
-0.81657
0
0
0
0
0
0
0
0
0
0
0
0
-0.362604
-1.13117
-0.695599
-0.948184
0
0
0
0
0
0
0
0
0
0
0
0
-0.478298
-1.221
-0.774977
-1.03822
0
0
0
0
0
0
0
0
0
0
0
0
-0.672931
-1.28137
-0.823918
-0.975603
0
0
0
0
0
0
0
0
0
0
0
0
-0.834658
-1.33756
-0.873772
-0.895625
0
0
0
0
0
0
0
0
0
0
0
-0.176596
-0.947568
-1.35491
-0.940831
-0.779414
0
0
0
0
0
0
0
0
0
0
0
-0.413263
-1.02803
-1.3678
-1.01819
-0.683743
0
0
0
0
0
0
0
0
0
0
0
-0.522341
-1.00815
-1.35323
-1.12224
-0.676213
0
0
0
0
0
0
0
0
0
0
0
-0.581372
-0.959655
-1.3257
-1.21666
-0.715636
0
0
0
0
0
0
0
0
0
0
0
-0.491457
-0.826889
-1.26712
-1.27921
-0.836993
0
0
0
0
0
0
0
0
0
0
0
0
-0.679693
-1.18018
-1.29812
-0.957448
-0.123131
0
0
0
0
0
0
0
0
0
0
0
-0.509549
-1.03375
-1.24737
-1.05735
-0.352262
0
0
0
0
0
0
0
0
0
0
0
0
-0.870882
-1.15405
-1.08866
-0.492468
0
0
0
0
0
0
0
0
0
0
0
0
-0.680682
-0.99524
-1.04443
-0.524143
0
0
0
0
0
0
0
0
0
0
0
0
0
-0.838764
-0.932772
-0.467508
0
0
0
0
0
0
0
0
0
0
0
0
0
-0.653377
-0.755945
-0.307919
0
0
0
0
0
0
0
0
0
0
0
0
0
0
-0.576083
0
0
0
0
0
0
0
0
0
0
0
0
0
0
0
0
0
0
0
0
0
0
0
0
0
0
0
0
0
0
0
0
0
0
0
0
0
0
0
0
0
0
0
0
0
0
0
0
0
0
0
0
0
0
0
0
0
0
0
0
0
0
0
0
0
0
0
0
0
0
0
0
0
0
0
0
0
0
0
0
0
0
0
0
0
0
0
0
0
0
0
0
0
0
0
0
0
0
0
0
0
0
0
0
0
0
0
0
0
0
0
0
0
0
0
0
0
0
0
0
0
0
0
0
0
0
0
0
0
0
0
0
0
0
0
0
0
0
0
0
0
0
0
0
0
0
0
0
0
0
0
0
0
0
0
0
0
0
0
0
0
0
0
0
0
0
0
0
0
0
0
0
0
0
0
0
0
0
0
0
0
0
0
0
0
0
0
0
0
0
0
0
0
0
0
0
0
0
0
0
0
0
0
0
0
0
0
0
0
0
0
0
0
0
0
0
0
0
0
0
0
0
0
0
0
0
0
0
0
0
0
0
0
0
0
0
0
-0.327871
0
0
0
0
0
0
0
0
0
0
0
0
0
0
0
-0.512348
0
0
0
0
0
0
0
0
0
0
0
0
0
0
0
-0.670031
-0.280552
0
0
0
0
0
0
0
0
0
0
0
0
0
0
-0.727239
-0.355956
0
0
0
0
0
0
0
0
0
0
0
0
0
-0.199589
-0.74064
-0.379511
0
0
0
0
0
0
0
0
0
0
0
0
0
0
-0.701756
-0.322545
0
0
0
0
0
0
0
0
0
0
0
0
0
0
-0.646198
-0.236965
0
0
0
0
0
0
0
0
0
0
0
0
0
0
-0.651273
-0.223075
0
0
0
0
0
0
0
0
0
0
0
0
0
0
-0.669783
-0.230837
-0.117515
0
0
0
0
0
0
0
0
0
0
0
0
0
-0.784218
-0.351099
-0.450095
0
0
0
0
0
0
0
0
0
0
0
0
0
-0.897512
-0.47098
-0.711022
-0.383152
0
0
0
0
0
0
0
0
0
0
0
-0.20325
-1.02543
-0.581874
-0.849871
-0.389591
0
0
0
0
0
0
0
0
0
0
0
-0.371467
-1.14099
-0.681705
-0.954318
-0.351613
0
0
0
0
0
0
0
0
0
0
0
-0.59791
-1.21111
-0.752188
-0.922965
0
0
0
0
0
0
0
0
0
0
0
0
-0.779471
-1.27371
-0.824836
-0.88176
0
0
0
0
0
0
0
0
0
0
0
0
-0.89415
-1.28803
-0.915441
-0.806767
0
0
0
0
0
0
0
0
0
0
0
-0.421586
-0.973958
-1.29582
-1.01123
-0.749758
0
0
0
0
0
0
0
0
0
0
0
-0.540747
-0.945484
-1.27454
-1.11981
-0.756096
0
0
0
0
0
0
0
0
0
0
0
-0.611576
-0.892931
-1.24429
-1.20864
-0.799096
0
0
0
0
0
0
0
0
0
0
0
-0.527799
-0.76888
-1.18525
-1.25726
-0.903451
0
0
0
0
0
0
0
0
0
0
0
0
-0.644405
-1.10208
-1.26919
-0.997379
-0.126686
0
0
0
0
0
0
0
0
0
0
0
-0.510363
-0.980521
-1.21457
-1.06887
-0.360312
0
0
0
0
0
0
0
0
0
0
0
0
-0.85792
-1.11956
-1.08468
-0.485744
0
0
0
0
0
0
0
0
0
0
0
0
-0.704336
-0.976845
-1.02752
-0.504877
0
0
0
0
0
0
0
0
0
0
0
0
0
-0.834242
-0.918843
-0.436321
0
0
0
0
0
0
0
0
0
0
0
0
0
-0.62882
-0.755438
-0.266313
0
0
0
0
0
0
0
0
0
0
0
0
0
0
-0.561792
0
0
0
0
0
0
0
0
0
0
0
0
0
0
0
0
0
0
0
0
0
0
0
0
0
0
0
0
0
0
0
0
0
0
0
0
0
0
0
0
0
0
0
0
0
0
0
0
0
0
0
0
0
0
0
0
0
0
0
0
0
0
0
0
0
0
0
0
0
0
0
0
0
0
0
0
0
0
0
0
0
0
0
0
0
0
0
0
0
0
0
0
0
0
0
0
0
0
0
0
0
0
0
0
0
0
0
0
0
0
0
0
0
0
0
0
0
0
0
0
0
0
0
0
0
0
0
0
0
0
0
0
0
0
0
0
0
0
0
0
0
0
0
0
0
0
0
0
0
0
0
0
0
0
0
0
0
0
0
0
0
0
0
0
0
0
0
0
0
0
0
0
0
0
0
0
0
0
0
0
0
0
0
0
0
0
0
0
0
0
0
0
0
0
0
0
0
0
0
0
0
0
0
0
0
0
0
0
0
0
0
0
0
0
0
0
0
0
0
0
0
0
0
0
0
0
0
0
0
0
0
0
0
0
0
0
0
0
0
0
0
0
0
0
0
0
0
0
0
0
0
0
0
0
0
0
0
0
0
0
0
0
0
0
0
0
0
0
0
-0.416781
0
0
0
0
0
0
0
0
0
0
0
0
0
0
0
-0.459464
0
0
0
0
0
0
0
0
0
0
0
0
0
0
0
-0.468686
-0.107143
0
0
0
0
0
0
0
0
0
0
0
0
0
0
-0.431626
0
0
0
0
0
0
0
0
0
0
0
0
0
0
0
-0.379336
0
0
0
0
0
0
0
0
0
0
0
0
0
0
0
-0.413506
0
0
0
0
0
0
0
0
0
0
0
0
0
0
0
-0.46518
-0.0486496
-0.017789
0
0
0
0
0
0
0
0
0
0
0
0
0
-0.625496
-0.211189
-0.341659
0
0
0
0
0
0
0
0
0
0
0
0
0
-0.774439
-0.363808
-0.596165
-0.173194
0
0
0
0
0
0
0
0
0
0
0
0
-0.92684
-0.513075
-0.748311
-0.161726
0
0
0
0
0
0
0
0
0
0
0
-0.274851
-1.05952
-0.646049
-0.870864
0
0
0
0
0
0
0
0
0
0
0
0
-0.502589
-1.13416
-0.754454
-0.881071
0
0
0
0
0
0
0
0
0
0
0
0
-0.683003
-1.19829
-0.859159
-0.886201
0
0
0
0
0
0
0
0
0
0
0
0
-0.784672
-1.20544
-0.965307
-0.857288
0
0
0
0
0
0
0
0
0
0
0
-0.437474
-0.853951
-1.2064
-1.06446
-0.840029
0
0
0
0
0
0
0
0
0
0
0
-0.555752
-0.816644
-1.1745
-1.14783
-0.849124
0
0
0
0
0
0
0
0
0
0
0
-0.624134
-0.766142
-1.13371
-1.20897
-0.876864
0
0
0
0
0
0
0
0
0
0
0
-0.531963
-0.658991
-1.06794
-1.22661
-0.929743
0
0
0
0
0
0
0
0
0
0
0
0
-0.555517
-0.99393
-1.21441
-0.971753
0
0
0
0
0
0
0
0
0
0
0
0
0
-0.906478
-1.14096
-1.00475
-0.257552
0
0
0
0
0
0
0
0
0
0
0
0
-0.818363
-1.04774
-0.994814
-0.366609
0
0
0
0
0
0
0
0
0
0
0
0
-0.691408
-0.924618
-0.929878
-0.383869
0
0
0
0
0
0
0
0
0
0
0
0
0
-0.782984
-0.841444
-0.31594
0
0
0
0
0
0
0
0
0
0
0
0
0
0
-0.690214
0
0
0
0
0
0
0
0
0
0
0
0
0
0
0
0
0
0
0
0
0
0
0
0
0
0
0
0
0
0
0
0
0
0
0
0
0
0
0
0
0
0
0
0
0
0
0
0
0
0
0
0
0
0
0
0
0
0
0
0
0
0
0
0
0
0
0
0
0
0
0
0
0
0
0
0
0
0
0
0
0
0
0
0
0
0
0
0
0
0
0
0
0
0
0
0
0
0
0
0
0
0
0
0
0
0
0
0
0
0
0
0
0
0
0
0
0
0
0
0
0
0
0
0
0
0
0
0
0
0
0
0
0
0
0
0
0
0
0
0
0
0
0
0
0
0
0
0
0
0
0
0
0
0
0
0
0
0
0
0
0
0
0
0
0
0
0
0
0
0
0
0
0
0
0
0
0
0
0
0
0
0
0
0
0
0
0
0
0
0
0
0
0
0
0
0
0
0
0
0
0
0
0
0
0
0
0
0
0
0
0
0
0
0
0
0
0
0
0
0
0
0
0
0
0
0
0
0
0
0
0
0
0
0
0
0
0
0
0
0
0
0
0
0
0
0
0
0
0
0
0
0
0
0
0
0
0
0
0
0
0
0
0
0
0
0
0
0
0
0
0
0
0
0
0
0
0
0
0
0
0
0
0
0
0
0
0
0
0
0
0
0
0
0
0
0
0
0
0
0
0
0
0
0
0
0
0
0
0
0
0
0
0
0
0
0
0
0
0
0
0
0
0
0
0
0
0
0
0
0
0
0
0
0
0
0
0
0
0
0
0
0
0
0
0
0
0
0
0
0
0
0
0
0
0
0
0
0
0
0
0
0
0
0
0
0
0
0
0
0
0
0
0
0
0
0
0
0
0
0
0
-0.224351
0
0
0
0
0
0
0
0
0
0
0
0
0
0
0
-0.44181
0
-0.263051
0
0
0
0
0
0
0
0
0
0
0
0
0
-0.631815
-0.257951
-0.512693
-0.0395312
0
0
0
0
0
0
0
0
0
0
0
0
-0.810959
-0.460136
-0.683016
0
0
0
0
0
0
0
0
0
0
0
0
-0.171128
-0.962307
-0.6325
-0.82514
0
0
0
0
0
0
0
0
0
0
0
0
-0.390484
-1.043
-0.78149
-0.878533
0
0
0
0
0
0
0
0
0
0
0
0
-0.563947
-1.11106
-0.914781
-0.927367
0
0
0
0
0
0
0
0
0
0
0
0
-0.648275
-1.11187
-1.0278
-0.938442
0
0
0
0
0
0
0
0
0
0
0
-0.474448
-0.707971
-1.10465
-1.12316
-0.951582
0
0
0
0
0
0
0
0
0
0
0
-0.579048
-0.665074
-1.05625
-1.17858
-0.951179
0
0
0
0
0
0
0
0
0
0
0
-0.631373
-0.615816
-1.0022
-1.21375
-0.948521
0
0
0
0
0
0
0
0
0
0
0
0
-0.518383
-0.937745
-1.19479
-0.939897
0
0
0
0
0
0
0
0
0
0
0
0
0
-0.883029
-1.15061
-0.929388
0
0
0
0
0
0
0
0
0
0
0
0
0
-0.827719
-1.06517
-0.91505
0
0
0
0
0
0
0
0
0
0
0
0
0
-0.761671
-0.979399
-0.874441
-0.195477
0
0
0
0
0
0
0
0
0
0
0
0
-0.654834
-0.859828
-0.816462
-0.211955
0
0
0
0
0
0
0
0
0
0
0
0
0
-0.697508
-0.742453
0
0
0
0
0
0
0
0
0
0
0
0
0
0
0
-0.582053
0
0
0
0
0
0
0
0
0
0
0
0
0
0
0
0
0
0
0
0
0
0
0
0
0
0
0
0
0
0
0
0
0
0
0
0
0
0
0
0
0
0
0
0
0
0
0
0
0
0
0
0
0
0
0
0
0
0
0
0
0
0
0
0
0
0
0
0
0
0
0
0
0
0
0
0
0
0
0
0
0
0
0
0
0
0
0
0
0
0
0
0
0
0
0
0
0
0
0
0
0
0
0
0
0
0
0
0
0
0
0
0
0
0
0
0
0
0
0
0
0
0
0
0
0
0
0
0
0
0
0
0
0
0
0
0
0
0
0
0
0
0
0
0
0
0
0
0
0
0
0
0
0
0
0
0
0
0
0
0
0
0
0
0
0
0
0
0
0
0
0
0
0
0
0
0
0
0
0
0
0
0
0
0
0
0
0
0
0
0
0
0
0
0
0
0
0
0
0
0
0
0
0
0
0
0
0
0
0
0
0
0
0
0
0
0
0
0
0
0
0
0
0
0
0
0
0
0
0
0
0
0
0
0
0
0
0
0
0
0
0
0
0
0
0
0
0
0
0
0
0
0
0
0
0
0
0
0
0
0
0
0
0
0
0
0
0
0
0
0
0
0
0
0
0
0
0
0
0
0
0
0
0
0
0
0
0
0
0
0
0
0
0
0
0
0
0
0
0
0
0
0
0
0
0
0
0
0
0
0
0
0
0
0
0
0
0
0
0
0
0
0
0
0
0
0
0
0
0
0
0
0
0
0
0
0
0
0
0
0
0
0
0
0
0
0
0
0
0
0
0
0
0
0
0
0
0
0
0
0
0
0
0
0
0
0
0
0
0
0
0
0
0
0
0
0
0
0
0
0
0
0
0
0
0
0
0
0
0
0
0
0
0
0
0
0
0
-0.339443
0
-0.235699
0
0
0
0
0
0
0
0
0
0
0
0
0
-0.549764
-0.175937
-0.475153
0
0
0
0
0
0
0
0
0
0
0
0
0
-0.733242
-0.419338
-0.655739
0
0
0
0
0
0
0
0
0
0
0
0
0
-0.887225
-0.618546
-0.808679
0
0
0
0
0
0
0
0
0
0
0
0
-0.280476
-0.963836
-0.790466
-0.888086
0
0
0
0
0
0
0
0
0
0
0
0
-0.435073
-1.0273
-0.937506
-0.960084
0
0
0
0
0
0
0
0
0
0
0
0
-0.504756
-1.01673
-1.04881
-0.986103
0
0
0
0
0
0
0
0
0
0
0
-0.518327
-0.557502
-0.998286
-1.13909
-1.00351
0
0
0
0
0
0
0
0
0
0
0
-0.602079
-0.510681
-0.938646
-1.17206
-0.980459
0
0
0
0
0
0
0
0
0
0
0
-0.630731
-0.454612
-0.88323
-1.18202
-0.948325
0
0
0
0
0
0
0
0
0
0
0
0
0
-0.827823
-1.13058
-0.89431
0
0
0
0
0
0
0
0
0
0
0
0
0
-0.78158
-1.07013
-0.836922
0
0
0
0
0
0
0
0
0
0
0
0
0
-0.73293
-0.984181
-0.780383
0
0
0
0
0
0
0
0
0
0
0
0
0
-0.663941
-0.890995
-0.729521
0
0
0
0
0
0
0
0
0
0
0
0
0
0
-0.74968
-0.68168
0
0
0
0
0
0
0
0
0
0
0
0
0
0
0
-0.598362
0
0
0
0
0
0
0
0
0
0
0
0
0
0
0
0
0
0
0
0
0
0
0
0
0
0
0
0
0
0
0
0
0
0
0
0
0
0
0
0
0
0
0
0
0
0
0
0
0
0
0
0
0
0
0
0
0
0
0
0
0
0
0
0
0
0
0
0
0
0
0
0
0
0
0
0
0
0
0
0
0
0
0
0
0
0
0
0
0
0
0
0
0
0
0
0
0
0
0
0
0
0
0
0
0
0
0
0
0
0
0
0
0
0
0
0
0
0
0
0
0
0
0
0
0
0
0
0
0
0
0
0
0
0
0
0
0
0
0
0
0
0
0
0
0
0
0
0
0
0
0
0
0
0
0
0
0
0
0
0
0
0
0
0
0
0
0
0
0
0
0
0
0
0
0
0
0
0
0
0
0
0
0
0
0
0
0
0
0
0
0
0
0
0
0
0
0
0
0
0
0
0
0
0
0
0
0
0
0
0
0
0
0
0
0
0
0
0
0
0
0
0
0
0
0
0
0
0
0
0
0
0
0
0
0
0
0
0
0
0
0
0
0
0
0
0
0
0
0
0
0
0
0
0
0
0
0
0
0
0
0
0
0
0
0
0
0
0
0
0
0
0
0
0
0
0
0
0
0
0
0
0
0
0
0
0
0
0
0
0
0
0
0
0
0
0
0
0
0
0
0
0
0
0
0
0
0
0
0
0
0
0
0
0
0
0
0
0
0
0
0
0
0
0
0
0
0
0
0
0
0
0
0
0
0
0
0
0
0
0
0
0
0
0
0
0
0
0
0
0
0
0
0
0
0
0
0
0
0
0
0
0
0
0
0
0
0
0
0
0
0
0
0
0
0
0
0
0
0
0
0
0
0
0
0
0
0
0
0
0
0
0
0
0
0
0
0
0
0
0
0
0
0
0
0
0
0
0
0
0
0
0
0
-0.279709
0
-0.218592
0
0
0
0
0
0
0
0
0
0
0
0
0
-0.497655
0
-0.447743
-0.0284752
0
0
0
0
0
0
0
0
0
0
0
0
-0.672638
-0.377497
-0.636735
0
0
0
0
0
0
0
0
0
0
0
0
0
-0.82043
-0.600243
-0.795909
0
0
0
0
0
0
0
0
0
0
0
0
0
-0.887472
-0.79141
-0.891952
0
0
0
0
0
0
0
0
0
0
0
0
0
-0.943804
-0.950583
-0.975271
0
0
0
0
0
0
0
0
0
0
0
0
0
-0.924498
-1.05903
-1.0045
0
0
0
0
0
0
0
0
0
0
0
0
0
-0.902014
-1.14198
-1.02052
0
0
0
0
0
0
0
0
0
0
0
0
0
-0.838715
-1.15121
-0.979332
0
0
0
0
0
0
0
0
0
0
0
0
0
-0.779251
-1.14197
-0.922726
0
0
0
0
0
0
0
0
0
0
0
0
0
-0.714274
-1.07249
-0.820325
0
0
0
0
0
0
0
0
0
0
0
0
0
-0.648583
-0.999425
-0.71586
0
0
0
0
0
0
0
0
0
0
0
0
0
0
-0.888717
-0.627398
0
0
0
0
0
0
0
0
0
0
0
0
0
0
-0.750249
-0.556361
0
0
0
0
0
0
0
0
0
0
0
0
0
0
0
0
0
0
0
0
0
0
0
0
0
0
0
0
0
0
0
0
0
0
0
0
0
0
0
0
0
0
0
0
0
0
0
0
0
0
0
0
0
0
0
0
0
0
0
0
0
0
0
0
0
0
0
0
0
0
0
0
0
0
0
0
0
0
0
0
0
0
0
0
0
0
0
0
0
0
0
0
0
0
0
0
0
0
0
0
0
0
0
0
0
0
0
0
0
0
0
0
0
0
0
0
0
0
0
0
0
0
0
0
0
0
0
0
0
0
0
0
0
0
0
0
0
0
0
0
0
0
0
0
0
0
0
0
0
0
0
0
0
0
0
0
0
0
0
0
0
0
0
0
0
0
0
0
0
0
0
0
0
0
0
0
0
0
0
0
0
0
0
0
0
0
0
0
0
0
0
0
0
0
0
0
0
0
0
0
0
0
0
0
0
0
0
0
0
0
0
0
0
0
0
0
0
0
0
0
0
0
0
0
0
0
0
0
0
0
0
0
0
0
0
0
0
0
0
0
0
0
0
0
0
0
0
0
0
0
0
0
0
0
0
0
0
0
0
0
0
0
0
0
0
0
0
0
0
0
0
0
0
0
0
0
0
0
0
0
0
0
0
0
0
0
0
0
0
0
0
0
0
0
0
0
0
0
0
0
0
0
0
0
0
0
0
0
0
0
0
0
0
0
0
0
0
0
0
0
0
0
0
0
0
0
0
0
0
0
0
0
0
0
0
0
0
0
0
0
0
0
0
0
0
0
0
0
0
0
0
0
0
0
0
0
0
0
0
0
0
0
0
0
0
0
0
0
0
0
0
0
0
0
0
0
0
0
0
0
-0.627354
0
0
0
0
0
0
0
0
0
0
0
0
0
0
0
-0.579222
0
0
0
0
0
0
0
0
0
0
0
0
0
0
0
0
0
0
0
0
0
0
0
0
0
0
0
0
0
0
0
0
0
0
0
0
0
0
0
0
0
0
0
0
0
0
0
0
-0.28586
0
-0.193135
0
0
0
0
0
0
0
0
0
0
0
0
0
-0.495927
0
-0.408618
-0.076067
0
0
0
0
0
0
0
0
0
0
0
0
-0.652298
-0.325366
-0.593931
0
0
0
0
0
0
0
0
0
0
0
0
0
-0.789101
-0.556329
-0.750262
0
0
0
0
0
0
0
0
0
0
0
0
0
-0.846289
-0.749171
-0.84799
0
0
0
0
0
0
0
0
0
0
0
0
0
-0.898253
-0.908667
-0.932219
0
0
0
0
0
0
0
0
0
0
0
0
0
-0.875335
-1.01066
-0.959143
0
0
0
0
0
0
0
0
0
0
0
0
0
-0.849176
-1.09156
-0.970941
0
0
0
0
0
0
0
0
0
0
0
0
0
-0.774839
-1.09858
-0.914663
0
0
0
0
0
0
0
0
0
0
0
0
0
-0.693067
-1.09367
-0.840504
0
0
0
0
0
0
0
0
0
0
0
0
0
-0.596798
-1.01877
-0.718307
0
0
0
0
0
0
0
0
0
0
0
0
0
0
-0.922793
-0.601774
0
0
0
0
0
0
0
0
0
0
0
0
0
0
-0.767781
-0.491167
0
0
0
0
0
0
0
0
0
0
0
0
0
0
0
0
0
0
0
0
0
0
0
0
0
0
0
0
0
0
0
0
0
0
0
0
0
0
0
0
0
0
0
0
0
0
0
0
0
0
0
0
0
0
0
0
0
0
0
0
0
0
0
0
0
0
0
0
0
0
0
0
0
0
0
0
0
0
0
0
0
0
0
0
0
0
0
0
0
0
0
0
0
0
0
0
0
0
0
0
0
0
0
0
0
0
0
0
0
0
0
0
0
0
0
0
0
0
0
0
0
0
0
0
0
0
0
0
0
0
0
0
0
0
0
0
0
0
0
0
0
0
0
0
0
0
0
0
0
0
0
0
0
0
0
0
0
0
0
0
0
0
0
0
0
0
0
0
0
0
0
0
0
0
0
0
0
0
0
0
0
0
0
0
0
0
0
0
0
0
0
0
0
0
0
0
0
0
0
0
0
0
0
0
0
0
0
0
0
0
0
0
0
0
0
0
0
0
0
0
0
0
0
0
0
0
0
0
0
0
0
0
0
0
0
0
0
0
0
0
0
0
0
0
0
0
0
0
0
0
0
0
0
0
0
0
0
0
0
0
0
0
0
0
0
0
0
0
0
0
0
0
0
0
0
0
0
0
0
0
0
0
0
0
0
0
0
0
0
0
0
0
0
0
0
0
0
0
0
0
0
0
0
0
0
0
0
0
0
0
0
0
0
0
0
0
0
0
0
0
0
0
0
0
0
0
0
0
0
0
0
0
0
0
0
0
0
0
0
0
0
0
0
0
0
0
0
0
0
0
0
0
0
0
0
0
0
0
0
0
0
0
0
0
0
0
0
0
0
0
0
0
0
0
0
0
0
0
0
0
-0.803127
0
0
0
0
0
0
0
0
0
0
0
0
0
0
0
-0.813858
0
0
0
0
0
0
0
0
0
0
0
0
0
0
0
-0.790324
0
0
0
0
0
0
0
0
0
0
0
0
0
0
0
-0.676611
0
0
0
0
0
0
0
0
0
0
0
0
0
0
0
0
0
0
0
0
0
0
0
0
0
0
0
0
0
0
0
0
0
0
-0.171905
0
0
0
0
0
0
0
0
0
0
0
0
0
-0.566873
0
-0.370246
0
0
0
0
0
0
0
0
0
0
0
0
0
-0.697753
-0.275998
-0.541471
0
0
0
0
0
0
0
0
0
0
0
0
0
-0.81739
-0.504789
-0.687611
0
0
0
0
0
0
0
0
0
0
0
0
0
-0.857952
-0.689783
-0.775288
0
0
0
0
0
0
0
0
0
0
0
0
0
-0.896097
-0.84822
-0.850643
0
0
0
0
0
0
0
0
0
0
0
0
0
-0.856783
-0.948931
-0.866776
0
0
0
0
0
0
0
0
0
0
0
0
0
-0.808437
-1.03464
-0.870545
0
0
0
0
0
0
0
0
0
0
0
0
0
-0.70296
-1.04254
-0.809538
0
0
0
0
0
0
0
0
0
0
0
0
0
0
-1.03022
-0.738414
0
0
0
0
0
0
0
0
0
0
0
0
0
0
-0.928882
-0.614211
0
0
0
0
0
0
0
0
0
0
0
0
0
0
-0.786873
-0.475888
0
0
0
0
0
0
0
0
0
0
0
0
0
0
0
0
0
0
0
0
0
0
0
0
0
0
0
0
0
0
0
0
0
0
0
0
0
0
0
0
0
0
0
0
0
0
0
0
0
0
0
0
0
0
0
0
0
0
0
0
0
0
0
0
0
0
0
0
0
0
0
0
0
0
0
0
0
0
0
0
0
0
0
0
0
0
0
0
0
0
0
0
0
0
0
0
0
0
0
0
0
0
0
0
0
0
0
0
0
0
0
0
0
0
0
0
0
0
0
0
0
0
0
0
0
0
0
0
0
0
0
0
0
0
0
0
0
0
0
0
0
0
0
0
0
0
0
0
0
0
0
0
0
0
0
0
0
0
0
0
0
0
0
0
0
0
0
0
0
0
0
0
0
0
0
0
0
0
0
0
0
0
0
0
0
0
0
0
0
0
0
0
0
0
0
0
0
0
0
0
0
0
0
0
0
0
0
0
0
0
0
0
0
0
0
0
0
0
0
0
0
0
0
0
0
0
0
0
0
0
0
0
0
0
0
0
0
0
0
0
0
0
0
0
0
0
0
0
0
0
0
0
0
0
0
0
0
0
0
0
0
0
0
0
0
0
0
0
0
0
0
0
0
0
0
0
0
0
0
0
0
0
0
0
0
0
0
0
0
0
0
0
0
0
0
0
0
0
0
0
0
0
0
0
0
0
0
0
0
0
0
0
0
0
0
0
0
0
0
0
0
0
0
0
0
0
0
0
0
0
0
0
0
0
0
0
0
0
0
0
0
0
0
0
0
0
0
0
0
0
0
0
0
0
0
0
0
0
0
0
0
0
0
0
0
0
0
0
0
0
0
0
0
0
0
0
0
0
0
0
0
0
0
0
0
0
0
0
0
0
0
0
0
0
0
0
-0.95202
0
0
0
0
0
0
0
0
0
0
0
0
0
0
0
-0.927134
0
0
0
0
0
0
0
0
0
0
0
0
0
0
0
-0.895528
0
0
0
0
0
0
0
0
0
0
0
0
0
0
0
-0.791841
0
0
0
0
0
0
0
0
0
0
0
0
0
0
0
0
0
0
0
0
0
0
0
0
0
0
0
0
0
0
0
0
0
0
0
0
0
0
0
0
0
0
0
0
0
0
0
0
-0.621766
0
-0.303252
0
0
0
0
0
0
0
0
0
0
0
0
0
-0.733771
0
-0.458438
0
0
0
0
0
0
0
0
0
0
0
0
0
-0.837536
-0.470305
-0.594394
0
0
0
0
0
0
0
0
0
0
0
0
0
-0.858597
-0.645149
-0.672883
0
0
0
0
0
0
0
0
0
0
0
0
0
-0.875972
-0.79958
-0.744679
0
0
0
0
0
0
0
0
0
0
0
0
0
-0.810519
-0.892679
-0.76149
0
0
0
0
0
0
0
0
0
0
0
0
0
-0.728288
-0.969506
-0.772332
0
0
0
0
0
0
0
0
0
0
0
0
0
0
-0.960021
-0.71904
0
0
0
0
0
0
0
0
0
0
0
0
0
0
-0.920004
-0.647405
0
0
0
0
0
0
0
0
0
0
0
0
0
0
-0.775585
0
0
0
0
0
0
0
0
0
0
0
0
0
0
0
0
0
0
0
0
0
0
0
0
0
0
0
0
0
0
0
0
0
0
0
0
0
0
0
0
0
0
0
0
0
0
0
0
0
0
0
0
0
0
0
0
0
0
0
0
0
0
0
0
0
0
0
0
0
0
0
0
0
0
0
0
0
0
0
0
0
0
0
0
0
0
0
0
0
0
0
0
0
0
0
0
0
0
0
0
0
0
0
0
0
0
0
0
0
0
0
0
0
0
0
0
0
0
0
0
0
0
0
0
0
0
0
0
0
0
0
0
0
0
0
0
0
0
0
0
0
0
0
0
0
0
0
0
0
0
0
0
0
0
0
0
0
0
0
0
0
0
0
0
0
0
0
0
0
0
0
0
0
0
0
0
0
0
0
0
0
0
0
0
0
0
0
0
0
0
0
0
0
0
0
0
0
0
0
0
0
0
0
0
0
0
0
0
0
0
0
0
0
0
0
0
0
0
0
0
0
0
0
0
0
0
0
0
0
0
0
0
0
0
0
0
0
0
0
0
0
0
0
0
0
0
0
0
0
0
0
0
0
0
0
0
0
0
0
0
0
0
0
0
0
0
0
0
0
0
0
0
0
0
0
0
0
0
0
0
0
0
0
0
0
0
0
0
0
0
0
0
0
0
0
0
0
0
0
0
0
0
0
0
0
0
0
0
0
0
0
0
0
0
0
0
0
0
0
0
0
0
0
0
0
0
0
0
0
0
0
0
0
0
0
0
0
0
0
0
0
0
0
0
0
0
0
0
0
0
0
0
0
0
0
0
0
0
0
0
0
0
0
0
0
0
0
0
0
0
0
0
0
0
0
0
0
0
0
0
0
0
0
0
0
0
0
0
0
0
0
0
0
0
0
0
0
0
0
0
0
0
0
0
0
0
0
0
0
0
0
0
0
0
0
0
0
0
0
0
0
0
0
0
0
0
0
0
0
-1.09358
0
0
0
0
0
0
0
0
0
0
0
0
0
0
0
-1.01331
0
0
0
0
0
0
0
0
0
0
0
0
0
0
0
0
0
0
0
0
0
0
0
0
0
0
0
0
0
0
0
0
0
0
0
0
0
0
0
0
0
0
0
0
0
0
0
0
0
0
0
0
0
0
0
0
0
0
0
0
0
0
0
0
0
0
0
0
0
0
0
0
0
0
0
0
0
0
0
0
-0.698594
0
-0.381001
0
0
0
0
0
0
0
0
0
0
0
0
0
-0.788028
0
-0.504908
0
0
0
0
0
0
0
0
0
0
0
0
0
-0.788387
-0.557194
-0.570814
0
0
0
0
0
0
0
0
0
0
0
0
0
-0.782004
-0.690732
-0.635556
0
0
0
0
0
0
0
0
0
0
0
0
0
0
-0.758086
-0.646072
0
0
0
0
0
0
0
0
0
0
0
0
0
0
-0.807046
-0.648625
0
0
0
0
0
0
0
0
0
0
0
0
0
0
-0.766171
-0.582206
0
0
0
0
0
0
0
0
0
0
0
0
0
0
0
0
0
0
0
0
0
0
0
0
0
0
0
0
0
0
0
0
0
0
0
0
0
0
0
0
0
0
0
0
0
0
0
0
0
0
0
0
0
0
0
0
0
0
0
0
0
0
0
0
0
0
0
0
0
0
0
0
0
0
0
0
0
0
0
0
0
0
0
0
0
0
0
0
0
0
0
0
0
0
0
0
0
0
0
0
0
0
0
0
0
0
0
0
0
0
0
0
0
0
0
0
0
0
0
0
0
0
0
0
0
0
0
0
0
0
0
0
0
0
0
0
0
0
0
0
0
0
0
0
0
0
0
0
0
0
0
0
0
0
0
0
0
0
0
0
0
0
0
0
0
0
0
0
0
0
0
0
0
0
0
0
0
0
0
0
0
0
0
0
0
0
0
0
0
0
0
0
0
0
0
0
0
0
0
0
0
0
0
0
0
0
0
0
0
0
0
0
0
0
0
0
0
0
0
0
0
0
0
0
0
0
0
0
0
0
0
0
0
0
0
0
0
0
0
0
0
0
0
0
0
0
0
0
0
0
0
0
0
0
0
0
0
0
0
0
0
0
0
0
0
0
0
0
0
0
0
0
0
0
0
0
0
0
0
0
0
0
0
0
0
0
0
0
0
0
0
0
0
0
0
0
0
0
0
0
0
0
0
0
0
0
0
0
0
0
0
0
0
0
0
0
0
0
0
0
0
0
0
0
0
0
0
0
0
0
0
0
0
0
0
0
0
0
0
0
0
0
0
0
0
0
0
0
0
0
0
0
0
0
0
0
0
0
0
0
0
0
0
0
0
0
0
0
0
0
0
0
0
0
0
0
0
0
0
0
0
0
0
0
0
0
0
0
0
0
0
0
0
0
0
0
0
0
0
0
0
0
0
0
0
0
0
0
0
0
0
0
0
0
0
0
0
0
0
0
0
0
0
0
0
0
0
0
0
0
0
0
0
0
0
0
0
0
0
0
0
0
0
0
0
0
0
0
0
0
0
0
0
0
0
0
0
0
0
0
0
0
0
0
0
0
0
0
0
0
0
0
0
0
0
0
0
0
0
0
0
0
0
0
0
0
0
0
0
0
0
0
0
0
0
0
0
0
0
0
0
0
0
0
0
0
0
0
0
0
0
0
0
0
0
0
0
0
0
0
0
0
0
0
0
0
0
0
0
0
0
0
0
0
0
0
0
0
0
0
0
0
0
0
0
0
0
0
0
0
0
0
0
0
0
0
0
0
0
0
0
0
0
0
0
0
0
0
0
0
0
0
0
0
0
0
0
0
0
0
0
0
0
0
0
0
0
0
0
0
0
0
0
0
0
0
0
0
0
0
0
0
0
0
0
0
0
0
0
0
0
0
0
0
0
0
0
0
0
0
0
0
0
0
0
0
0
0
0
0
0
0
0
0
0
0
0
0
0
0
0
0
0
0
0
0
0
0
0
0
0
0
0
0
0
0
0
0
0
0
0
0
0
0
0
0
0
0
0
0
0
0
0
0
0
0
0
0
0
0
0
0
0
0
0
0
0
0
0
0
0
0
0
0
0
0
0
0
0
0
0
0
0
0
0
0
0
0
0
0
0
0
0
0
0
0
0
0
0
0
0
0
0
0
0
0
0
0
0
0
0
0
0
0
0
0
0
0
0
0
0
0
0
0
0
0
0
0
0
0
0
0
0
0
0
0
0
0
0
0
0
0
0
0
0
0
0
0
0
0
0
0
0
0
0
0
0
0
0
0
0
0
0
0
0
0
0
0
0
0
0
0
0
0
0
0
0
0
0
0
0
0
0
0
0
0
0
0
0
0
0
0
0
0
0
0
0
0
0
0
0
0
0
0
0
0
0
0
0
0
0
0
0
0
0
0
0
0
0
0
0
0
0
0
0
0
0
0
0
0
0
0
0
0
0
0
0
0
0
0
0
0
0
0
0
0
0
0
0
0
0
0
0
0
0
0
0
0
0
0
0
0
0
0
0
0
0
0
0
0
0
0
0
0
0
0
0
0
0
0
0
0
0
0
0
0
0
0
0
0
0
0
0
0
0
0
0
0
0
0
0
0
0
0
0
0
0
0
0
0
0
0
0
0
0
0
0
0
0
0
0
0
0
0
0
0
0
0
0
0
0
0
0
0
0
0
0
0
0
0
0
0
0
0
0
0
0
0
0
0
0
0
0
0
0
0
0
0
0
0
0
0
0
0
0
0
0
0
0
0
0
0
0
0
0
0
0
0
0
0
0
0
0
0
0
0
0
0
0
0
0
0
0
0
0
0
0
0
0
0
0
0
0
0
0
0
0
0
0
0
0
0
0
0
0
0
0
0
0
0
0
0
0
0
0
0
0
0
0
0
0
0
0
0
0
0
0
0
0
0
0
0
0
0
0
0
0
0
0
0
0
0
0
0
0
0
0
0
0
0
0
0
0
0
0
0
0
0
0
0
0
0
0
0
0
0
0
0
0
0
0
0
0
0
0
0
0
0
0
0
0
0
0
0
0
0
0
0
0
0
0
0
0
0
0
0
0
0
0
0
0
0
0
0
0
0
0
0
0
0
0
0
0
0
0
0
0
0
0
0
0
0
0
0
0
0
0
0
0
0
0
0
0
0
0
0
0
0
0
0
0
0
0
0
0
0
0
0
0
0
0
0
0
0
0
0
0
0
0
0
0
0
0
0
0
0
0
0
0
0
0
0
0
0
0
0
0
0
0
0
0
0
0
0
0
0
0
0
0
0
0
0
0
0
0
0
0
0
0
0
0
0
0
0
0
0
0
0
0
0
0
0
0
0
0
0
0
0
0
0
0
0
0
0
0
0
0
0
0
0
0
0
0
0
0
0
0
0
0
0
0
0
0
0
0
0
0
0
0
0
0
0
0
0
0
0
0
0
0
0
0
0
0
0
0
0
0
0
0
0
0
0
0
0
0
0
0
0
0
0
0
0
0
0
0
0
0
0
0
0
0
0
0
0
0
0
0
0
0
0
0
0
0
0
0
0
0
0
0
0
0
0
0
0
0
0
0
0
0
0
0
0
0
0
0
0
0
0
0
0
0
0
0
0
0
0
0
0
0
0
0
0
0
0
0
0
0
0
0
0
0
0
0
0
0
0
0
0
0
0
0
0
0
0
0
0
0
0
0
0
0
0
0
0
0
0
0
0
0
0
0
0
0
0
0
0
0
0
0
0
0
0
0
0
0
0
0
0
0
0
0
0
0
0
0
0
0
0
0
0
0
0
0
0
0
0
0
0
0
0
0
0
0
0
0
0
0
0
0
0
0
0
0
0
0
0
0
0
0
0
0
0
0
0
0
0
0
0
0
0
0
0
0
0
0
0
0
0
0
0
0
0
0
0
0
0
0
0
0
0
0
0
0
0
0
0
0
0
0
0
0
0
0
0
0
0
0
0
0
0
0
0
0
0
0
0
0
0
0
0
0
0
0
0
0
0
0
0
0
0
0
0
0
0
0
0
0
0
0
0
0
0
0
0
0
0
0
0
0
0
0
0
0
0
0
0
0
0
0
0
0
0
0
0
0
0
0
0
0
0
0
0
0
0
0
0
0
0
0
0
0
0
0
0
0
0
0
0
0
0
0
0
0
0
0
0
0
0
0
0
0
0
0
0
0
0
0
0
0
0
0
0
0
0
0
0
0
0
0
0
0
0
0
0
0
0
0
0
0
0
0
0
0
0
0
0
0
0
0
0
0
0
0
0
0
0
0
0
0
0
0
0
0
0
0
0
0
0
0
0
0
0
0
0
0
0
0
0
0
0
0
0
0
0
0
0
0
0
0
0
0
0
0
0
0
0
0
0
0
0
0
0
0
0
0
0
0
0
0
0
0
0
0
0
0
0
0
0
0
0
0
0
0
0
0
0
0
0
0
0
0
0
0
0
0
0
0
0
0
0
0
0
0
0
0
0
0
0
0
0
0
0
0
0
0
0
0
0
0
0
0
0
0
0
0
0
0
0
0
0
0
0
0
0
0
0
0
0
0
0
0
0
0
0
0
0
0
0
0
0
0
0
0
0
0
0
0
0
0
0
0
0
0
0
0
0
0
0
0
0
0
0
0
0
0
0
0
0
0
0
0
0
0
0
0
0
0
0
0
0
0
0
0
0
0
0
0
0
0
0
0
0
0
0
0
0
0
0
0
0
0
0
0
0
0
0
0
0
0
0
0
0
0
0
0
0
0
0
0
0
0
0
0
0
0
0
0
0
0
0
0
0
0
0
0
0
0
0
0
0
0
0
0
0
0
0
0
0
0
0
0
0
0
0
0
0
0
0
0
0
0
0
0
0
0
0
0
0
0
0
0
0
0
0
0
0
0
0
0
0
0
0
0
0
0
0
0
0
0
0
0
0
0
0
0
0
0
0
0
0
0
0
0
0
0
0
0
0
0
0
0
0
0
0
0
0
0
0
0
0
0
0
0
0
0
0
0
0
0
0
0
0
0
0
0
0
0
0
0
0
0
0
0
0
0
0
0
0
0
0
0
0
0
0
0
0
0
0
0
0
0
0
0
0
0
0
0
0
0
0
0
0
0
0
0
0
0
0
0
0
0
0
0
0
0
0
0
0
0
0
0
0
0
0
0
0
0
0
0
0
0
0
0
0
0
0
0
0
0
0
0
0
0
0
0
0
0
0
0
0
0
0
0
0
0
0
0
0
0
0
0
0
0
0
0
0
0
0
0
0
0
0
0
0
0
0
0
0
0
0
0
0
0
0
0
0
0
0
0
0
0
0
0
0
0
0
0
0
0
0
0
0
0
0
0
0
0
0
0
0
0
0
0
0
0
0
0
0
0
0
0
0
0
0
0
0
0
0
0
0
0
0
0
0
0
0
0
0
0
0
0
0
0
0
0
0
0
0
0
0
0
0
0
0
0
0
0
0
0
0
0
0
0
0
0
0
0
0
0
0
0
0
0
0
0
0
0
0
0
0
0
0
0
0
0
0
0
0
0
0
0
0
0
0
0
0
0
0
0
0
0
0
0
0
0
0
0
0
0
0
0
0
0
0
0
0
0
0
0
0
0
0
0
0
0
0
0
0
0
0
0
0
0
0
0
0
0
0
0
0
0
0
0
0
0
0
0
0
0
0
0
0
0
0
0
0
0
0
0
0
0
0
0
0
0
0
0
0
0
0
0
0
0
0
0
0
0
0
0
0
0
0
0
0
0
0
0
0
0
0
0
0
0
0
0
0
0
0
0
0
0
0
0
0
0
0
0
0
0
0
0
0
0
0
0
0
0
0
0
0
0
0
0
0
0
0
0
0
0
0
0
0
0
0
0
0
0
0
0
0
0
0
0
0
0
0
0
0
0
0
0
0
0
0
0
0
0
0
0
0
0
0
0
0
0
0
0
0
0
0
0
0
0
0
0
0
0
0
0
0
0
0
0
0
0
0
0
0
0
0
0
0
0
0
0
0
0
0
0
0
0
0
0
0
0
0
0
0
0
0
0
0
0
0
0
0
0
0
0
0
0
0
0
0
0
0
0
0
0
0
0
0
0
0
0
0
0
0
0
0
0
0
0
0
0
0
0
0
0
0
0
0
0
0
0
0
0
0
0
0
0
0
0
0
0
0
0
0
0
0
0
0
0
0
0
0
0
0
0
0
0
0
0
0
0
0
0
0
0
0
0
0
0
0
0
0
0
0
0
0
0
0
0
0
0
0
0
0
0
0
0
0
0
0
0
0
0
0
0
0
0
0
0
0
0
0
0
0
0
0
0
0
0
0
0
0
0
0
0
0
0
0
0
0
0
0
0
0
0
0
0
0
0
0
0
0
0
0
0
0
0
0
0
0
0
0
0
0
0
0
0
0
0
0
0
0
0
0
0
0
0
0
0
0
0
0
0
0
0
0
0
0
0
0
0
0
0
0
0
0
0
0
0
0
0
0
0
0
0
0
0
0
0
0
0
0
0
0
0
0
0
0
0
0
0
0
0
0
0
0
0
0
0
0
0
0
0
0
0
0
0
0
0
0
0
0
0
0
0
0
0
0
0
0
0
0
0
0
0
0
0
0
0
0
0
0
0
0
0
0
0
0
0
0
0
0
0
0
0
0
0
0
0
0
0
0
0
0
0
0
0
0
0
0
0
0
0
0
0
0
0
0
0
0
0
0
0
0
0
0
0
0
0
0
0
0
0
0
0
0
0
0
0
0
0
0
0
0
0
0
0
0
0
0
0
0
0
0
0
0
0
0
0
0
0
0
0
0
0
0
0
0
0
0
0
0
0
0
0
0
0
0
0
0
0
0
0
0
0
0
0
0
0
0
0
0
0
0
0
0
0
0
0
0
0
0
0
0
0
0
0
0
0
0
0
0
0
0
0
0
0
0
0
0
0
0
0
0
0
0
0
0
0
0
0
0
0
0
0
0
0
0
0
0
0
0
0
0
0
0
0
0
0
0
