41 41 16
0.2 0.2 0.2
-4 -4 -5
0
0
0
0
0
0
0
0
0
0
0
0
0
0
0
0
0
0
0
0
0
0
0
0
0
0
0
0
0
0
0
0
0
0
0
0
0
0
0
0
0
0
0
0
0
0
0
0
0
0
0
0
0
0
0
0
0
0
0
0
0
0
0
0
0
0
0
0
0
0
0
0
0
0
0
0
0
0
0
0
0
0
0
0
0
0
0
0
0
0
0
0
0
0
0
0
0
0
0
0
0
0
0
0
0
0
0
0
0
0
0
0
0
0
0
0
0
0
0
0
0
0
0
0
0
0
0
0
0
0
0
0
0
0
0
0
0
0
0
0
0
0
0
0
0
0
0
0
0
0
0
0
0
0
0
0
0
0
0
0
0
0
0
0
0
0
0
0
0
0
0
0
0
0
0
0
0
0
0
0
0
0
0
0
0
0
0
0
0
0
0
0
0
0
0
0
0
0
0
0
0
-2.67117
0
0
0
0
0
0
0
0
0
0
0
0
0
0
0
-2.77276
0
0
0
0
0
0
0
0
0
0
0
0
0
0
-3.55694
-2.7476
0
0
0
0
0
0
0
0
0
0
0
0
0
0
-3.63687
-2.68114
0
0
0
0
0
0
0
0
0
0
0
0
0
0
-3.6418
-2.61848
0
0
0
0
0
0
0
0
0
0
0
0
0
0
-3.55033
-2.59255
0
0
0
0
0
0
0
0
0
0
0
0
0
0
-3.41356
-2.59874
0
0
0
0
0
0
0
0
0
0
0
0
0
0
-3.25759
-2.57583
0
0
0
0
0
0
0
0
0
0
0
0
0
0
-3.10208
-2.57068
0
0
0
0
0
0
0
0
0
0
0
0
0
0
-2.96891
-2.47941
0
0
0
0
0
0
0
0
0
0
0
0
0
0
-2.82485
-2.39583
0
0
0
0
0
0
0
0
0
0
0
0
0
0
-2.60522
-2.27233
0
0
0
0
0
0
0
0
0
0
0
0
0
0
0
-2.15012
0
0
0
0
0
0
0
0
0
0
0
0
0
0
0
0
0
0
0
0
0
0
0
0
0
0
0
0
0
0
0
0
0
0
0
0
0
0
0
0
0
0
0
0
0
0
0
0
0
0
0
0
0
0
0
0
0
0
0
0
0
0
0
0
0
0
0
0
0
0
0
0
0
0
0
0
0
0
0
0
0
0
0
0
0
0
0
0
0
0
0
0
0
0
0
0
0
0
0
0
0
0
0
0
0
0
0
0
0
0
0
0
0
0
0
0
0
0
0
0
0
0
0
0
0
0
0
0
0
0
0
0
0
0
0
0
0
0
0
0
0
0
0
0
0
0
0
0
0
0
0
0
0
0
0
0
0
0
0
0
0
0
0
0
0
0
0
0
0
0
0
0
0
0
0
0
0
0
0
0
0
0
0
0
0
0
0
0
0
0
0
0
0
0
0
0
0
0
0
0
0
0
0
0
0
0
0
0
0
0
0
0
0
0
0
0
0
0
0
0
0
0
0
0
0
0
0
0
0
0
0
0
0
0
0
0
0
0
0
0
0
0
0
0
0
0
0
0
0
0
0
0
0
0
0
0
0
0
0
0
0
0
0
0
0
0
0
0
0
0
0
0
0
0
0
0
0
0
0
0
0
0
0
0
0
0
0
0
0
0
0
0
0
0
0
0
0
0
0
0
0
0
0
0
0
0
0
0
0
0
0
0
0
0
0
0
0
0
0
0
0
0
0
0
0
0
0
0
0
0
0
0
0
0
0
0
0
0
0
0
0
0
0
0
0
0
0
0
0
0
0
0
0
0
0
0
0
0
0
0
0
0
0
0
0
0
0
0
0
0
0
0
0
0
0
0
0
0
0
0
0
0
0
0
0
0
0
0
0
0
0
0
0
0
0
0
0
0
0
0
0
0
0
0
0
0
0
0
0
0
0
0
0
0
0
0
0
0
0
0
0
0
0
0
0
0
0
0
0
0
0
-2.61549
0
0
0
0
0
0
0
0
0
0
0
0
0
0
0
-2.78441
0
0
0
0
0
0
0
0
0
0
0
0
0
0
-3.57997
-2.78439
0
0
0
0
0
0
0
0
0
0
0
0
0
0
-3.71884
-2.70735
0
0
0
0
0
0
0
0
0
0
0
0
0
-2.76227
-3.74995
-2.60287
0
0
0
0
0
0
0
0
0
0
0
0
0
-2.79766
-3.68638
-2.52311
0
0
0
0
0
0
0
0
0
0
0
0
0
-2.76844
-3.58581
-2.46143
0
0
0
0
0
0
0
0
0
0
0
0
0
-2.64889
-3.4374
-2.42904
-0.92265
0
0
0
0
0
0
0
0
0
0
0
0
-2.48808
-3.27412
-2.42289
-1.01267
0
0
0
0
0
0
0
0
0
0
0
0
-2.31803
-3.1062
-2.39079
-1.01765
0
0
0
0
0
0
0
0
0
0
0
0
0
-2.94352
-2.37647
-1.02716
0
0
0
0
0
0
0
0
0
0
0
0
0
-2.80521
-2.28743
-0.889144
0
0
0
0
0
0
0
0
0
0
0
0
0
-2.66082
-2.20679
0
0
0
0
0
0
0
0
0
0
0
0
0
0
-2.45855
-2.09176
0
0
0
0
0
0
0
0
0
0
0
0
0
0
-2.21579
-1.97557
0
0
0
0
0
0
0
0
0
0
0
0
0
0
0
-1.86153
0
0
0
0
0
0
0
0
0
0
0
0
0
0
0
0
0
0
0
0
0
0
0
0
0
0
0
0
0
0
0
0
0
0
0
0
0
0
0
0
0
0
0
0
0
0
0
0
0
0
0
0
0
0
0
0
0
0
0
0
0
0
0
0
0
0
0
0
0
0
0
0
0
0
0
0
0
0
0
0
0
0
0
0
0
0
0
0
0
0
0
0
0
0
0
0
0
0
0
0
0
0
0
0
0
0
0
0
0
0
0
0
0
0
0
0
0
0
0
0
0
0
0
0
0
0
0
0
0
0
0
0
0
0
0
0
0
0
0
0
0
0
0
0
0
0
0
0
0
0
0
0
0
0
0
0
0
0
0
0
0
0
0
0
0
0
0
0
0
0
0
0
0
0
0
0
0
0
0
0
0
0
0
0
0
0
0
0
0
0
0
0
0
0
0
0
0
0
0
0
0
0
0
0
0
0
0
0
0
0
0
0
0
0
0
0
0
0
0
0
0
0
0
0
0
0
0
0
0
0
0
0
0
0
0
0
0
0
0
0
0
0
0
0
0
0
0
0
0
0
0
0
0
0
0
0
0
0
0
0
0
0
0
0
0
0
0
0
0
0
0
0
0
0
0
0
0
0
0
0
0
0
0
0
0
0
0
0
0
0
0
0
0
0
0
0
0
0
0
0
0
0
0
0
0
0
0
0
0
0
0
0
0
0
0
0
0
0
0
0
0
0
0
0
0
0
0
0
0
0
0
0
0
0
0
0
0
0
0
0
0
0
0
0
0
0
0
0
0
0
0
0
0
0
0
0
0
0
0
0
0
0
0
0
0
0
0
0
0
0
0
0
0
0
0
0
0
0
0
0
0
0
0
-2.55654
0
0
0
0
0
0
0
0
0
0
0
0
0
0
0
-2.75356
0
0
0
0
0
0
0
0
0
0
0
0
0
0
-3.61699
-2.79152
0
0
0
0
0
0
0
0
0
0
0
0
0
-2.7298
-3.71739
-2.72615
0
0
0
0
0
0
0
0
0
0
0
0
0
-2.88021
-3.72931
-2.65429
0
0
0
0
0
0
0
0
0
0
0
0
0
-2.95127
-3.69041
-2.56945
0
0
0
0
0
0
0
0
0
0
0
0
0
-2.94525
-3.65065
-2.45582
0
0
0
0
0
0
0
0
0
0
0
0
0
-2.87855
-3.57334
-2.35802
0
0
0
0
0
0
0
0
0
0
0
0
0
-2.79841
-3.46413
-2.28126
-0.676539
0
0
0
0
0
0
0
0
0
0
0
0
-2.6596
-3.30868
-2.23235
-0.743047
0
0
0
0
0
0
0
0
0
0
0
0
-2.50097
-3.13655
-2.21008
-0.822394
0
0
0
0
0
0
0
0
0
0
0
0
-2.30795
-2.96252
-2.16845
-0.822911
0
0
0
0
0
0
0
0
0
0
0
0
-2.10365
-2.79322
-2.14162
-0.819848
0
0
0
0
0
0
0
0
0
0
0
0
-1.93628
-2.64655
-2.05515
-0.683044
0
0
0
0
0
0
0
0
0
0
0
0
-1.76098
-2.49232
-1.97579
-0.529224
0
0
0
0
0
0
0
0
0
0
0
0
0
-2.28565
-1.87261
0
0
0
0
0
0
0
0
0
0
0
0
0
0
-2.0371
-1.77483
0
0
0
0
0
0
0
0
0
0
0
0
0
0
-1.74004
-1.68519
0
0
0
0
0
0
0
0
0
0
0
0
0
0
0
-1.585
0
0
0
0
0
0
0
0
0
0
0
0
0
0
0
-1.44329
0
0
0
0
0
0
0
0
0
0
0
0
0
0
0
0
0
0
0
0
0
0
0
0
0
0
0
0
0
0
0
0
0
0
0
0
0
0
0
0
0
0
0
0
0
0
0
0
0
0
0
0
0
0
0
0
0
0
0
0
0
0
0
0
0
0
0
0
0
0
0
0
0
0
0
0
0
0
0
0
0
0
0
0
0
0
0
0
0
0
0
0
0
0
0
0
0
0
0
0
0
0
0
0
0
0
0
0
0
0
0
0
0
0
0
0
0
0
0
0
0
0
0
0
0
0
0
0
0
0
0
0
0
0
0
0
0
0
0
0
0
0
0
0
0
0
0
0
0
0
0
0
0
0
0
0
0
0
0
0
0
0
0
0
0
0
0
0
0
0
0
0
0
0
0
0
0
0
0
0
0
0
0
0
0
0
0
0
0
0
0
0
0
0
0
0
0
0
0
0
0
0
0
0
0
0
0
0
0
0
0
0
0
0
0
0
0
0
0
0
0
0
0
0
0
0
0
0
0
0
0
0
0
0
0
0
0
0
0
0
0
0
0
0
0
0
0
0
0
0
0
0
0
0
0
0
0
0
0
0
0
0
0
0
0
0
0
0
0
0
0
0
0
0
0
0
0
0
0
0
0
0
0
0
0
0
0
0
0
0
0
0
0
0
0
0
0
0
0
0
0
0
0
0
0
0
0
0
0
0
0
0
0
0
0
0
0
0
0
0
0
0
0
0
0
0
0
0
0
0
0
0
0
0
0
-2.64853
0
0
0
0
0
0
0
0
0
0
0
0
0
0
-3.60466
-2.7908
0
0
0
0
0
0
0
0
0
0
0
0
0
0
-3.74134
-2.71463
0
0
0
0
0
0
0
0
0
0
0
0
0
-2.91472
-3.7104
-2.63747
-1.19233
0
0
0
0
0
0
0
0
0
0
0
0
-2.90543
-3.62078
-2.55146
-1.09332
0
0
0
0
0
0
0
0
0
0
0
0
-2.84381
-3.58079
-2.44222
-0.875044
0
0
0
0
0
0
0
0
0
0
0
0
-2.7751
-3.52827
-2.33744
-0.709116
0
0
0
0
0
0
0
0
0
0
0
0
-2.75073
-3.46261
-2.23507
-0.579215
0
0
0
0
0
0
0
0
0
0
0
0
-2.7105
-3.36436
-2.16165
-0.548747
0
0
0
0
0
0
0
0
0
0
0
0
-2.65966
-3.24498
-2.11193
-0.601263
0
0
0
0
0
0
0
0
0
0
0
0
-2.53871
-3.09264
-2.08071
-0.666995
0
0
0
0
0
0
0
0
0
0
0
0
-2.39437
-2.92831
-2.06573
-0.738881
0
0
0
0
0
0
0
0
0
0
0
0
-2.1971
-2.7625
-2.02835
-0.736054
0
0
0
0
0
0
0
0
0
0
0
0
-1.98185
-2.59737
-1.99608
-0.72313
0
0
0
0
0
0
0
0
0
0
0
0
-1.78196
-2.44392
-1.91032
-0.588617
0
0
0
0
0
0
0
0
0
0
0
0
-1.56401
-2.27704
-1.82355
-0.431228
0
0
0
0
0
0
0
0
0
0
0
0
-1.35641
-2.05687
-1.7122
0
0
0
0
0
0
0
0
0
0
0
0
0
0
-1.79795
-1.60012
0
0
0
0
0
0
0
0
0
0
0
0
0
0
-1.50644
-1.49026
0
0
0
0
0
0
0
0
0
0
0
0
0
0
-1.27991
-1.37033
0
0
0
0
0
0
0
0
0
0
0
0
0
0
0
-1.21753
0
0
0
0
0
0
0
0
0
0
0
0
0
0
0
0
0
0
0
0
0
0
0
0
0
0
0
0
0
0
0
0
0
0
0
0
0
0
0
0
0
0
0
0
0
0
0
0
0
0
0
0
0
0
0
0
0
0
0
0
0
0
0
0
0
0
0
0
0
0
0
0
0
0
0
0
0
0
0
0
0
0
0
0
0
0
0
0
0
0
0
0
0
0
0
0
0
0
0
0
0
0
0
0
0
0
0
0
0
0
0
0
0
0
0
0
0
0
0
0
0
0
0
0
0
0
0
0
0
0
0
0
0
0
0
0
0
0
0
0
0
0
0
0
0
0
0
0
0
0
0
0
0
0
0
0
0
0
0
0
0
0
0
0
0
0
0
0
0
0
0
0
0
0
0
0
0
0
0
0
0
0
0
0
0
0
0
0
0
0
0
0
0
0
0
0
0
0
0
0
0
0
0
0
0
0
0
0
0
0
0
0
0
0
0
0
0
0
0
0
0
0
0
0
0
0
0
0
0
0
0
0
0
0
0
0
0
0
0
0
0
0
0
0
0
0
0
0
0
0
0
0
0
0
0
0
0
0
0
0
0
0
0
0
0
0
0
0
0
0
0
0
0
0
0
0
0
0
0
0
0
0
0
0
0
0
0
0
0
0
0
0
0
0
0
0
0
0
0
0
0
0
0
0
0
0
0
0
0
0
0
0
0
0
0
0
0
0
0
-2.74506
0
0
0
0
0
0
0
0
0
0
0
0
0
0
-3.79466
-2.83244
0
0
0
0
0
0
0
0
0
0
0
0
0
-3.16043
-3.8826
-2.73998
0
0
0
0
0
0
0
0
0
0
0
0
0
-3.17458
-3.76768
-2.64022
0
0
0
0
0
0
0
0
0
0
0
0
0
-2.97872
-3.64121
-2.48666
-0.910114
0
0
0
0
0
0
0
0
0
0
0
0
-2.75571
-3.52666
-2.34552
-0.870602
0
0
0
0
0
0
0
0
0
0
0
0
-2.63697
-3.42596
-2.22096
-0.72803
0
0
0
0
0
0
0
0
0
0
0
0
-2.56265
-3.33365
-2.13912
-0.620166
0
0
0
0
0
0
0
0
0
0
0
0
-2.54348
-3.25351
-2.08169
-0.516535
0
0
0
0
0
0
0
0
0
0
0
0
-2.51338
-3.16508
-2.04589
-0.488468
0
0
0
0
0
0
0
0
0
0
0
0
-2.48656
-3.06504
-2.02154
-0.529355
0
0
0
0
0
0
0
0
0
0
0
0
-2.3946
-2.94025
-1.99873
-0.577397
0
0
0
0
0
0
0
0
0
0
0
0
-2.28397
-2.80177
-1.98015
-0.626568
0
0
0
0
0
0
0
0
0
0
0
0
-2.1004
-2.65789
-1.94139
-0.61232
0
0
0
0
0
0
0
0
0
0
0
0
-1.89147
-2.50793
-1.90148
-0.585428
0
0
0
0
0
0
0
0
0
0
0
0
-1.65971
-2.34873
-1.82302
-0.459593
0
0
0
0
0
0
0
0
0
0
0
0
-1.39235
-2.16556
-1.73934
-0.309201
0
0
0
0
0
0
0
0
0
0
0
0
-1.14344
-1.91842
-1.63382
0
0
0
0
0
0
0
0
0
0
0
0
0
0
-1.62569
-1.51994
0
0
0
0
0
0
0
0
0
0
0
0
0
0
-1.30487
-1.39237
0
0
0
0
0
0
0
0
0
0
0
0
0
0
-1.05175
-1.23667
0
0
0
0
0
0
0
0
0
0
0
0
0
0
-0.988906
-1.03165
0
0
0
0
0
0
0
0
0
0
0
0
0
0
0
-0.808709
0
0
0
0
0
0
0
0
0
0
0
0
0
0
0
0
0
0
0
0
0
0
0
0
0
0
0
0
0
0
0
0
0
0
0
0
0
0
0
0
0
0
0
0
0
0
0
0
0
0
0
0
0
0
0
0
0
0
0
0
0
0
0
0
0
0
0
0
0
0
0
0
0
0
0
0
0
0
0
0
0
0
0
0
0
0
0
0
0
0
0
0
0
0
0
0
0
0
0
0
0
0
0
0
0
0
0
0
0
0
0
0
0
0
0
0
0
0
0
0
0
0
0
0
0
0
0
0
0
0
0
0
0
0
0
0
0
0
0
0
0
0
0
0
0
0
0
0
0
0
0
0
0
0
0
0
0
0
0
0
0
0
0
0
0
0
0
0
0
0
0
0
0
0
0
0
0
0
0
0
0
0
0
0
0
0
0
0
0
0
0
0
0
0
0
0
0
0
0
0
0
0
0
0
0
0
0
0
0
0
0
0
0
0
0
0
0
0
0
0
0
0
0
0
0
0
0
0
0
0
0
0
0
0
0
0
0
0
0
0
0
0
0
0
0
0
0
0
0
0
0
0
0
0
0
0
0
0
0
0
0
0
0
0
0
0
0
0
0
0
0
0
0
0
0
0
0
0
0
0
0
0
0
0
0
0
0
-2.6262
0
0
0
0
0
0
0
0
0
0
0
0
0
0
-3.78285
-2.74984
0
0
0
0
0
0
0
0
0
0
0
0
0
-3.34538
-3.88247
-2.70288
0
0
0
0
0
0
0
0
0
0
0
0
0
-3.32111
-3.7723
-2.60061
0
0
0
0
0
0
0
0
0
0
0
0
0
-3.09607
-3.65853
-2.46918
-0.666633
0
0
0
0
0
0
0
0
0
0
0
0
-2.80583
-3.49884
-2.29219
-0.698498
0
0
0
0
0
0
0
0
0
0
0
0
-2.56718
-3.35407
-2.17472
-0.734952
0
0
0
0
0
0
0
0
0
0
0
0
-2.40711
-3.24317
-2.08684
-0.649047
0
0
0
0
0
0
0
0
0
0
0
0
-2.30793
-3.16999
-2.0404
-0.581792
0
0
0
0
0
0
0
0
0
0
0
0
-2.30196
-3.11727
-2.0165
-0.494566
0
0
0
0
0
0
0
0
0
0
0
0
-2.30925
-3.05886
-2.00666
-0.451766
0
0
0
0
0
0
0
0
0
0
0
0
-2.33187
-2.9835
-2.00263
-0.454429
0
0
0
0
0
0
0
0
0
0
0
0
-2.28983
-2.88475
-1.98758
-0.459697
0
0
0
0
0
0
0
0
0
0
0
0
-2.22623
-2.77078
-1.96553
-0.468611
0
0
0
0
0
0
0
0
0
0
0
0
-2.0699
-2.64855
-1.92443
-0.434102
0
0
0
0
0
0
0
0
0
0
0
0
-1.88027
-2.51667
-1.87845
-0.391361
0
0
0
0
0
0
0
0
0
0
0
0
-1.63189
-2.3563
-1.80822
-0.278724
0
0
0
0
0
0
0
0
0
0
0
0
-1.33143
-2.16502
-1.73049
0
0
0
0
0
0
0
0
0
0
0
0
0
-1.03888
-1.8997
-1.63128
0
0
0
0
0
0
0
0
0
0
0
0
0
-0.733536
-1.58104
-1.51482
0
0
0
0
0
0
0
0
0
0
0
0
0
0
-1.22726
-1.37092
0
0
0
0
0
0
0
0
0
0
0
0
0
0
-0.921981
-1.18708
0
0
0
0
0
0
0
0
0
0
0
0
0
0
-0.782878
-0.93786
0
0
0
0
0
0
0
0
0
0
0
0
0
0
-0.815056
-0.653529
0
0
0
0
0
0
0
0
0
0
0
0
0
0
-0.97723
0
0
0
0
0
0
0
0
0
0
0
0
0
0
0
0
0
0
0
0
0
0
0
0
0
0
0
0
0
0
0
0
0
0
0
0
0
0
0
0
0
0
0
0
0
0
0
0
0
0
0
0
0
0
0
0
0
0
0
0
0
0
0
0
0
0
0
0
0
0
0
0
0
0
0
0
0
0
0
0
0
0
0
0
0
0
0
0
0
0
0
0
0
0
0
0
0
0
0
0
0
0
0
0
0
0
0
0
0
0
0
0
0
0
0
0
0
0
0
0
0
0
0
0
0
0
0
0
0
0
0
0
0
0
0
0
0
0
0
0
0
0
0
0
0
0
0
0
0
0
0
0
0
0
0
0
0
0
0
0
0
0
0
0
0
0
0
0
0
0
0
0
0
0
0
0
0
0
0
0
0
0
0
0
0
0
0
0
0
0
0
0
0
0
0
0
0
0
0
0
0
0
0
0
0
0
0
0
0
0
0
0
0
0
0
0
0
0
0
0
0
0
0
0
0
0
0
0
0
0
0
0
0
0
0
0
0
0
0
0
0
0
0
0
0
0
0
0
0
0
0
0
0
0
0
0
0
0
0
0
0
0
0
0
0
0
0
0
0
0
0
-3.63619
-2.59765
0
0
0
0
0
0
0
0
0
0
0
0
0
-3.33228
-3.80042
-2.59524
0
0
0
0
0
0
0
0
0
0
0
0
0
-3.41788
-3.74914
-2.54825
0
0
0
0
0
0
0
0
0
0
0
0
0
-3.17868
-3.64568
-2.41164
0
0
0
0
0
0
0
0
0
0
0
0
0
-2.94512
-3.51206
-2.3028
-0.427086
0
0
0
0
0
0
0
0
0
0
0
0
-2.63621
-3.33856
-2.16167
-0.517284
0
0
0
0
0
0
0
0
0
0
0
0
-2.36018
-3.22029
-2.08178
-0.601873
0
0
0
0
0
0
0
0
0
0
0
0
-2.17725
-3.13647
-2.00877
-0.552189
0
0
0
0
0
0
0
0
0
0
0
0
-2.0893
-3.08775
-1.97563
-0.482982
0
0
0
0
0
0
0
0
0
0
0
0
-2.12185
-3.0458
-1.97131
-0.355575
0
0
0
0
0
0
0
0
0
0
0
0
-2.18198
-3.00007
-1.96738
-0.262533
0
0
0
0
0
0
0
0
0
0
0
0
-2.25939
-2.94084
-1.95695
-0.217232
0
0
0
0
0
0
0
0
0
0
0
0
-2.27011
-2.86779
-1.92614
-0.184542
0
0
0
0
0
0
0
0
0
0
0
-0.581599
-2.25629
-2.78236
-1.88646
0
0
0
0
0
0
0
0
0
0
0
0
-0.572563
-2.13249
-2.6865
-1.83728
0
0
0
0
0
0
0
0
0
0
0
0
-0.571748
-1.97289
-2.5806
-1.78645
0
0
0
0
0
0
0
0
0
0
0
0
0
-1.71984
-2.42479
-1.72811
0
0
0
0
0
0
0
0
0
0
0
-1.05008
0
-1.40542
-2.23406
-1.66617
0
0
0
0
0
0
0
0
0
0
0
-1.11944
0
-1.08058
-1.95756
-1.58908
0
0
0
0
0
0
0
0
0
0
0
0
0
-0.72552
-1.62088
-1.49306
0
0
0
0
0
0
0
0
0
0
0
0
0
-0.520264
-1.24113
-1.35595
0
0
0
0
0
0
0
0
0
0
0
0
0
0
-0.887155
-1.15789
0
0
0
0
0
0
0
0
0
0
0
0
0
0
-0.656861
-0.870077
0
0
0
0
0
0
0
0
0
0
0
0
0
0
-0.574681
-0.540116
0
0
0
0
0
0
0
0
0
0
0
0
0
0
-0.613318
0
0
0
0
0
0
0
0
0
0
0
0
0
0
0
0
0
0
0
0
0
0
0
0
0
0
0
0
0
0
0
0
0
0
0
0
0
0
0
0
0
0
0
0
0
0
0
0
0
0
0
0
0
0
0
0
0
0
0
0
0
0
0
0
0
0
0
0
0
0
0
0
0
0
0
0
0
0
0
0
0
0
0
0
0
0
0
0
0
0
0
0
0
0
0
0
0
0
0
0
0
0
0
0
0
0
0
0
0
0
0
0
0
0
0
0
0
0
0
0
0
0
0
0
0
0
0
0
0
0
0
0
0
0
0
0
0
0
0
0
0
0
0
0
0
0
0
0
0
0
0
0
0
0
0
0
0
0
0
0
0
0
0
0
0
0
0
0
0
0
0
0
0
0
0
0
0
0
0
0
0
0
0
0
0
0
0
0
0
0
0
0
0
0
0
0
0
0
0
0
0
0
0
0
0
0
0
0
0
0
0
0
0
0
0
0
0
0
0
0
0
0
0
0
0
0
0
0
0
0
0
0
0
0
0
0
0
0
0
0
0
0
0
0
0
0
0
0
0
0
0
0
0
0
0
-3.32705
-2.35064
0
0
0
0
0
0
0
0
0
0
0
0
0
-3.15453
-3.58504
-2.38051
0
0
0
0
0
0
0
0
0
0
0
0
0
-3.32033
-3.59489
-2.37292
0
0
0
0
0
0
0
0
0
0
0
0
0
-3.20913
-3.55982
-2.30884
0
0
0
0
0
0
0
0
0
0
0
0
0
-2.98529
-3.43951
-2.21104
0
0
0
0
0
0
0
0
0
0
0
0
0
-2.75235
-3.33137
-2.17781
0
0
0
0
0
0
0
0
0
0
0
0
0
-2.43816
-3.21153
-2.08822
-0.378962
0
0
0
0
0
0
0
0
0
0
0
0
-2.18894
-3.15271
-2.04202
-0.4818
0
0
0
0
0
0
0
0
0
0
0
0
-2.03606
-3.09793
-1.98715
-0.409448
0
0
0
0
0
0
0
0
0
0
0
0
-1.98085
-3.06741
-1.94825
-0.311156
0
0
0
0
0
0
0
0
0
0
0
0
-2.04063
-3.03608
-1.92092
0
0
0
0
0
0
0
0
0
0
0
0
-0.538642
-2.13407
-2.99706
-1.89488
0
0
0
0
0
0
0
0
0
0
0
0
-0.509645
-2.25005
-2.93765
-1.87534
0
0
0
0
0
0
0
0
0
0
0
0
-0.511267
-2.3038
-2.86963
-1.84025
0
0
0
0
0
0
0
0
0
0
0
0
-0.531609
-2.33172
-2.79612
-1.79621
0
0
0
0
0
0
0
0
0
0
0
0
-0.544316
-2.23628
-2.71565
-1.74464
0
0
0
0
0
0
0
0
0
0
0
0
-0.562256
-2.10285
-2.63039
-1.69096
0
0
0
0
0
0
0
0
0
0
0
-0.723709
-0.493782
-1.85119
-2.48267
-1.63767
0
0
0
0
0
0
0
0
0
0
0
-0.947118
-0.41039
-1.53341
-2.30327
-1.58115
0
0
0
0
0
0
0
0
0
0
0
-0.991197
0
-1.18972
-2.03562
-1.51233
0
0
0
0
0
0
0
0
0
0
0
-0.978888
0
-0.804846
-1.70645
-1.42407
0
0
0
0
0
0
0
0
0
0
0
0
0
-0.557429
-1.3228
-1.29652
0
0
0
0
0
0
0
0
0
0
0
0
0
-0.433415
-0.934648
-1.11383
0
0
0
0
0
0
0
0
0
0
0
0
0
-0.491802
-0.62451
-0.835353
0
0
0
0
0
0
0
0
0
0
0
0
0
-0.565639
-0.444605
-0.494638
0
0
0
0
0
0
0
0
0
0
0
0
0
-0.684024
0
0
0
0
0
0
0
0
0
0
0
0
0
0
0
0
0
0
0
0
0
0
0
0
0
0
0
0
0
0
0
0
0
0
0
0
0
0
0
0
0
0
0
0
0
0
0
0
0
0
0
0
0
0
0
0
0
0
0
0
0
0
0
0
0
0
0
0
0
0
0
0
0
0
0
0
0
0
0
0
0
0
0
0
0
0
0
0
0
0
0
0
0
0
0
0
0
0
0
0
0
0
0
0
0
0
0
0
0
0
0
0
0
0
0
0
0
0
0
0
0
0
0
0
0
0
0
0
0
0
0
0
0
0
0
0
0
0
0
0
0
0
0
0
0
0
0
0
0
0
0
0
0
0
0
0
0
0
0
0
0
0
0
0
0
0
0
0
0
0
0
0
0
0
0
0
0
0
0
0
0
0
0
0
0
0
0
0
0
0
0
0
0
0
0
0
0
0
0
0
0
0
0
0
0
0
0
0
0
0
0
0
0
0
0
0
0
0
0
0
0
0
0
0
0
0
0
0
0
0
0
0
0
0
0
0
0
0
0
0
-2.88605
0
0
0
0
0
0
0
0
0
0
0
0
0
0
-2.79335
-3.28894
-2.10651
0
0
0
0
0
0
0
0
0
0
0
0
0
-3.1271
-3.34887
-2.1284
0
0
0
0
0
0
0
0
0
0
0
0
0
-3.08063
-3.36773
-2.08867
0
0
0
0
0
0
0
0
0
0
0
0
0
-2.98217
-3.31614
-2.06177
0
0
0
0
0
0
0
0
0
0
0
0
0
-2.7609
-3.22649
-2.04213
0
0
0
0
0
0
0
0
0
0
0
0
0
-2.54525
-3.19121
-2.07337
0
0
0
0
0
0
0
0
0
0
0
0
0
-2.28619
-3.13773
-2.0323
0
0
0
0
0
0
0
0
0
0
0
0
0
-2.10574
-3.12422
-2.01567
-0.25462
0
0
0
0
0
0
0
0
0
0
0
-0.670103
-1.98893
-3.09528
-1.94127
0
0
0
0
0
0
0
0
0
0
0
0
-0.675391
-1.9504
-3.07468
-1.86938
0
0
0
0
0
0
0
0
0
0
0
0
-0.675643
-2.01762
-3.02428
-1.82566
0
0
0
0
0
0
0
0
0
0
0
0
-0.653459
-2.13253
-2.96064
-1.7941
0
0
0
0
0
0
0
0
0
0
0
0
-0.603468
-2.2738
-2.88836
-1.77179
0
0
0
0
0
0
0
0
0
0
0
0
-0.583926
-2.35593
-2.82832
-1.73444
0
0
0
0
0
0
0
0
0
0
0
0
-0.582283
-2.41122
-2.77494
-1.69042
0
0
0
0
0
0
0
0
0
0
0
0
-0.598098
-2.33545
-2.71505
-1.63654
0
0
0
0
0
0
0
0
0
0
0
0
-0.619204
-2.22552
-2.65182
-1.58062
0
0
0
0
0
0
0
0
0
0
0
-0.670221
-0.553686
-1.98303
-2.51172
-1.52422
0
0
0
0
0
0
0
0
0
0
0
-0.870087
-0.468484
-1.67834
-2.34077
-1.46604
0
0
0
0
0
0
0
0
0
0
0
-0.886194
-0.27761
-1.33702
-2.0794
-1.40095
0
0
0
0
0
0
0
0
0
0
0
-0.840161
0
-0.94636
-1.76123
-1.31763
0
0
0
0
0
0
0
0
0
0
0
-0.613531
0
-0.669235
-1.39216
-1.19402
0
0
0
0
0
0
0
0
0
0
0
0
0
-0.503765
-1.0072
-1.01207
0
0
0
0
0
0
0
0
0
0
0
0
0
-0.51873
-0.651823
-0.742401
0
0
0
0
0
0
0
0
0
0
0
0
0
-0.56144
-0.384716
-0.436442
0
0
0
0
0
0
0
0
0
0
0
0
0
-0.642658
0
0
0
0
0
0
0
0
0
0
0
0
0
0
0
-0.608889
0
0
0
0
0
0
0
0
0
0
0
0
0
0
0
0
0
0
0
0
0
0
0
0
0
0
0
0
0
0
0
0
0
0
0
0
0
0
0
0
0
0
0
0
0
0
0
0
0
0
0
0
0
0
0
0
0
0
0
0
0
0
0
0
0
0
0
0
0
0
0
0
0
0
0
0
0
0
0
0
0
0
0
0
0
0
0
0
0
0
0
0
0
0
0
0
0
0
0
0
0
0
0
0
0
0
0
0
0
0
0
0
0
0
0
0
0
0
0
0
0
0
0
0
0
0
0
0
0
0
0
0
0
0
0
0
0
0
0
0
0
0
0
0
0
0
0
0
0
0
0
0
0
0
0
0
0
0
0
0
0
0
0
0
0
0
0
0
0
0
0
0
0
0
0
0
0
0
0
0
0
0
0
0
0
0
0
0
0
0
0
0
0
0
0
0
0
0
0
0
0
0
0
0
0
0
0
0
0
0
0
0
0
0
0
0
0
0
0
0
0
0
0
0
-2.89984
0
0
0
0
0
0
0
0
0
0
0
0
0
0
-2.82434
-3.04282
-1.83164
0
0
0
0
0
0
0
0
0
0
0
0
0
-2.91696
-3.09712
-1.81655
0
0
0
0
0
0
0
0
0
0
0
0
0
-2.85973
-3.09543
-1.79989
0
0
0
0
0
0
0
0
0
0
0
0
0
-2.75537
-3.0683
-1.84676
0
0
0
0
0
0
0
0
0
0
0
0
0
-2.54932
-3.05389
-1.89784
0
0
0
0
0
0
0
0
0
0
0
0
0
-2.39432
-3.09347
-1.98786
0
0
0
0
0
0
0
0
0
0
0
0
0
-2.21738
-3.09495
-1.98709
0
0
0
0
0
0
0
0
0
0
0
0
-0.651007
-2.10148
-3.1275
-1.96414
0
0
0
0
0
0
0
0
0
0
0
0
-0.71143
-2.01686
-3.10871
-1.87805
0
0
0
0
0
0
0
0
0
0
0
0
-0.765394
-1.99652
-3.06791
-1.80388
0
0
0
0
0
0
0
0
0
0
0
0
-0.789769
-2.05366
-2.99587
-1.74451
0
0
0
0
0
0
0
0
0
0
0
0
-0.776268
-2.15322
-2.92576
-1.69858
0
0
0
0
0
0
0
0
0
0
0
0
-0.717357
-2.28242
-2.85349
-1.67099
0
0
0
0
0
0
0
0
0
0
0
0
-0.685386
-2.36873
-2.80069
-1.63542
0
0
0
0
0
0
0
0
0
0
0
0
-0.666576
-2.43705
-2.75921
-1.59582
0
0
0
0
0
0
0
0
0
0
0
0
-0.686627
-2.37486
-2.71229
-1.53996
0
0
0
0
0
0
0
0
0
0
0
-0.312854
-0.713814
-2.28168
-2.66436
-1.48121
0
0
0
0
0
0
0
0
0
0
0
-0.581062
-0.658479
-2.04845
-2.53204
-1.41741
0
0
0
0
0
0
0
0
0
0
0
-0.76357
-0.581662
-1.75789
-2.3713
-1.35318
0
0
0
0
0
0
0
0
0
0
0
-0.763121
-0.397428
-1.42865
-2.11911
-1.28955
0
0
0
0
0
0
0
0
0
0
0
-0.694488
0
-1.05525
-1.81061
-1.21068
0
0
0
0
0
0
0
0
0
0
0
-0.438779
0
-0.782972
-1.44675
-1.10122
0
0
0
0
0
0
0
0
0
0
0
0
0
-0.605726
-1.06067
-0.939913
0
0
0
0
0
0
0
0
0
0
0
0
0
-0.582652
-0.692677
-0.695454
0
0
0
0
0
0
0
0
0
0
0
0
0
-0.582939
-0.403037
-0.414921
0
0
0
0
0
0
0
0
0
0
0
0
0
-0.621236
0
0
0
0
0
0
0
0
0
0
0
0
0
0
0
-0.537033
0
0
0
0
0
0
0
0
0
0
0
0
0
0
0
0
0
0
0
0
0
0
0
0
0
0
0
0
0
0
0
0
0
0
0
0
0
0
0
0
0
0
0
0
0
0
0
0
0
0
0
0
0
0
0
0
0
0
0
0
0
0
0
0
0
0
0
0
0
0
0
0
0
0
0
0
0
0
0
0
0
0
0
0
0
0
0
0
0
0
0
0
0
0
0
0
0
0
0
0
0
0
0
0
0
0
0
0
0
0
0
0
0
0
0
0
0
0
0
0
0
0
0
0
0
0
0
0
0
0
0
0
0
0
0
0
0
0
0
0
0
0
0
0
0
0
0
0
0
0
0
0
0
0
0
0
0
0
0
0
0
0
0
0
0
0
0
0
0
0
0
0
0
0
0
0
0
0
0
0
0
0
0
0
0
0
0
0
0
0
0
0
0
0
0
0
0
0
0
0
0
0
0
0
0
0
0
0
0
0
0
0
0
0
0
0
0
0
0
0
0
0
0
0
-2.71767
0
0
0
0
0
0
0
0
0
0
0
0
0
0
-2.69342
-2.78606
-1.51136
0
0
0
0
0
0
0
0
0
0
0
0
0
-2.71279
-2.81751
-1.48672
0
0
0
0
0
0
0
0
0
0
0
0
0
-2.65306
-2.81918
-1.5274
0
0
0
0
0
0
0
0
0
0
0
0
0
-2.54425
-2.8545
-1.6343
0
0
0
0
0
0
0
0
0
0
0
0
0
-2.393
-2.9174
-1.75046
0
0
0
0
0
0
0
0
0
0
0
0
-0.76192
-2.31458
-3.01473
-1.88305
0
0
0
0
0
0
0
0
0
0
0
0
-0.678319
-2.20869
-3.07004
-1.8925
0
0
0
0
0
0
0
0
0
0
0
0
-0.674883
-2.14971
-3.11883
-1.888
0
0
0
0
0
0
0
0
0
0
0
0
-0.78392
-2.09789
-3.08772
-1.81639
0
0
0
0
0
0
0
0
0
0
0
0
-0.872086
-2.07342
-3.04609
-1.74036
0
0
0
0
0
0
0
0
0
0
0
0
-0.918645
-2.08703
-2.97452
-1.66791
0
0
0
0
0
0
0
0
0
0
0
0
-0.910622
-2.15399
-2.89918
-1.61349
0
0
0
0
0
0
0
0
0
0
0
0
-0.83424
-2.26862
-2.82116
-1.57688
0
0
0
0
0
0
0
0
0
0
0
0
-0.77871
-2.36033
-2.77089
-1.53743
0
0
0
0
0
0
0
0
0
0
0
0
-0.735255
-2.43924
-2.73722
-1.49955
0
0
0
0
0
0
0
0
0
0
0
0
-0.756231
-2.38842
-2.7003
-1.43927
0
0
0
0
0
0
0
0
0
0
0
0
-0.790592
-2.30837
-2.66347
-1.37664
0
0
0
0
0
0
0
0
0
0
0
-0.446943
-0.751072
-2.0854
-2.53793
-1.30135
0
0
0
0
0
0
0
0
0
0
0
-0.612206
-0.693041
-1.80939
-2.38546
-1.229
0
0
0
0
0
0
0
0
0
0
0
-0.60118
-0.531466
-1.49176
-2.14163
-1.17165
0
0
0
0
0
0
0
0
0
0
0
-0.51827
-0.342681
-1.13253
-1.84557
-1.10681
0
0
0
0
0
0
0
0
0
0
0
0
0
-0.863117
-1.49594
-1.02382
0
0
0
0
0
0
0
0
0
0
0
0
0
-0.685071
-1.1191
-0.888848
0
0
0
0
0
0
0
0
0
0
0
0
0
-0.649511
-0.741166
-0.683231
0
0
0
0
0
0
0
0
0
0
0
0
0
-0.623683
-0.440449
-0.445656
0
0
0
0
0
0
0
0
0
0
0
0
0
-0.612293
0
0
0
0
0
0
0
0
0
0
0
0
0
0
0
-0.482082
0
0
0
0
0
0
0
0
0
0
0
0
0
0
0
0
0
0
0
0
0
0
0
0
0
0
0
0
0
0
0
0
0
0
0
0
0
0
0
0
0
0
0
0
0
0
0
0
0
0
0
0
0
0
0
0
0
0
0
0
0
0
0
0
0
0
0
0
0
0
0
0
0
0
0
0
0
0
0
0
0
0
0
0
0
0
0
0
0
0
0
0
0
0
0
0
0
0
0
0
0
0
0
0
0
0
0
0
0
0
0
0
0
0
0
0
0
0
0
0
0
0
0
0
0
0
0
0
0
0
0
0
0
0
0
0
0
0
0
0
0
0
0
0
0
0
0
0
0
0
0
0
0
0
0
0
0
0
0
0
0
0
0
0
0
0
0
0
0
0
0
0
0
0
0
0
0
0
0
0
0
0
0
0
0
0
0
0
0
0
0
0
0
0
0
0
0
0
0
0
0
0
0
0
0
0
0
0
-2.36259
0
0
0
0
0
0
0
0
0
0
0
0
0
0
-2.4678
-2.47208
0
0
0
0
0
0
0
0
0
0
0
0
0
0
-2.54555
-2.52771
-1.1715
0
0
0
0
0
0
0
0
0
0
0
0
0
-2.56478
-2.53574
-1.1824
0
0
0
0
0
0
0
0
0
0
0
0
0
-2.4816
-2.57987
-1.28765
0
0
0
0
0
0
0
0
0
0
0
0
-1.15485
-2.39994
-2.68422
-1.4447
0
0
0
0
0
0
0
0
0
0
0
0
-0.887328
-2.31326
-2.80566
-1.61744
0
0
0
0
0
0
0
0
0
0
0
0
-0.688957
-2.28933
-2.95418
-1.75485
0
0
0
0
0
0
0
0
0
0
0
0
-0.658053
-2.23632
-3.03057
-1.7925
0
0
0
0
0
0
0
0
0
0
0
0
-0.691612
-2.21934
-3.07465
-1.81703
0
0
0
0
0
0
0
0
0
0
0
0
-0.822849
-2.17167
-3.05504
-1.75618
0
0
0
0
0
0
0
0
0
0
0
0
-0.928578
-2.12779
-3.02155
-1.69039
0
0
0
0
0
0
0
0
0
0
0
0
-0.971606
-2.115
-2.94739
-1.60686
0
0
0
0
0
0
0
0
0
0
0
0
-0.943343
-2.16149
-2.87096
-1.5335
0
0
0
0
0
0
0
0
0
0
0
0
-0.838911
-2.25593
-2.79223
-1.47909
0
0
0
0
0
0
0
0
0
0
0
0
-0.765328
-2.33892
-2.74168
-1.43448
0
0
0
0
0
0
0
0
0
0
0
0
-0.710901
-2.41502
-2.70753
-1.39934
0
0
0
0
0
0
0
0
0
0
0
0
-0.745423
-2.36806
-2.67348
-1.33938
0
0
0
0
0
0
0
0
0
0
0
0
-0.796443
-2.29479
-2.64209
-1.27492
0
0
0
0
0
0
0
0
0
0
0
-0.253325
-0.780989
-2.08182
-2.52373
-1.19065
0
0
0
0
0
0
0
0
0
0
0
-0.405804
-0.74812
-1.82148
-2.38157
-1.10973
0
0
0
0
0
0
0
0
0
0
0
-0.390513
-0.617937
-1.52258
-2.14978
-1.05878
0
0
0
0
0
0
0
0
0
0
0
-0.298379
-0.473367
-1.18746
-1.86783
-1.01227
0
0
0
0
0
0
0
0
0
0
0
0
-0.311152
-0.928117
-1.53308
-0.969341
0
0
0
0
0
0
0
0
0
0
0
0
0
-0.740971
-1.17515
-0.878482
0
0
0
0
0
0
0
0
0
0
0
0
0
-0.679608
-0.81552
-0.718436
0
0
0
0
0
0
0
0
0
0
0
0
0
-0.635677
-0.521435
-0.512531
0
0
0
0
0
0
0
0
0
0
0
0
0
-0.58872
-0.256399
-0.240509
0
0
0
0
0
0
0
0
0
0
0
0
0
-0.413599
0
0
0
0
0
0
0
0
0
0
0
0
0
0
0
0
0
0
0
0
0
0
0
0
0
0
0
0
0
0
0
0
0
0
0
0
0
0
0
0
0
0
0
0
0
0
0
0
0
0
0
0
0
0
0
0
0
0
0
0
0
0
0
0
0
0
0
0
0
0
0
0
0
0
0
0
0
0
0
0
0
0
0
0
0
0
0
0
0
0
0
0
0
0
0
0
0
0
0
0
0
0
0
0
0
0
0
0
0
0
0
0
0
0
0
0
0
0
0
0
0
0
0
0
0
0
0
0
0
0
0
0
0
0
0
0
0
0
0
0
0
0
0
0
0
0
0
0
0
0
0
0
0
0
0
0
0
0
0
0
0
0
0
0
0
0
0
0
0
0
0
0
0
0
0
0
0
0
0
0
0
0
0
0
0
0
0
0
0
0
0
0
0
0
0
0
0
0
0
0
0
0
0
0
0
0
0
0
-2.18622
0
0
0
0
0
0
0
0
0
0
0
0
0
0
-2.40783
-2.24832
0
0
0
0
0
0
0
0
0
0
0
0
0
0
-2.4458
-2.26685
-0.837365
0
0
0
0
0
0
0
0
0
0
0
0
0
-2.44061
-2.28199
-0.895796
0
0
0
0
0
0
0
0
0
0
0
0
-1.30927
-2.35896
-2.38335
-1.05184
0
0
0
0
0
0
0
0
0
0
0
0
-1.06175
-2.3241
-2.53849
-1.25603
0
0
0
0
0
0
0
0
0
0
0
0
-0.816387
-2.28843
-2.71185
-1.45556
0
0
0
0
0
0
0
0
0
0
0
0
-0.658561
-2.30153
-2.88408
-1.60974
0
0
0
0
0
0
0
0
0
0
0
0
-0.658794
-2.28915
-2.96042
-1.69037
0
0
0
0
0
0
0
0
0
0
0
0
-0.714993
-2.27937
-3.01971
-1.74015
0
0
0
0
0
0
0
0
0
0
0
0
-0.851947
-2.2237
-3.01379
-1.70235
0
0
0
0
0
0
0
0
0
0
0
0
-0.944837
-2.17828
-2.98583
-1.64386
0
0
0
0
0
0
0
0
0
0
0
0
-0.956996
-2.14886
-2.91916
-1.54483
0
0
0
0
0
0
0
0
0
0
0
0
-0.903435
-2.16788
-2.84486
-1.46002
0
0
0
0
0
0
0
0
0
0
0
0
-0.778647
-2.23408
-2.75921
-1.39977
0
0
0
0
0
0
0
0
0
0
0
0
-0.696396
-2.30344
-2.70021
-1.36138
0
0
0
0
0
0
0
0
0
0
0
0
-0.638315
-2.37279
-2.65949
-1.33667
0
0
0
0
0
0
0
0
0
0
0
0
-0.694529
-2.32756
-2.62531
-1.28405
0
0
0
0
0
0
0
0
0
0
0
0
-0.769163
-2.25798
-2.59662
-1.22033
0
0
0
0
0
0
0
0
0
0
0
0
-0.785663
-2.05476
-2.48492
-1.12797
0
0
0
0
0
0
0
0
0
0
0
0
-0.784358
-1.80896
-2.3528
-1.03494
0
0
0
0
0
0
0
0
0
0
0
0
-0.689195
-1.52871
-2.13599
-0.98385
0
0
0
0
0
0
0
0
0
0
0
0
-0.585496
-1.21941
-1.87528
-0.946299
0
0
0
0
0
0
0
0
0
0
0
0
-0.472834
-0.978303
-1.56472
-0.933342
0
0
0
0
0
0
0
0
0
0
0
0
-0.371671
-0.791859
-1.23007
-0.881604
0
0
0
0
0
0
0
0
0
0
0
0
-0.279313
-0.698199
-0.892388
-0.773289
0
0
0
0
0
0
0
0
0
0
0
0
0
-0.612752
-0.622003
-0.599888
0
0
0
0
0
0
0
0
0
0
0
0
0
-0.529187
-0.372115
-0.348586
0
0
0
0
0
0
0
0
0
0
0
0
0
-0.333702
-0.242227
0
0
0
0
0
0
0
0
0
0
0
0
0
0
0
0
0
0
0
0
0
0
0
0
0
0
0
0
0
0
0
0
0
0
0
0
0
0
0
0
0
0
0
0
0
0
0
0
0
0
0
0
0
0
0
0
0
0
0
0
0
0
0
0
0
0
0
0
0
0
0
0
0
0
0
0
0
0
0
0
0
0
0
0
0
0
0
0
0
0
0
0
0
0
0
0
0
0
0
0
0
0
0
0
0
0
0
0
0
0
0
0
0
0
0
0
0
0
0
0
0
0
0
0
0
0
0
0
0
0
0
0
0
0
0
0
0
0
0
0
0
0
0
0
0
0
0
0
0
0
0
0
0
0
0
0
0
0
0
0
0
0
0
0
0
0
0
0
0
0
0
0
0
0
0
0
0
0
0
0
0
0
0
0
0
0
0
0
0
0
0
0
0
0
0
0
0
0
0
0
0
0
0
0
0
0
0
-1.96724
0
0
0
0
0
0
0
0
0
0
0
0
0
0
-2.33574
-2.01144
0
0
0
0
0
0
0
0
0
0
0
0
0
0
-2.35255
-2.00245
0
0
0
0
0
0
0
0
0
0
0
0
0
0
-2.31679
-2.04711
-0.638358
0
0
0
0
0
0
0
0
0
0
0
0
-1.17493
-2.2553
-2.19776
-0.849312
0
0
0
0
0
0
0
0
0
0
0
0
-0.928558
-2.26417
-2.39128
-1.08513
0
0
0
0
0
0
0
0
0
0
0
0
-0.724605
-2.2601
-2.60088
-1.30088
0
0
0
0
0
0
0
0
0
0
0
0
-0.60459
-2.30106
-2.7678
-1.48414
0
0
0
0
0
0
0
0
0
0
0
0
-0.640154
-2.29699
-2.85763
-1.5896
0
0
0
0
0
0
0
0
0
0
0
0
-0.723159
-2.27429
-2.93073
-1.66321
0
0
0
0
0
0
0
0
0
0
0
0
-0.846643
-2.2237
-2.93367
-1.63759
0
0
0
0
0
0
0
0
0
0
0
0
-0.909911
-2.18018
-2.9183
-1.58075
0
0
0
0
0
0
0
0
0
0
0
0
-0.89144
-2.13942
-2.8578
-1.48356
0
0
0
0
0
0
0
0
0
0
0
0
-0.816573
-2.1451
-2.78088
-1.40837
0
0
0
0
0
0
0
0
0
0
0
0
-0.666089
-2.19766
-2.69096
-1.35938
0
0
0
0
0
0
0
0
0
0
0
0
-0.563372
-2.25679
-2.62948
-1.33681
0
0
0
0
0
0
0
0
0
0
0
0
-0.489733
-2.31722
-2.58785
-1.32522
0
0
0
0
0
0
0
0
0
0
0
0
-0.554938
-2.26951
-2.55537
-1.28445
0
0
0
0
0
0
0
0
0
0
0
0
-0.642207
-2.19993
-2.52772
-1.22348
0
0
0
0
0
0
0
0
0
0
0
0
-0.685841
-2.00364
-2.4206
-1.13089
0
0
0
0
0
0
0
0
0
0
0
0
-0.712615
-1.76938
-2.29412
-1.03049
0
0
0
0
0
0
0
0
0
0
0
0
-0.656303
-1.50652
-2.09088
-0.974688
0
0
0
0
0
0
0
0
0
0
0
0
-0.595851
-1.22022
-1.85374
-0.933739
0
0
0
0
0
0
0
0
0
0
0
0
-0.528502
-1.00062
-1.58031
-0.9273
0
0
0
0
0
0
0
0
0
0
0
0
-0.46454
-0.825928
-1.28999
-0.89029
0
0
0
0
0
0
0
0
0
0
0
0
-0.407391
-0.723995
-0.990314
-0.814568
0
0
0
0
0
0
0
0
0
0
0
0
-0.271933
-0.606359
-0.740773
-0.67692
0
0
0
0
0
0
0
0
0
0
0
0
0
-0.475127
-0.505861
-0.457651
0
0
0
0
0
0
0
0
0
0
0
0
0
-0.280639
-0.389506
-0.271835
0
0
0
0
0
0
0
0
0
0
0
0
0
0
-0.296823
0
0
0
0
0
0
0
0
0
0
0
0
0
0
0
-0.286117
0
0
0
0
0
0
0
0
0
0
0
0
0
0
0
0
0
0
0
0
0
0
0
0
0
0
0
0
0
0
0
0
0
0
0
0
0
0
0
0
0
0
0
0
0
0
0
0
0
0
0
0
0
0
0
0
0
0
0
0
0
0
0
0
0
0
0
0
0
0
0
0
0
0
0
0
0
0
0
0
0
0
0
0
0
0
0
0
0
0
0
0
0
0
0
0
0
0
0
0
0
0
0
0
0
0
0
0
0
0
0
0
0
0
0
0
0
0
0
0
0
0
0
0
0
0
0
0
0
0
0
0
0
0
0
0
0
0
0
0
0
0
0
0
0
0
0
0
0
0
0
0
0
0
0
0
0
0
0
0
0
0
0
0
0
0
0
0
0
0
0
0
0
0
-2.23004
-1.7676
0
0
0
0
0
0
0
0
0
0
0
0
0
0
-2.28766
-1.77626
0
0
0
0
0
0
0
0
0
0
0
0
0
0
-2.26782
-1.7572
0
0
0
0
0
0
0
0
0
0
0
0
0
0
-2.21876
-1.83337
-0.382435
0
0
0
0
0
0
0
0
0
0
0
0
-1.03825
-2.18531
-2.01498
-0.651037
0
0
0
0
0
0
0
0
0
0
0
0
-0.807142
-2.22333
-2.2382
-0.902353
0
0
0
0
0
0
0
0
0
0
0
0
-0.642343
-2.24163
-2.45769
-1.15296
0
0
0
0
0
0
0
0
0
0
0
0
-0.550657
-2.29254
-2.62174
-1.35946
0
0
0
0
0
0
0
0
0
0
0
0
-0.622969
-2.27412
-2.7325
-1.49061
0
0
0
0
0
0
0
0
0
0
0
0
-0.719454
-2.24664
-2.81384
-1.58071
0
0
0
0
0
0
0
0
0
0
0
0
-0.814269
-2.20158
-2.8335
-1.5622
0
0
0
0
0
0
0
0
0
0
0
0
-0.852997
-2.15465
-2.82853
-1.5197
0
0
0
0
0
0
0
0
0
0
0
0
-0.804846
-2.1113
-2.77103
-1.44484
0
0
0
0
0
0
0
0
0
0
0
0
-0.698183
-2.11154
-2.69769
-1.39739
0
0
0
0
0
0
0
0
0
0
0
0
-0.508032
-2.15191
-2.61477
-1.37212
0
0
0
0
0
0
0
0
0
0
0
0
-0.373927
-2.19782
-2.56055
-1.36963
0
0
0
0
0
0
0
0
0
0
0
0
-0.275918
-2.2467
-2.52489
-1.36908
0
0
0
0
0
0
0
0
0
0
0
0
-0.346567
-2.19472
-2.4972
-1.33982
0
0
0
0
0
0
0
0
0
0
0
0
-0.443841
-2.12354
-2.47047
-1.28135
0
0
0
0
0
0
0
0
0
0
0
0
-0.518915
-1.9327
-2.36649
-1.19473
0
0
0
0
0
0
0
0
0
0
0
0
-0.576809
-1.70855
-2.24166
-1.09274
0
0
0
0
0
0
0
0
0
0
0
0
-0.566465
-1.46441
-2.04778
-1.03288
0
0
0
0
0
0
0
0
0
0
0
0
-0.555993
-1.2049
-1.82882
-0.982084
0
0
0
0
0
0
0
0
0
0
0
0
-0.541584
-1.01342
-1.58796
-0.965454
0
0
0
0
0
0
0
0
0
0
0
0
-0.517363
-0.853245
-1.34093
-0.9223
0
0
0
0
0
0
0
0
0
0
0
0
-0.485714
-0.74748
-1.08563
-0.856302
0
0
0
0
0
0
0
0
0
0
0
0
-0.373867
-0.609779
-0.859416
-0.739176
0
0
0
0
0
0
0
0
0
0
0
0
0
-0.431966
-0.630864
-0.555041
0
0
0
0
0
0
0
0
0
0
0
0
0
-0.231336
-0.529982
-0.39027
0
0
0
0
0
0
0
0
0
0
0
0
0
0
-0.44538
-0.196576
0
0
0
0
0
0
0
0
0
0
0
0
0
0
-0.470892
0
0
0
0
0
0
0
0
0
0
0
0
0
0
0
-0.45974
0
0
0
0
0
0
0
0
0
0
0
0
0
0
0
-0.391155
0
0
0
0
0
0
0
0
0
0
0
0
0
0
0
0
0
0
0
0
0
0
0
0
0
0
0
0
0
0
0
0
0
0
0
0
0
0
0
0
0
0
0
0
0
0
0
0
0
0
0
0
0
0
0
0
0
0
0
0
0
0
0
0
0
0
0
0
0
0
0
0
0
0
0
0
0
0
0
0
0
0
0
0
0
0
0
0
0
0
0
0
0
0
0
0
0
0
0
0
0
0
0
0
0
0
0
0
0
0
0
0
0
0
0
0
0
0
0
0
0
0
0
0
0
0
0
0
0
0
0
0
0
0
0
0
0
0
0
0
0
0
-2.2199
-1.58322
0
0
0
0
0
0
0
0
0
0
0
0
0
0
-2.23464
-1.54053
0
0
0
0
0
0
0
0
0
0
0
0
0
0
-2.16106
-1.51396
0
0
0
0
0
0
0
0
0
0
0
0
0
0
-2.09737
-1.60526
0
0
0
0
0
0
0
0
0
0
0
0
0
-0.828238
-2.07841
-1.80532
-0.46893
0
0
0
0
0
0
0
0
0
0
0
0
-0.620879
-2.12513
-2.04475
-0.734458
0
0
0
0
0
0
0
0
0
0
0
0
-0.492264
-2.15868
-2.26434
-1.01934
0
0
0
0
0
0
0
0
0
0
0
0
-0.432535
-2.20016
-2.43983
-1.24036
0
0
0
0
0
0
0
0
0
0
0
0
-0.543278
-2.17221
-2.56798
-1.39098
0
0
0
0
0
0
0
0
0
0
0
0
-0.647345
-2.14774
-2.6627
-1.48489
0
0
0
0
0
0
0
0
0
0
0
0
-0.730397
-2.10276
-2.69737
-1.47897
0
0
0
0
0
0
0
0
0
0
0
0
-0.762149
-2.05844
-2.69696
-1.4636
0
0
0
0
0
0
0
0
0
0
0
0
-0.690289
-2.02311
-2.6457
-1.42624
0
0
0
0
0
0
0
0
0
0
0
0
-0.556432
-2.02611
-2.58464
-1.41704
0
0
0
0
0
0
0
0
0
0
0
0
-0.335648
-2.0653
-2.51783
-1.41842
0
0
0
0
0
0
0
0
0
0
0
0
-0.171911
-2.10742
-2.47782
-1.43198
0
0
0
0
0
0
0
0
0
0
0
0
0
-2.15321
-2.45253
-1.43515
0
0
0
0
0
0
0
0
0
0
0
0
0
-2.09976
-2.43097
-1.41943
0
0
0
0
0
0
0
0
0
0
0
0
-0.180751
-2.0276
-2.40408
-1.36987
0
0
0
0
0
0
0
0
0
0
0
0
-0.267202
-1.83725
-2.30265
-1.31102
0
0
0
0
0
0
0
0
0
0
0
0
-0.338994
-1.61561
-2.1775
-1.23032
0
0
0
0
0
0
0
0
0
0
0
0
-0.360542
-1.38389
-1.99307
-1.17847
0
0
0
0
0
0
0
0
0
0
0
0
-0.383103
-1.14791
-1.79214
-1.11923
0
0
0
0
0
0
0
0
0
0
0
0
-0.405495
-0.993241
-1.58542
-1.07405
0
0
0
0
0
0
0
0
0
0
0
0
-0.41249
-0.861028
-1.38127
-0.999788
0
0
0
0
0
0
0
0
0
0
0
0
-0.40258
-0.764616
-1.17328
-0.911968
0
0
0
0
0
0
0
0
0
0
0
0
-0.313698
-0.622226
-0.977948
-0.7903
0
0
0
0
0
0
0
0
0
0
0
0
0
-0.427113
-0.757114
-0.624005
0
0
0
0
0
0
0
0
0
0
0
0
0
-0.231718
-0.656256
-0.484853
0
0
0
0
0
0
0
0
0
0
0
0
0
0
-0.569186
-0.310983
0
0
0
0
0
0
0
0
0
0
0
0
0
0
-0.596605
-0.194098
0
0
0
0
0
0
0
0
0
0
0
0
0
0
-0.601053
0
0
0
0
0
0
0
0
0
0
0
0
0
0
0
-0.523702
0
0
0
0
0
0
0
0
0
0
0
0
0
0
0
-0.469238
0
0
0
0
0
0
0
0
0
0
0
0
0
0
0
0
0
0
0
0
0
0
0
0
0
0
0
0
0
0
0
0
0
0
0
0
0
0
0
0
0
0
0
0
0
0
0
0
0
0
0
0
0
0
0
0
0
0
0
0
0
0
0
0
0
0
0
0
0
0
0
0
0
0
0
0
0
0
0
0
0
0
0
0
0
0
0
0
0
0
0
0
0
0
0
0
0
0
0
0
0
0
0
0
0
0
0
0
0
0
0
0
0
0
0
0
0
0
0
0
0
0
0
0
0
0
-2.2171
-1.4181
0
0
0
0
0
0
0
0
0
0
0
0
0
0
-2.19227
-1.32075
0
0
0
0
0
0
0
0
0
0
0
0
0
0
-2.0709
-1.27648
0
0
0
0
0
0
0
0
0
0
0
0
0
0
-1.99134
-1.35579
0
0
0
0
0
0
0
0
0
0
0
0
0
0
-1.97012
-1.55975
-0.269103
0
0
0
0
0
0
0
0
0
0
0
0
0
-2.01095
-1.79543
-0.563173
0
0
0
0
0
0
0
0
0
0
0
0
-0.314242
-2.04518
-2.02297
-0.880273
0
0
0
0
0
0
0
0
0
0
0
0
-0.286015
-2.0652
-2.21583
-1.11951
0
0
0
0
0
0
0
0
0
0
0
0
-0.430663
-2.03588
-2.36704
-1.28441
0
0
0
0
0
0
0
0
0
0
0
0
-0.544705
-2.01119
-2.48281
-1.3836
0
0
0
0
0
0
0
0
0
0
0
0
-0.627146
-1.96716
-2.5321
-1.40136
0
0
0
0
0
0
0
0
0
0
0
0
-0.652669
-1.93038
-2.54159
-1.42328
0
0
0
0
0
0
0
0
0
0
0
0
-0.553964
-1.90525
-2.50616
-1.43053
0
0
0
0
0
0
0
0
0
0
0
0
-0.393498
-1.91512
-2.46599
-1.45925
0
0
0
0
0
0
0
0
0
0
0
0
-0.140986
-1.96144
-2.42205
-1.48089
0
0
0
0
0
0
0
0
0
0
0
0
0
-2.00708
-2.39988
-1.50198
0
0
0
0
0
0
0
0
0
0
0
0
0
-2.0553
-2.38603
-1.50084
0
0
0
0
0
0
0
0
0
0
0
0
0
-2.00265
-2.36994
-1.49872
0
0
0
0
0
0
0
0
0
0
0
0
0
-1.93005
-2.3416
-1.46126
0
0
0
0
0
0
0
0
0
0
0
0
0
-1.73785
-2.24372
-1.44169
0
0
0
0
0
0
0
0
0
0
0
0
0
-1.51467
-2.11955
-1.39201
0
0
0
0
0
0
0
0
0
0
0
0
0
-1.29179
-1.9478
-1.35366
0
0
0
0
0
0
0
0
0
0
0
0
0
-1.07646
-1.76636
-1.28997
0
0
0
0
0
0
0
0
0
0
0
0
-0.190047
-0.960294
-1.59208
-1.21606
0
0
0
0
0
0
0
0
0
0
0
0
-0.23208
-0.861352
-1.42352
-1.10592
0
0
0
0
0
0
0
0
0
0
0
0
-0.251482
-0.781798
-1.25231
-0.984339
0
0
0
0
0
0
0
0
0
0
0
0
-0.197353
-0.638133
-1.08283
-0.844587
0
0
0
0
0
0
0
0
0
0
0
0
0
-0.43437
-0.873407
-0.681963
0
0
0
0
0
0
0
0
0
0
0
0
0
-0.253175
-0.767976
-0.564149
0
0
0
0
0
0
0
0
0
0
0
0
0
0
-0.6775
-0.411736
0
0
0
0
0
0
0
0
0
0
0
0
0
0
-0.700089
-0.310886
0
0
0
0
0
0
0
0
0
0
0
0
0
0
-0.712749
0
0
0
0
0
0
0
0
0
0
0
0
0
0
0
-0.63839
0
0
0
0
0
0
0
0
0
0
0
0
0
0
0
-0.570273
0
0
0
0
0
0
0
0
0
0
0
0
0
0
0
0
0
0
0
0
0
0
0
0
0
0
0
0
0
0
0
0
0
0
0
0
0
0
0
0
0
0
0
0
0
0
0
0
0
0
0
0
0
0
0
0
0
0
0
0
0
0
0
0
0
0
0
0
0
0
0
0
0
0
0
0
0
0
0
0
0
0
0
0
0
0
0
0
0
0
0
0
0
0
0
0
0
0
0
0
0
0
0
0
0
0
0
0
0
0
0
0
0
0
0
0
0
0
0
0
0
0
0
0
0
0
-2.21183
0
0
0
0
0
0
0
0
0
0
0
0
0
0
0
-2.14145
-1.11517
0
0
0
0
0
0
0
0
0
0
0
0
0
0
-1.97447
-1.05249
0
0
0
0
0
0
0
0
0
0
0
0
0
0
-1.86717
-1.10843
0
0
0
0
0
0
0
0
0
0
0
0
0
0
-1.82432
-1.31075
0
0
0
0
0
0
0
0
0
0
0
0
0
0
-1.84382
-1.53495
-0.385155
0
0
0
0
0
0
0
0
0
0
0
0
0
-1.86895
-1.78029
-0.723604
0
0
0
0
0
0
0
0
0
0
0
0
0
-1.87146
-1.98964
-0.978005
0
0
0
0
0
0
0
0
0
0
0
0
-0.296465
-1.85277
-2.16441
-1.15576
0
0
0
0
0
0
0
0
0
0
0
0
-0.403811
-1.83395
-2.29695
-1.26668
0
0
0
0
0
0
0
0
0
0
0
0
-0.478525
-1.79904
-2.35365
-1.31472
0
0
0
0
0
0
0
0
0
0
0
0
-0.494008
-1.77424
-2.37154
-1.37738
0
0
0
0
0
0
0
0
0
0
0
0
-0.383743
-1.76172
-2.34936
-1.42831
0
0
0
0
0
0
0
0
0
0
0
0
-0.217169
-1.78238
-2.32874
-1.49086
0
0
0
0
0
0
0
0
0
0
0
0
0
-1.83939
-2.30727
-1.53027
0
0
0
0
0
0
0
0
0
0
0
0
0
-1.8896
-2.30533
-1.56027
0
0
0
0
0
0
0
0
0
0
0
0
0
-1.93972
-2.30705
-1.56006
0
0
0
0
0
0
0
0
0
0
0
0
0
-1.88648
-2.30224
-1.58258
0
0
0
0
0
0
0
0
0
0
0
0
0
-1.81099
-2.27966
-1.57108
0
0
0
0
0
0
0
0
0
0
0
0
0
-1.61852
-2.19263
-1.60914
0
0
0
0
0
0
0
0
0
0
0
0
0
-1.3966
-2.07784
-1.60304
0
0
0
0
0
0
0
0
0
0
0
0
0
-1.19153
-1.92453
-1.5827
0
0
0
0
0
0
0
0
0
0
0
0
0
-1.00543
-1.76674
-1.51478
0
0
0
0
0
0
0
0
0
0
0
0
0
-0.926499
-1.62574
-1.40562
0
0
0
0
0
0
0
0
0
0
0
0
0
-0.854572
-1.49357
-1.25053
0
0
0
0
0
0
0
0
0
0
0
0
0
-0.783202
-1.36532
-1.07639
0
0
0
0
0
0
0
0
0
0
0
0
0
-0.637592
-1.23565
-0.898153
0
0
0
0
0
0
0
0
0
0
0
0
0
-0.426795
-1.07033
-0.712645
0
0
0
0
0
0
0
0
0
0
0
0
0
-0.26689
-0.966388
-0.59055
0
0
0
0
0
0
0
0
0
0
0
0
0
0
-0.866943
-0.436286
0
0
0
0
0
0
0
0
0
0
0
0
0
0
-0.83474
-0.328007
0
0
0
0
0
0
0
0
0
0
0
0
0
0
-0.797265
0
0
0
0
0
0
0
0
0
0
0
0
0
0
0
-0.692063
0
0
0
0
0
0
0
0
0
0
0
0
0
0
0
-0.580919
0
0
0
0
0
0
0
0
0
0
0
0
0
0
0
0
0
0
0
0
0
0
0
0
0
0
0
0
0
0
0
0
0
0
0
0
0
0
0
0
0
0
0
0
0
0
0
0
0
0
0
0
0
0
0
0
0
0
0
0
0
0
0
0
0
0
0
0
0
0
0
0
0
0
0
0
0
0
0
0
0
0
0
0
0
0
0
0
0
0
0
0
0
0
0
0
0
0
0
0
0
0
0
0
0
0
0
0
0
0
-2.31453
0
0
0
0
0
0
0
0
0
0
0
0
0
0
0
-2.22565
0
0
0
0
0
0
0
0
0
0
0
0
0
0
0
-2.1104
-0.92212
0
0
0
0
0
0
0
0
0
0
0
0
0
0
-1.8994
-0.819407
0
0
0
0
0
0
0
0
0
0
0
0
0
0
-1.75019
-0.822366
0
0
0
0
0
0
0
0
0
0
0
0
0
0
-1.66467
-1.0036
0
0
0
0
0
0
0
0
0
0
0
0
0
0
-1.64003
-1.20836
-0.178999
0
0
0
0
0
0
0
0
0
0
0
0
0
-1.64318
-1.48598
-0.544165
0
0
0
0
0
0
0
0
0
0
0
0
0
-1.62774
-1.71884
-0.816203
0
0
0
0
0
0
0
0
0
0
0
0
0
-1.62504
-1.92907
-1.01348
0
0
0
0
0
0
0
0
0
0
0
0
-0.23868
-1.61843
-2.08282
-1.14377
0
0
0
0
0
0
0
0
0
0
0
0
-0.298306
-1.59945
-2.15203
-1.22646
0
0
0
0
0
0
0
0
0
0
0
0
-0.299862
-1.59141
-2.18297
-1.32856
0
0
0
0
0
0
0
0
0
0
0
0
-0.181129
-1.59864
-2.17498
-1.4167
0
0
0
0
0
0
0
0
0
0
0
0
0
-1.63709
-2.17316
-1.50449
0
0
0
0
0
0
0
0
0
0
0
0
0
-1.7095
-2.17214
-1.55473
0
0
0
0
0
0
0
0
0
0
0
0
0
-1.76553
-2.18829
-1.58951
0
0
0
0
0
0
0
0
0
0
0
0
0
-1.81721
-2.20433
-1.58733
0
0
0
0
0
0
0
0
0
0
0
0
0
-1.76228
-2.21118
-1.63829
0
0
0
0
0
0
0
0
0
0
0
0
0
-1.68222
-2.1967
-1.65785
0
0
0
0
0
0
0
0
0
0
0
0
0
-1.49027
-2.12628
-1.75931
0
0
0
0
0
0
0
0
0
0
0
0
0
-1.27129
-2.02862
-1.79598
0
0
0
0
0
0
0
0
0
0
0
0
0
-1.09009
-1.9023
-1.79168
0
0
0
0
0
0
0
0
0
0
0
0
0
-0.938566
-1.77504
-1.72004
0
0
0
0
0
0
0
0
0
0
0
0
0
-0.897143
-1.66937
-1.58216
0
0
0
0
0
0
0
0
0
0
0
0
0
-0.848808
-1.5702
-1.3908
0
0
0
0
0
0
0
0
0
0
0
0
0
-0.782678
-1.47697
-1.17069
0
0
0
0
0
0
0
0
0
0
0
0
0
-0.636004
-1.37802
-0.955383
0
0
0
0
0
0
0
0
0
0
0
0
0
-0.417864
-1.24873
-0.743013
0
0
0
0
0
0
0
0
0
0
0
0
0
-0.279985
-1.14828
-0.609162
0
0
0
0
0
0
0
0
0
0
0
0
0
0
-1.041
-0.447325
0
0
0
0
0
0
0
0
0
0
0
0
0
0
-0.96188
-0.328073
0
0
0
0
0
0
0
0
0
0
0
0
0
0
-0.872166
0
0
0
0
0
0
0
0
0
0
0
0
0
0
0
-0.7347
0
0
0
0
0
0
0
0
0
0
0
0
0
0
0
-0.582901
0
0
0
0
0
0
0
0
0
0
0
0
0
0
0
-0.470697
0
0
0
0
0
0
0
0
0
0
0
0
0
0
0
0
0
0
0
0
0
0
0
0
0
0
0
0
0
0
0
0
0
0
0
0
0
0
0
0
0
0
0
0
0
0
0
0
0
0
0
0
0
0
0
0
0
0
0
0
0
0
0
0
0
0
0
0
0
0
0
0
0
0
0
0
0
0
0
0
0
0
0
0
0
0
0
0
0
0
0
0
0
0
-2.31244
0
0
0
0
0
0
0
0
0
0
0
0
0
0
0
-2.19972
0
0
0
0
0
0
0
0
0
0
0
0
0
0
0
-2.05013
-0.72115
0
0
0
0
0
0
0
0
0
0
0
0
0
0
-1.80735
-0.610691
0
0
0
0
0
0
0
0
0
0
0
0
0
0
-1.62243
-0.595586
0
0
0
0
0
0
0
0
0
0
0
0
0
0
-1.50321
-0.766141
0
0
0
0
0
0
0
0
0
0
0
0
0
0
-1.44308
-0.958052
0
0
0
0
0
0
0
0
0
0
0
0
0
0
-1.43925
-1.24678
-0.356475
0
0
0
0
0
0
0
0
0
0
0
0
0
-1.42578
-1.48639
-0.634358
0
0
0
0
0
0
0
0
0
0
0
0
0
-1.45189
-1.7099
-0.844188
0
0
0
0
0
0
0
0
0
0
0
0
-0.225766
-1.47073
-1.86987
-0.987966
0
0
0
0
0
0
0
0
0
0
0
0
-0.243265
-1.47645
-1.94374
-1.09376
0
0
0
0
0
0
0
0
0
0
0
0
-0.214639
-1.48899
-1.9821
-1.22228
0
0
0
0
0
0
0
0
0
0
0
0
0
-1.5121
-1.98493
-1.33705
0
0
0
0
0
0
0
0
0
0
0
0
0
-1.55567
-2.00153
-1.44566
0
0
0
0
0
0
0
0
0
0
0
0
0
-1.62429
-2.02499
-1.51178
0
0
0
0
0
0
0
0
0
0
0
0
0
-1.66902
-2.07206
-1.56372
0
0
0
0
0
0
0
0
0
0
0
0
0
-1.7065
-2.12101
-1.57966
0
0
0
0
0
0
0
0
0
0
0
0
0
-1.64242
-2.16183
-1.67553
0
0
0
0
0
0
0
0
0
0
0
0
0
-1.55144
-2.17994
-1.74016
0
0
0
0
0
0
0
0
0
0
0
0
0
-1.36925
-2.13948
-1.89663
0
0
0
0
0
0
0
0
0
0
0
0
0
-1.16728
-2.07016
-1.96597
0
0
0
0
0
0
0
0
0
0
0
0
0
-1.02723
-1.96413
-1.9701
0
0
0
0
0
0
0
0
0
0
0
0
0
-0.919575
-1.85629
-1.89329
0
0
0
0
0
0
0
0
0
0
0
0
0
-0.901695
-1.76789
-1.73302
0
0
0
0
0
0
0
0
0
0
0
0
0
-0.860444
-1.69059
-1.51627
0
0
0
0
0
0
0
0
0
0
0
0
0
-0.782236
-1.62878
-1.26449
0
0
0
0
0
0
0
0
0
0
0
0
0
-0.629614
-1.56742
-1.02572
0
0
0
0
0
0
0
0
0
0
0
0
0
-0.405575
-1.48914
-0.798728
0
0
0
0
0
0
0
0
0
0
0
0
0
-0.294108
-1.40523
-0.651867
0
0
0
0
0
0
0
0
0
0
0
0
0
-0.196807
-1.30483
-0.476565
0
0
0
0
0
0
0
0
0
0
0
0
0
-0.297679
-1.17012
-0.332612
0
0
0
0
0
0
0
0
0
0
0
0
0
-0.357469
-1.00817
0
0
0
0
0
0
0
0
0
0
0
0
0
0
-0.366098
-0.795911
0
0
0
0
0
0
0
0
0
0
0
0
0
0
0
-0.558857
0
0
0
0
0
0
0
0
0
0
0
0
0
0
0
0
0
0
0
0
0
0
0
0
0
0
0
0
0
0
0
0
0
0
0
0
0
0
0
0
0
0
0
0
0
0
0
0
0
0
0
0
0
0
0
0
0
0
0
0
0
0
0
0
0
0
0
0
0
0
0
0
0
0
0
0
0
0
0
0
0
0
0
0
0
0
0
0
0
0
0
0
0
0
0
0
0
0
0
0
0
0
0
0
0
0
0
0
0
0
-2.32782
0
0
0
0
0
0
0
0
0
0
0
0
0
0
0
-2.19527
0
0
0
0
0
0
0
0
0
0
0
0
0
0
0
-2.01202
0
0
0
0
0
0
0
0
0
0
0
0
0
0
0
-1.73126
0
0
0
0
0
0
0
0
0
0
0
0
0
0
0
-1.49429
-0.334025
0
0
0
0
0
0
0
0
0
0
0
0
0
0
-1.32432
-0.483101
0
0
0
0
0
0
0
0
0
0
0
0
-0.623045
0
-1.2078
-0.65968
0
0
0
0
0
0
0
0
0
0
0
0
0
0
-1.19782
-0.958858
0
0
0
0
0
0
0
0
0
0
0
0
0
0
-1.19186
-1.20659
-0.418941
0
0
0
0
0
0
0
0
0
0
0
0
0
-1.26038
-1.44553
-0.648808
0
0
0
0
0
0
0
0
0
0
0
0
-0.232949
-1.31635
-1.61461
-0.807969
0
0
0
0
0
0
0
0
0
0
0
0
-0.204213
-1.35424
-1.6965
-0.933578
0
0
0
0
0
0
0
0
0
0
0
0
0
-1.39338
-1.74258
-1.08073
0
0
0
0
0
0
0
0
0
0
0
0
0
-1.43586
-1.75396
-1.21393
0
0
0
0
0
0
0
0
0
0
0
0
0
-1.48378
-1.78753
-1.33645
0
0
0
0
0
0
0
0
0
0
0
0
0
-1.54443
-1.83641
-1.41315
0
0
0
0
0
0
0
0
0
0
0
0
0
-1.57189
-1.91929
-1.47923
0
0
0
0
0
0
0
0
0
0
0
0
0
-1.5879
-2.00783
-1.51223
0
0
0
0
0
0
0
0
0
0
0
0
0
-1.50981
-2.08955
-1.65595
0
0
0
0
0
0
0
0
0
0
0
0
0
-1.40333
-2.14644
-1.76813
0
0
0
0
0
0
0
0
0
0
0
0
0
-1.23567
-2.13972
-1.97728
0
0
0
0
0
0
0
0
0
0
0
0
0
-1.05825
-2.10174
-2.07814
0
0
0
0
0
0
0
0
0
0
0
0
0
-0.969811
-2.01719
-2.09309
0
0
0
0
0
0
0
0
0
0
0
0
0
-0.910892
-1.93003
-2.01651
0
0
0
0
0
0
0
0
0
0
0
0
0
-0.915436
-1.8595
-1.84346
0
0
0
0
0
0
0
0
0
0
0
0
0
-0.878885
-1.8034
-1.61254
0
0
0
0
0
0
0
0
0
0
0
0
0
-0.785559
-1.76836
-1.34247
0
0
0
0
0
0
0
0
0
0
0
0
0
-0.625273
-1.73568
-1.09189
0
0
0
0
0
0
0
0
0
0
0
0
0
-0.39548
-1.69237
-0.857942
0
0
0
0
0
0
0
0
0
0
0
0
0
-0.309887
-1.61928
-0.700249
0
0
0
0
0
0
0
0
0
0
0
0
0
-0.24969
-1.52407
-0.509874
0
0
0
0
0
0
0
0
0
0
0
0
0
-0.389426
-1.35155
-0.340173
0
0
0
0
0
0
0
0
0
0
0
0
0
-0.482241
-1.13573
0
0
0
0
0
0
0
0
0
0
0
0
0
0
-0.519218
-0.856382
0
0
0
0
0
0
0
0
0
0
0
0
0
0
-0.578908
-0.537098
0
0
0
0
0
0
0
0
0
0
0
0
0
0
0
0
0
0
0
0
0
0
0
0
0
0
0
0
0
0
0
0
0
0
0
0
0
0
0
0
0
0
0
0
0
0
0
0
0
0
0
0
0
0
0
0
0
0
0
0
0
0
0
0
0
0
0
0
0
0
0
0
0
0
0
0
0
0
0
0
0
0
0
0
0
0
0
0
0
0
0
0
0
0
0
0
0
0
0
0
0
0
0
0
0
0
0
0
0
0
0
0
0
0
0
0
0
0
0
0
0
0
0
0
0
0
-2.08796
0
0
0
0
0
0
0
0
0
0
0
0
0
0
0
-1.89016
0
0
0
0
0
0
0
0
0
0
0
0
0
0
0
-1.59256
0
0
0
0
0
0
0
0
0
0
0
0
0
0
0
-1.33266
0
0
0
0
0
0
0
0
0
0
0
0
0
0
0
-1.15576
-0.358515
0
0
0
0
0
0
0
0
0
0
0
0
0
0
-1.04131
-0.522728
0
0
0
0
0
0
0
0
0
0
0
0
0
0
-1.07303
-0.783485
0
0
0
0
0
0
0
0
0
0
0
0
0
-0.315764
-1.11285
-1.0057
-0.252045
0
0
0
0
0
0
0
0
0
0
0
0
-0.361004
-1.22583
-1.22304
-0.489746
0
0
0
0
0
0
0
0
0
0
0
0
-0.382757
-1.31779
-1.38125
-0.65178
0
0
0
0
0
0
0
0
0
0
0
0
-0.334396
-1.38319
-1.4645
-0.774862
0
0
0
0
0
0
0
0
0
0
0
0
-0.254373
-1.44003
-1.51542
-0.918124
0
0
0
0
0
0
0
0
0
0
0
0
0
-1.48454
-1.54036
-1.04908
0
0
0
0
0
0
0
0
0
0
0
0
0
-1.51701
-1.59615
-1.17173
0
0
0
0
0
0
0
0
0
0
0
0
0
-1.54777
-1.67684
-1.2515
0
0
0
0
0
0
0
0
0
0
0
0
0
-1.54341
-1.79994
-1.33346
0
0
0
0
0
0
0
0
0
0
0
0
0
-1.52582
-1.92965
-1.39298
0
0
0
0
0
0
0
0
0
0
0
0
0
-1.43061
-2.04926
-1.59514
0
0
0
0
0
0
0
0
0
0
0
0
0
-1.30797
-2.14035
-1.76024
0
0
0
0
0
0
0
0
0
0
0
0
0
-1.15747
-2.15768
-2.00662
0
0
0
0
0
0
0
0
0
0
0
0
0
-1.00527
-2.14062
-2.12943
0
0
0
0
0
0
0
0
0
0
0
0
0
-0.951442
-2.06333
-2.14959
0
0
0
0
0
0
0
0
0
0
0
0
0
-0.919421
-1.98114
-2.07506
0
0
0
0
0
0
0
0
0
0
0
0
0
-0.927416
-1.90995
-1.89769
0
0
0
0
0
0
0
0
0
0
0
0
0
-0.887985
-1.85911
-1.66521
0
0
0
0
0
0
0
0
0
0
0
0
0
-0.784058
-1.83467
-1.39568
0
0
0
0
0
0
0
0
0
0
0
0
0
-0.622882
-1.81843
-1.15278
0
0
0
0
0
0
0
0
0
0
0
0
0
-0.400475
-1.79572
-0.930823
0
0
0
0
0
0
0
0
0
0
0
0
0
-0.346395
-1.73304
-0.776789
0
0
0
0
0
0
0
0
0
0
0
0
0
-0.327087
-1.64877
-0.587271
0
0
0
0
0
0
0
0
0
0
0
0
0
-0.522025
-1.46448
-0.416956
0
0
0
0
0
0
0
0
0
0
0
0
0
-0.658192
-1.2301
-0.203297
0
0
0
0
0
0
0
0
0
0
0
0
0
-0.741374
-0.909454
0
0
0
0
0
0
0
0
0
0
0
0
0
0
-0.835196
-0.531736
0
0
0
0
0
0
0
0
0
0
0
0
0
0
-0.895012
0
0
0
0
0
0
0
0
0
0
0
0
0
0
0
0
0
0
0
0
0
0
0
0
0
0
0
0
0
0
0
0
0
0
0
0
0
0
0
0
0
0
0
0
0
0
0
0
0
0
0
0
0
0
0
0
0
0
0
0
0
0
0
0
0
0
0
0
0
0
0
0
0
0
0
0
0
0
0
0
0
0
0
0
0
0
0
0
0
0
0
0
0
0
0
0
0
0
0
0
0
0
0
0
0
0
0
0
0
0
0
-1.98368
0
0
0
0
0
0
0
0
0
0
0
0
0
0
0
-1.7685
0
0
0
0
0
0
0
0
0
0
0
0
0
0
0
-1.44669
0
0
0
0
0
0
0
0
0
0
0
0
0
0
0
-1.15037
0
0
0
0
0
0
0
0
0
0
0
0
0
0
0
-0.962113
0
0
0
0
0
0
0
0
0
0
0
0
0
0
0
-0.85094
-0.38162
0
0
0
0
0
0
0
0
0
0
0
0
0
-0.343118
-0.941313
-0.587628
0
0
0
0
0
0
0
0
0
0
0
0
0
-0.446839
-1.03884
-0.771432
0
0
0
0
0
0
0
0
0
0
0
0
0
-0.494472
-1.19987
-0.952459
-0.315474
0
0
0
0
0
0
0
0
0
0
0
0
-0.513117
-1.329
-1.09212
-0.480692
0
0
0
0
0
0
0
0
0
0
0
0
-0.450793
-1.42055
-1.17757
-0.594802
0
0
0
0
0
0
0
0
0
0
0
0
-0.359337
-1.49453
-1.23512
-0.723981
0
0
0
0
0
0
0
0
0
0
0
0
-0.196429
-1.54192
-1.27897
-0.841973
0
0
0
0
0
0
0
0
0
0
0
0
0
-1.5599
-1.3639
-0.956447
0
0
0
0
0
0
0
0
0
0
0
0
0
-1.56015
-1.48406
-1.03334
0
0
0
0
0
0
0
0
0
0
0
0
0
-1.52147
-1.6531
-1.13005
0
0
0
0
0
0
0
0
0
0
0
0
0
-1.46548
-1.82629
-1.21674
0
0
0
0
0
0
0
0
0
0
0
0
0
-1.34997
-1.98296
-1.47911
0
0
0
0
0
0
0
0
0
0
0
0
0
-1.20838
-2.10624
-1.69493
0
0
0
0
0
0
0
0
0
0
0
0
0
-1.07821
-2.14639
-1.97573
0
0
0
0
0
0
0
0
0
0
0
0
0
-0.954799
-2.15035
-2.122
0
0
0
0
0
0
0
0
0
0
0
0
0
-0.937148
-2.08363
-2.15303
0
0
0
0
0
0
0
0
0
0
0
0
0
-0.931552
-2.01155
-2.08761
0
0
0
0
0
0
0
0
0
0
0
0
0
-0.942494
-1.94596
-1.91483
0
0
0
0
0
0
0
0
0
0
0
0
0
-0.899287
-1.90528
-1.69059
-0.686544
0
0
0
0
0
0
0
0
0
0
0
0
-0.783556
-1.89324
-1.43263
0
0
0
0
0
0
0
0
0
0
0
0
0
-0.620809
-1.89136
-1.20667
0
0
0
0
0
0
0
0
0
0
0
0
0
-0.406543
-1.88292
-1.0009
0
0
0
0
0
0
0
0
0
0
0
0
0
-0.382007
-1.82682
-0.850925
0
0
0
0
0
0
0
0
0
0
0
0
0
-0.400053
-1.75132
-0.659197
0
0
0
0
0
0
0
0
0
0
0
0
0
-0.639786
-1.55808
-0.489506
0
0
0
0
0
0
0
0
0
0
0
0
0
-0.808201
-1.31149
-0.28176
0
0
0
0
0
0
0
0
0
0
0
0
0
-0.930348
-0.955673
0
0
0
0
0
0
0
0
0
0
0
0
0
0
-1.05469
-0.531166
0
0
0
0
0
0
0
0
0
0
0
0
0
0
-1.13786
0
0
0
0
0
0
0
0
0
0
0
0
0
0
0
-1.25713
0
0
0
0
0
0
0
0
0
0
0
0
0
0
0
0
0
0
0
0
0
0
0
0
0
0
0
0
0
0
0
0
0
0
0
0
0
0
0
0
0
0
0
0
0
0
0
0
0
0
0
0
0
0
0
0
0
0
0
0
0
0
0
0
0
0
0
0
0
0
0
0
0
0
0
0
0
0
0
0
0
0
0
0
0
0
0
0
0
0
0
0
0
0
0
0
0
0
0
0
0
0
0
0
0
0
0
0
0
0
0
-1.55334
0
0
0
0
0
0
0
0
0
0
0
0
0
0
0
-1.22846
0
0
0
0
0
0
0
0
0
0
0
0
0
0
0
-0.924177
0
0
0
0
0
0
0
0
0
0
0
0
0
0
0
-0.767208
0
0
0
0
0
0
0
0
0
0
0
0
0
0
0
-0.711518
-0.383801
0
0
0
0
0
0
0
0
0
0
0
0
0
-0.337212
-0.882847
-0.539755
0
0
0
0
0
0
0
0
0
0
0
0
0
-0.464555
-1.04542
-0.683348
0
0
0
0
0
0
0
0
0
0
0
0
0
-0.528033
-1.2409
-0.806516
-0.261049
0
0
0
0
0
0
0
0
0
0
0
0
-0.557117
-1.39765
-0.908596
-0.435596
0
0
0
0
0
0
0
0
0
0
0
0
-0.499124
-1.50947
-0.976697
-0.537019
0
0
0
0
0
0
0
0
0
0
0
0
-0.414929
-1.59464
-1.02641
-0.640484
0
0
0
0
0
0
0
0
0
0
0
0
-0.256681
-1.64029
-1.07829
-0.724692
0
0
0
0
0
0
0
0
0
0
0
0
0
-1.64064
-1.1783
-0.812996
0
0
0
0
0
0
0
0
0
0
0
0
0
-1.60589
-1.31976
-0.872157
0
0
0
0
0
0
0
0
0
0
0
0
0
-1.53247
-1.50615
-0.96978
0
0
0
0
0
0
0
0
0
0
0
0
0
-1.43866
-1.69305
-1.06929
0
0
0
0
0
0
0
0
0
0
0
0
0
-1.30921
-1.85547
-1.36483
0
0
0
0
0
0
0
0
0
0
0
0
0
-1.15884
-1.98493
-1.60765
0
0
0
0
0
0
0
0
0
0
0
0
0
-1.04172
-2.03344
-1.9069
0
0
0
0
0
0
0
0
0
0
0
0
0
-0.933503
-2.04886
-2.06997
0
0
0
0
0
0
0
0
0
0
0
0
0
-0.918612
-1.99549
-2.11405
0
0
0
0
0
0
0
0
0
0
0
0
0
-0.911379
-1.9357
-2.06184
-1.31755
0
0
0
0
0
0
0
0
0
0
0
0
-0.911283
-1.87495
-1.89913
-1.16382
0
0
0
0
0
0
0
0
0
0
0
0
-0.859074
-1.83648
-1.68752
-0.925294
0
0
0
0
0
0
0
0
0
0
0
0
-0.736866
-1.82052
-1.44141
-0.640796
0
0
0
0
0
0
0
0
0
0
0
0
-0.578867
-1.81499
-1.22582
-0.336455
0
0
0
0
0
0
0
0
0
0
0
0
-0.380505
-1.80021
-1.01714
-0.0703897
0
0
0
0
0
0
0
0
0
0
0
0
-0.385299
-1.74677
-0.860997
0
0
0
0
0
0
0
0
0
0
0
0
0
-0.438925
-1.67892
-0.656735
0
0
0
0
0
0
0
0
0
0
0
0
0
-0.710786
-1.49684
-0.51136
0
0
0
0
0
0
0
0
0
0
0
0
0
-0.903605
-1.26803
-0.339064
0
0
0
0
0
0
0
0
0
0
0
0
0
-1.05861
-0.916443
0
0
0
0
0
0
0
0
0
0
0
0
0
0
-1.2119
-0.510173
0
0
0
0
0
0
0
0
0
0
0
0
0
0
-1.3217
0
0
0
0
0
0
0
0
0
0
0
0
0
0
0
-1.45039
0
0
0
0
0
0
0
0
0
0
0
0
0
0
0
0
0
0
0
0
0
0
0
0
0
0
0
0
0
0
0
0
0
0
0
0
0
0
0
0
0
0
0
0
0
0
0
0
0
0
0
0
0
0
0
0
0
0
0
0
0
0
0
0
0
0
0
0
0
0
0
0
0
0
0
0
0
0
0
0
0
0
0
0
0
0
0
0
0
0
0
0
0
0
0
0
0
0
0
0
0
0
0
0
0
0
0
0
0
0
0
0
0
0
0
0
0
0
0
0
0
0
0
0
0
0
0
-0.946668
0
0
0
0
0
0
0
0
0
0
0
0
0
0
0
-0.63964
0
0
0
0
0
0
0
0
0
0
0
0
0
0
0
-0.53519
0
0
0
0
0
0
0
0
0
0
0
0
0
0
0
-0.555602
-0.388158
0
0
0
0
0
0
0
0
0
0
0
0
0
-0.322274
-0.814498
-0.499551
0
0
0
0
0
0
0
0
0
0
0
0
0
-0.464547
-1.04521
-0.599482
0
0
0
0
0
0
0
0
0
0
0
0
0
-0.540587
-1.27134
-0.65397
-0.209055
0
0
0
0
0
0
0
0
0
0
0
0
-0.582568
-1.45268
-0.702053
-0.398314
0
0
0
0
0
0
0
0
0
0
0
0
-0.527099
-1.58347
-0.741752
-0.488707
0
0
0
0
0
0
0
0
0
0
0
0
-0.449294
-1.67767
-0.780597
-0.563394
0
0
0
0
0
0
0
0
0
0
0
0
-0.297817
-1.7242
-0.846899
-0.605695
0
0
0
0
0
0
0
0
0
0
0
0
0
-1.71336
-0.970751
-0.658905
0
0
0
0
0
0
0
0
0
0
0
0
0
-1.65042
-1.14069
-0.69458
0
0
0
0
0
0
0
0
0
0
0
0
0
-1.54626
-1.34601
-0.791431
0
0
0
0
0
0
0
0
0
0
0
0
0
-1.41624
-1.54561
-0.902941
0
0
0
0
0
0
0
0
0
0
0
0
0
-1.27342
-1.71088
-1.2253
0
0
0
0
0
0
0
0
0
0
0
0
0
-1.11476
-1.84497
-1.48877
0
0
0
0
0
0
0
0
0
0
0
0
0
-1.01059
-1.90204
-1.80191
0
0
0
0
0
0
0
0
0
0
0
0
0
-0.916539
-1.93099
-1.98043
0
0
0
0
0
0
0
0
0
0
0
0
0
-0.901784
-1.89467
-2.03986
-1.33511
0
0
0
0
0
0
0
0
0
0
0
0
-0.889888
-1.85088
-2.00543
-1.33893
0
0
0
0
0
0
0
0
0
0
0
0
-0.875154
-1.79693
-1.86125
-1.23028
0
0
0
0
0
0
0
0
0
0
0
0
-0.81052
-1.75996
-1.67251
-1.03553
0
0
0
0
0
0
0
0
0
0
0
0
-0.681074
-1.73626
-1.4465
-0.79156
0
0
0
0
0
0
0
0
0
0
0
0
-0.530629
-1.72227
-1.24385
-0.534203
0
0
0
0
0
0
0
0
0
0
0
0
-0.349865
-1.69801
-1.02914
-0.318419
0
0
0
0
0
0
0
0
0
0
0
0
-0.383907
-1.64981
-0.860961
-0.158352
0
0
0
0
0
0
0
0
0
0
0
0
-0.471503
-1.5897
-0.64093
0
0
0
0
0
0
0
0
0
0
0
0
0
-0.763008
-1.42373
-0.519369
0
0
0
0
0
0
0
0
0
0
0
0
0
-0.979909
-1.21375
-0.378516
0
0
0
0
0
0
0
0
0
0
0
0
0
-1.16828
-0.872429
-0.282529
0
0
0
0
0
0
0
0
0
0
0
0
0
-1.35568
-0.496443
0
0
0
0
0
0
0
0
0
0
0
0
0
0
-1.49768
0
0
0
0
0
0
0
0
0
0
0
0
0
0
0
-1.63387
0
0
0
0
0
0
0
0
0
0
0
0
0
0
0
0
0
0
0
0
0
0
0
0
0
0
0
0
0
0
0
0
0
0
0
0
0
0
0
0
0
0
0
0
0
0
0
0
0
0
0
0
0
0
0
0
0
0
0
0
0
0
0
0
0
0
0
0
0
0
0
0
0
0
0
0
0
0
0
0
0
0
0
0
0
0
0
0
0
0
0
0
0
0
0
0
0
0
0
0
0
0
0
0
0
0
0
0
0
0
0
0
0
0
0
0
0
0
0
0
0
0
0
0
0
0
0
0
0
0
0
0
0
0
0
0
0
0
0
0
0
0
0
0
0
0
0
0
0
0
0
0
0
0
0
0
0
0
0
0
0
0
0
0
0
0
0
0
0
0
0
0
0
0
0
-0.390282
-0.400287
0
0
0
0
0
0
0
0
0
0
0
0
0
0
-0.701336
-0.509536
0
0
0
0
0
0
0
0
0
0
0
0
0
-0.330269
-0.978896
-0.592932
0
0
0
0
0
0
0
0
0
0
0
0
0
-0.410238
-1.23124
-0.603177
-0.180335
0
0
0
0
0
0
0
0
0
0
0
0
-0.468671
-1.42982
-0.605097
-0.388683
0
0
0
0
0
0
0
0
0
0
0
0
-0.418252
-1.58275
-0.598615
-0.476801
0
0
0
0
0
0
0
0
0
0
0
0
-0.346633
-1.68719
-0.608548
-0.528514
0
0
0
0
0
0
0
0
0
0
0
0
-0.210821
-1.73883
-0.664705
-0.530632
0
0
0
0
0
0
0
0
0
0
0
0
0
-1.72706
-0.789894
-0.547664
0
0
0
0
0
0
0
0
0
0
0
0
0
-1.65081
-0.967428
-0.561122
0
0
0
0
0
0
0
0
0
0
0
0
0
-1.53069
-1.17073
-0.655148
0
0
0
0
0
0
0
0
0
0
0
0
0
-1.37989
-1.36539
-0.774808
0
0
0
0
0
0
0
0
0
0
0
0
0
-1.2328
-1.51557
-1.0895
0
0
0
0
0
0
0
0
0
0
0
0
0
-1.07491
-1.64016
-1.34877
0
0
0
0
0
0
0
0
0
0
0
0
0
-0.974961
-1.69721
-1.65241
0
0
0
0
0
0
0
0
0
0
0
0
0
-0.883008
-1.73439
-1.83545
-1.03413
0
0
0
0
0
0
0
0
0
0
0
0
-0.852249
-1.71752
-1.90926
-1.24076
0
0
0
0
0
0
0
0
0
0
0
0
-0.821282
-1.69149
-1.89653
-1.27896
0
0
0
0
0
0
0
0
0
0
0
0
-0.783183
-1.64487
-1.7797
-1.20319
0
0
0
0
0
0
0
0
0
0
0
0
-0.702105
-1.6047
-1.61976
-1.04271
0
0
0
0
0
0
0
0
0
0
0
0
-0.568732
-1.56314
-1.41152
-0.836636
0
0
0
0
0
0
0
0
0
0
0
0
-0.434396
-1.53085
-1.20939
-0.628689
0
0
0
0
0
0
0
0
0
0
0
0
-0.281693
-1.4931
-0.96547
-0.45617
0
0
0
0
0
0
0
0
0
0
0
0
-0.342017
-1.45476
-0.767904
-0.319654
0
0
0
0
0
0
0
0
0
0
0
0
-0.449822
-1.40531
-0.520161
-0.16123
0
0
0
0
0
0
0
0
0
0
0
0
-0.719931
-1.27162
-0.41825
0
0
0
0
0
0
0
0
0
0
0
0
0
-0.946163
-1.09064
-0.305923
0
0
0
0
0
0
0
0
0
0
0
0
0
-1.15235
-0.787845
-0.240007
0
0
0
0
0
0
0
0
0
0
0
0
0
-1.37108
-0.47638
0
0
0
0
0
0
0
0
0
0
0
0
0
0
-1.54176
0
0
0
0
0
0
0
0
0
0
0
0
0
0
0
-1.67657
0
0
0
0
0
0
0
0
0
0
0
0
0
0
0
0
0
0
0
0
0
0
0
0
0
0
0
0
0
0
0
0
0
0
0
0
0
0
0
0
0
0
0
0
0
0
0
0
0
0
0
0
0
0
0
0
0
0
0
0
0
0
0
0
0
0
0
0
0
0
0
0
0
0
0
0
0
0
0
0
0
0
0
0
0
0
0
0
0
0
0
0
0
0
0
0
0
0
0
0
0
0
0
0
0
0
0
0
0
0
0
0
0
0
0
0
0
0
0
0
0
0
0
0
0
0
0
0
0
0
0
0
0
0
0
0
0
0
0
0
0
0
0
0
0
0
0
0
0
0
0
0
0
0
0
0
0
0
0
0
0
0
0
0
0
0
0
0
0
0
0
0
0
0
0
0
-0.390386
0
0
0
0
0
0
0
0
0
0
0
0
0
0
-0.560571
-0.501817
0
0
0
0
0
0
0
0
0
0
0
0
0
0
-0.876295
-0.57198
0
0
0
0
0
0
0
0
0
0
0
0
0
-0.247232
-1.16285
-0.539838
0
0
0
0
0
0
0
0
0
0
0
0
0
-0.319929
-1.37435
-0.49744
-0.351781
0
0
0
0
0
0
0
0
0
0
0
0
-0.281649
-1.54876
-0.432468
-0.44902
0
0
0
0
0
0
0
0
0
0
0
0
-0.214866
-1.66597
-0.405993
-0.488846
0
0
0
0
0
0
0
0
0
0
0
0
0
-1.72114
-0.456028
-0.459388
0
0
0
0
0
0
0
0
0
0
0
0
0
-1.70948
-0.593604
-0.442718
0
0
0
0
0
0
0
0
0
0
0
0
0
-1.62679
-0.791368
-0.432081
0
0
0
0
0
0
0
0
0
0
0
0
0
-1.49891
-0.99969
-0.52055
0
0
0
0
0
0
0
0
0
0
0
0
0
-1.33549
-1.19288
-0.646004
0
0
0
0
0
0
0
0
0
0
0
0
0
-1.18771
-1.32593
-0.949768
0
0
0
0
0
0
0
0
0
0
0
0
0
-1.03228
-1.43837
-1.20324
0
0
0
0
0
0
0
0
0
0
0
0
0
-0.933102
-1.49208
-1.4945
0
0
0
0
0
0
0
0
0
0
0
0
0
-0.838128
-1.53439
-1.68173
-0.868818
0
0
0
0
0
0
0
0
0
0
0
0
-0.785931
-1.53452
-1.77225
-1.09889
0
0
0
0
0
0
0
0
0
0
0
0
-0.729984
-1.52165
-1.78684
-1.17184
0
0
0
0
0
0
0
0
0
0
0
0
-0.665116
-1.47526
-1.70387
-1.13074
0
0
0
0
0
0
0
0
0
0
0
0
-0.570371
-1.42323
-1.57513
-1.01224
0
0
0
0
0
0
0
0
0
0
0
0
-0.440461
-1.3543
-1.38173
-0.858062
0
0
0
0
0
0
0
0
0
0
0
0
-0.328633
-1.30205
-1.17258
-0.705071
0
0
0
0
0
0
0
0
0
0
0
0
-0.215819
-1.25797
-0.889999
-0.567997
0
0
0
0
0
0
0
0
0
0
0
0
-0.305564
-1.23246
-0.658256
-0.439156
0
0
0
0
0
0
0
0
0
0
0
0
-0.422404
-1.2018
-0.381685
-0.262479
0
0
0
0
0
0
0
0
0
0
0
0
-0.66973
-1.10586
-0.293037
0
0
0
0
0
0
0
0
0
0
0
0
0
-0.909581
-0.956951
0
0
0
0
0
0
0
0
0
0
0
0
0
0
-1.13626
-0.711021
0
0
0
0
0
0
0
0
0
0
0
0
0
0
-1.3935
-0.471294
0
0
0
0
0
0
0
0
0
0
0
0
0
0
-1.58776
0
0
0
0
0
0
0
0
0
0
0
0
0
0
0
-1.71395
0
0
0
0
0
0
0
0
0
0
0
0
0
0
0
0
0
0
0
0
0
0
0
0
0
0
0
0
0
0
0
0
0
0
0
0
0
0
0
0
0
0
0
0
0
0
0
0
0
0
0
0
0
0
0
0
0
0
0
0
0
0
0
0
0
0
0
0
0
0
0
0
0
0
0
0
0
0
0
0
0
0
0
0
0
0
0
0
0
0
0
0
0
0
0
0
0
0
0
0
0
0
0
0
0
0
0
0
0
0
0
0
0
0
0
0
0
0
0
0
0
0
0
0
0
0
0
0
0
0
0
0
0
0
0
0
0
0
0
0
0
0
0
0
0
0
0
0
0
0
0
0
0
0
0
0
0
0
0
0
0
0
0
0
0
0
0
0
0
0
0
0
0
0
0
0
-0.30255
0
0
0
0
0
0
0
0
0
0
0
0
0
0
-0.323059
-0.410926
0
0
0
0
0
0
0
0
0
0
0
0
0
0
-0.635503
-0.488253
0
0
0
0
0
0
0
0
0
0
0
0
0
0
-0.952167
-0.433411
0
0
0
0
0
0
0
0
0
0
0
0
0
0
-1.17843
-0.375459
-0.19113
0
0
0
0
0
0
0
0
0
0
0
0
0
-1.36765
-0.274233
-0.309197
0
0
0
0
0
0
0
0
0
0
0
0
0
-1.50259
-0.220137
-0.357257
0
0
0
0
0
0
0
0
0
0
0
0
0
-1.57091
-0.267395
-0.321531
0
0
0
0
0
0
0
0
0
0
0
0
0
-1.56873
-0.420608
-0.294248
0
0
0
0
0
0
0
0
0
0
0
0
0
-1.49857
-0.638589
-0.27804
0
0
0
0
0
0
0
0
0
0
0
0
0
-1.38643
-0.851031
-0.374721
0
0
0
0
0
0
0
0
0
0
0
0
0
-1.24107
-1.04165
-0.513999
0
0
0
0
0
0
0
0
0
0
0
0
0
-1.10265
-1.1538
-0.799986
0
0
0
0
0
0
0
0
0
0
0
0
0
-0.95431
-1.2489
-1.04236
0
0
0
0
0
0
0
0
0
0
0
0
0
-0.84153
-1.28752
-1.30539
0
0
0
0
0
0
0
0
0
0
0
0
0
-0.727261
-1.32213
-1.4887
-0.624379
0
0
0
0
0
0
0
0
0
0
0
0
-0.647507
-1.32561
-1.59087
-0.873803
0
0
0
0
0
0
0
0
0
0
0
0
-0.565033
-1.31528
-1.63121
-0.978645
0
0
0
0
0
0
0
0
0
0
0
0
-0.483359
-1.26743
-1.58236
-0.978368
0
0
0
0
0
0
0
0
0
0
0
0
-0.391554
-1.21058
-1.48272
-0.913034
0
0
0
0
0
0
0
0
0
0
0
0
-0.284482
-1.13748
-1.30569
-0.815747
0
0
0
0
0
0
0
0
0
0
0
0
-0.218811
-1.09697
-1.09051
-0.704457
0
0
0
0
0
0
0
0
0
0
0
0
0
-1.07504
-0.782741
-0.57747
0
0
0
0
0
0
0
0
0
0
0
0
-0.279372
-1.0628
-0.526371
-0.425169
0
0
0
0
0
0
0
0
0
0
0
0
-0.384319
-1.05639
-0.214639
-0.20651
0
0
0
0
0
0
0
0
0
0
0
0
-0.586286
-0.970408
0
0
0
0
0
0
0
0
0
0
0
0
0
0
-0.81665
-0.846807
0
0
0
0
0
0
0
0
0
0
0
0
0
0
-1.05574
-0.655308
0
0
0
0
0
0
0
0
0
0
0
0
0
0
-1.34153
0
0
0
0
0
0
0
0
0
0
0
0
0
0
0
-1.54147
0
0
0
0
0
0
0
0
0
0
0
0
0
0
0
0
0
0
0
0
0
0
0
0
0
0
0
0
0
0
0
0
0
0
0
0
0
0
0
0
0
0
0
0
0
0
0
0
0
0
0
0
0
0
0
0
0
0
0
0
0
0
0
0
0
0
0
0
0
0
0
0
0
0
0
0
0
0
0
0
0
0
0
0
0
0
0
0
0
0
0
0
0
0
0
0
0
0
0
0
0
0
0
0
0
0
0
0
0
0
0
0
0
0
0
0
0
0
0
0
0
0
0
0
0
0
0
0
0
0
0
0
0
0
0
0
0
0
0
0
0
0
0
0
0
0
0
0
0
0
0
0
0
0
0
0
0
0
0
0
0
0
0
0
0
0
0
0
0
0
0
0
0
0
0
0
0
0
0
0
0
0
0
0
0
0
0
0
0
0
0
0
0
0
0
0
0
0
0
0
0
0
0
0
0
0
0
0
-0.272447
0
0
0
0
0
0
0
0
0
0
0
0
0
0
-0.33343
-0.358287
0
0
0
0
0
0
0
0
0
0
0
0
0
0
-0.666139
-0.28787
0
0
0
0
0
0
0
0
0
0
0
0
0
0
-0.921141
-0.208835
0
0
0
0
0
0
0
0
0
0
0
0
0
0
-1.13032
0
0
0
0
0
0
0
0
0
0
0
0
0
0
0
-1.27984
0
-0.183075
0
0
0
0
0
0
0
0
0
0
0
0
0
-1.36936
0
-0.165767
0
0
0
0
0
0
0
0
0
0
0
0
0
-1.38555
-0.215371
-0.152321
0
0
0
0
0
0
0
0
0
0
0
0
0
-1.33437
-0.468976
-0.150764
0
0
0
0
0
0
0
0
0
0
0
0
0
-1.24389
-0.695878
-0.266722
0
0
0
0
0
0
0
0
0
0
0
0
0
-1.12612
-0.890898
-0.421879
0
0
0
0
0
0
0
0
0
0
0
0
0
-0.998834
-0.982067
-0.690822
0
0
0
0
0
0
0
0
0
0
0
0
0
-0.857666
-1.05624
-0.922287
0
0
0
0
0
0
0
0
0
0
0
0
0
-0.723365
-1.07086
-1.15731
0
0
0
0
0
0
0
0
0
0
0
0
0
-0.580547
-1.08632
-1.33495
-0.392111
0
0
0
0
0
0
0
0
0
0
0
0
-0.467963
-1.08239
-1.44444
-0.663094
0
0
0
0
0
0
0
0
0
0
0
0
-0.356524
-1.06428
-1.50284
-0.807376
0
0
0
0
0
0
0
0
0
0
0
0
-0.261257
-1.00983
-1.47756
-0.860846
0
0
0
0
0
0
0
0
0
0
0
0
-0.177126
-0.95468
-1.3947
-0.854577
0
0
0
0
0
0
0
0
0
0
0
0
0
-0.901164
-1.22473
-0.80655
0
0
0
0
0
0
0
0
0
0
0
0
0
-0.893688
-0.999734
-0.716213
0
0
0
0
0
0
0
0
0
0
0
0
0
-0.90375
-0.68434
-0.57612
0
0
0
0
0
0
0
0
0
0
0
0
-0.239491
-0.910285
-0.409665
-0.384568
0
0
0
0
0
0
0
0
0
0
0
0
-0.347939
-0.917633
0
0
0
0
0
0
0
0
0
0
0
0
0
0
-0.514202
-0.829003
0
0
0
0
0
0
0
0
0
0
0
0
0
0
-0.731815
-0.745847
0
0
0
0
0
0
0
0
0
0
0
0
0
0
-0.986054
-0.609087
0
0
0
0
0
0
0
0
0
0
0
0
0
0
-1.28252
0
0
0
0
0
0
0
0
0
0
0
0
0
0
0
0
0
0
0
0
0
0
0
0
0
0
0
0
0
0
0
0
0
0
0
0
0
0
0
0
0
0
0
0
0
0
0
0
0
0
0
0
0
0
0
0
0
0
0
0
0
0
0
0
0
0
0
0
0
0
0
0
0
0
0
0
0
0
0
0
0
0
0
0
0
0
0
0
0
0
0
0
0
0
0
0
0
0
0
0
0
0
0
0
0
0
0
0
0
0
0
0
0
0
0
0
0
0
0
0
0
0
0
0
0
0
0
0
0
0
0
0
0
0
0
0
0
0
0
0
0
0
0
0
0
0
0
0
0
0
0
0
0
0
0
0
0
0
0
0
0
0
0
0
0
0
0
0
0
0
0
0
0
0
0
0
0
0
0
0
0
0
0
0
0
0
0
0
0
0
0
0
0
0
0
0
0
0
0
0
0
0
0
0
0
0
0
0
0
0
0
0
0
0
0
0
0
0
0
0
0
0
0
0
0
0
0
0
0
0
0
0
0
0
0
0
0
0
0
0
0
0
0
0
0
0
0
0
0
0
0
0
0
0
0
0
0
0
0
0
0
0
0
0
0
0
0
0
0
0
0
-0.518376
0
0
0
0
0
0
0
0
0
0
0
0
0
0
0
-0.760641
0
0
0
0
0
0
0
0
0
0
0
0
0
0
0
-0.928442
0
0
0
0
0
0
0
0
0
0
0
0
0
0
0
-1.04332
0
0
0
0
0
0
0
0
0
0
0
0
0
0
0
-1.09976
0
0
0
0
0
0
0
0
0
0
0
0
0
0
0
-1.10331
-0.3029
0
0
0
0
0
0
0
0
0
0
0
0
0
0
-1.06431
-0.542074
-0.150661
0
0
0
0
0
0
0
0
0
0
0
0
0
-1.00306
-0.741309
-0.326866
0
0
0
0
0
0
0
0
0
0
0
0
0
-0.88866
-0.814145
-0.584528
0
0
0
0
0
0
0
0
0
0
0
0
0
-0.751289
-0.867018
-0.807658
0
0
0
0
0
0
0
0
0
0
0
0
0
-0.577379
-0.850894
-1.01552
0
0
0
0
0
0
0
0
0
0
0
0
0
-0.384166
-0.836397
-1.18247
-0.140193
0
0
0
0
0
0
0
0
0
0
0
0
-0.229928
-0.812637
-1.28913
-0.4411
0
0
0
0
0
0
0
0
0
0
0
0
0
-0.784273
-1.35413
-0.634276
0
0
0
0
0
0
0
0
0
0
0
0
0
-0.745499
-1.34491
-0.749911
0
0
0
0
0
0
0
0
0
0
0
0
0
-0.73727
-1.27649
-0.796984
0
0
0
0
0
0
0
0
0
0
0
0
0
-0.758531
-1.12874
-0.785562
0
0
0
0
0
0
0
0
0
0
0
0
0
-0.806597
-0.927525
-0.693896
0
0
0
0
0
0
0
0
0
0
0
0
0
-0.86909
-0.655261
-0.524954
0
0
0
0
0
0
0
0
0
0
0
0
0
-0.870964
-0.374042
-0.293134
0
0
0
0
0
0
0
0
0
0
0
0
0
-0.846288
0
0
0
0
0
0
0
0
0
0
0
0
0
0
-0.451679
-0.739112
0
0
0
0
0
0
0
0
0
0
0
0
0
0
0
-0.66309
0
0
0
0
0
0
0
0
0
0
0
0
0
0
0
0
0
0
0
0
0
0
0
0
0
0
0
0
0
0
0
0
0
0
0
0
0
0
0
0
0
0
0
0
0
0
0
0
0
0
0
0
0
0
0
0
0
0
0
0
0
0
0
0
0
0
0
0
0
0
0
0
0
0
0
0
0
0
0
0
0
0
0
0
0
0
0
0
0
0
0
0
0
0
0
0
0
0
0
0
0
0
0
0
0
0
0
0
0
0
0
0
0
0
0
0
0
0
0
0
0
0
0
0
0
0
0
0
0
0
0
0
0
0
0
0
0
0
0
0
0
0
0
0
0
0
0
0
0
0
0
0
0
0
0
0
0
0
0
0
0
0
0
0
0
0
0
0
0
0
0
0
0
0
0
0
0
0
0
0
0
0
0
0
0
0
0
0
0
0
0
0
0
0
0
0
0
0
0
0
0
0
0
0
0
0
0
0
0
0
0
0
0
0
0
0
0
0
0
0
0
0
0
0
0
0
0
0
0
0
0
0
0
0
0
0
0
0
0
0
0
0
0
0
0
0
0
0
0
0
0
0
0
0
0
0
0
0
0
0
0
0
0
0
0
0
0
0
0
0
0
0
0
0
0
0
0
0
0
0
0
0
0
0
0
0
0
0
0
0
0
0
0
0
0
0
0
0
0
0
0
0
0
0
0
0
0
0
0
0
0
0
0
0
0
0
0
0
-0.264956
0
0
0
0
0
0
0
0
0
0
0
0
0
0
0
-0.48176
0
0
0
0
0
0
0
0
0
0
0
0
0
0
0
-0.649598
0
0
0
0
0
0
0
0
0
0
0
0
0
0
0
-0.766486
0
0
0
0
0
0
0
0
0
0
0
0
0
0
0
-0.85152
0
0
0
0
0
0
0
0
0
0
0
0
0
0
0
-0.885282
-0.34956
0
0
0
0
0
0
0
0
0
0
0
0
0
0
-0.895892
-0.548737
-0.242209
0
0
0
0
0
0
0
0
0
0
0
0
0
-0.794314
-0.598668
-0.493273
0
0
0
0
0
0
0
0
0
0
0
0
0
-0.656701
-0.624634
-0.708898
0
0
0
0
0
0
0
0
0
0
0
0
0
-0.43175
-0.569764
-0.889334
0
0
0
0
0
0
0
0
0
0
0
0
0
0
-0.516505
-1.03871
0
0
0
0
0
0
0
0
0
0
0
0
0
0
-0.472785
-1.1321
-0.31433
0
0
0
0
0
0
0
0
0
0
0
0
0
-0.444844
-1.19101
-0.537234
0
0
0
0
0
0
0
0
0
0
0
0
0
-0.447379
-1.18841
-0.690505
0
0
0
0
0
0
0
0
0
0
0
0
0
-0.50995
-1.13396
-0.761321
0
0
0
0
0
0
0
0
0
0
0
0
0
-0.618719
-1.02336
-0.757607
0
0
0
0
0
0
0
0
0
0
0
0
0
-0.729876
-0.85806
-0.646567
0
0
0
0
0
0
0
0
0
0
0
0
0
-0.840384
-0.625195
-0.456481
0
0
0
0
0
0
0
0
0
0
0
0
0
-0.814214
-0.350864
-0.188954
0
0
0
0
0
0
0
0
0
0
0
0
0
-0.774664
0
0
0
0
0
0
0
0
0
0
0
0
0
0
0
-0.669195
0
0
0
0
0
0
0
0
0
0
0
0
0
0
0
-0.594335
0
0
0
0
0
0
0
0
0
0
0
0
0
0
0
0
0
0
0
0
0
0
0
0
0
0
0
0
0
0
0
0
0
0
0
0
0
0
0
0
0
0
0
0
0
0
0
0
0
0
0
0
0
0
0
0
0
0
0
0
0
0
0
0
0
0
0
0
0
0
0
0
0
0
0
0
0
0
0
0
0
0
0
0
0
0
0
0
0
0
0
0
0
0
0
0
0
0
0
0
0
0
0
0
0
0
0
0
0
0
0
0
0
0
0
0
0
0
0
0
0
0
0
0
0
0
0
0
0
0
0
0
0
0
0
0
0
0
0
0
0
0
0
0
0
0
0
0
0
0
0
0
0
0
0
0
0
0
0
0
0
0
0
0
0
0
0
0
0
0
0
0
0
0
0
0
0
0
0
0
0
0
0
0
0
0
0
0
0
0
0
0
0
0
0
0
0
0
0
0
0
0
0
0
0
0
0
0
0
0
0
0
0
0
0
0
0
0
0
0
0
0
0
0
0
0
0
0
0
0
0
0
0
0
0
0
0
0
0
0
0
0
0
0
0
0
0
0
0
0
0
0
0
0
0
0
0
0
0
0
0
0
0
0
0
0
0
0
0
0
0
0
0
0
0
0
0
0
0
0
0
0
0
0
0
0
0
0
0
0
0
0
0
0
0
0
0
0
0
0
0
0
0
0
0
0
0
0
0
0
0
0
0
0
0
0
0
0
0
0
0
0
0
0
0
0
0
0
0
0
0
0
0
0
0
0
0
0
0
0
0
0
0
0
0
0
0
0
0
0
-0.247477
0
0
0
0
0
0
0
0
0
0
0
0
0
0
0
-0.470128
0
0
0
0
0
0
0
0
0
0
0
0
0
0
0
-0.664529
0
0
0
0
0
0
0
0
0
0
0
0
0
0
0
-0.772893
0
0
0
0
0
0
0
0
0
0
0
0
0
0
0
-0.847187
-0.332859
0
0
0
0
0
0
0
0
0
0
0
0
0
0
-0.74822
-0.35819
-0.349285
0
0
0
0
0
0
0
0
0
0
0
0
0
-0.599667
-0.356616
-0.555728
0
0
0
0
0
0
0
0
0
0
0
0
0
-0.317679
-0.269915
-0.721784
0
0
0
0
0
0
0
0
0
0
0
0
0
0
-0.186065
-0.859241
0
0
0
0
0
0
0
0
0
0
0
0
0
0
0
-0.946159
-0.249624
0
0
0
0
0
0
0
0
0
0
0
0
0
0
-1.00599
-0.470343
0
0
0
0
0
0
0
0
0
0
0
0
0
-0.194921
-1.02323
-0.631367
0
0
0
0
0
0
0
0
0
0
0
0
0
-0.339355
-0.999435
-0.700279
0
0
0
0
0
0
0
0
0
0
0
0
0
-0.535012
-0.929988
-0.694798
0
0
0
0
0
0
0
0
0
0
0
0
0
-0.683611
-0.794999
-0.576506
0
0
0
0
0
0
0
0
0
0
0
0
0
-0.801002
-0.610059
-0.369823
0
0
0
0
0
0
0
0
0
0
0
0
0
-0.758989
-0.34436
0
0
0
0
0
0
0
0
0
0
0
0
0
0
-0.727134
0
0
0
0
0
0
0
0
0
0
0
0
0
0
0
-0.618174
0
0
0
0
0
0
0
0
0
0
0
0
0
0
0
0
0
0
0
0
0
0
0
0
0
0
0
0
0
0
0
0
0
0
0
0
0
0
0
0
0
0
0
0
0
0
0
0
0
0
0
0
0
0
0
0
0
0
0
0
0
0
0
0
0
0
0
0
0
0
0
0
0
0
0
0
0
0
0
0
0
0
0
0
0
0
0
0
0
0
0
0
0
0
0
0
0
0
0
0
0
0
0
0
0
0
0
0
0
0
0
0
0
0
0
0
0
0
0
0
0
0
0
0
0
0
0
0
0
0
0
0
0
0
0
0
0
0
0
0
0
0
0
0
0
0
0
0
0
0
0
0
0
0
0
0
0
0
0
0
0
0
0
0
0
0
0
0
0
0
0
0
0
0
0
0
0
0
0
0
0
0
0
0
0
0
0
0
0
0
0
0
0
0
0
0
0
0
0
0
0
0
0
0
0
0
0
0
0
0
0
0
0
0
0
0
0
0
0
0
0
0
0
0
0
0
0
0
0
0
0
0
0
0
0
0
0
0
0
0
0
0
0
0
0
0
0
0
0
0
0
0
0
0
0
0
0
0
0
0
0
0
0
0
0
0
0
0
0
0
0
0
0
0
0
0
0
0
0
0
0
0
0
0
0
0
0
0
0
0
0
0
0
0
0
0
0
0
0
0
0
0
0
0
0
0
0
0
0
0
0
0
0
0
0
0
0
0
0
0
0
0
0
0
0
0
0
0
0
0
0
0
0
0
0
0
0
0
0
0
0
0
0
0
0
0
0
0
0
0
0
0
0
0
0
0
0
0
0
0
0
0
0
0
0
0
0
0
0
0
0
0
0
0
0
0
0
0
0
0
0
0
0
0
0
0
0
0
0
0
0
0
0
0
0
0
0
0
-0.48675
0
0
0
0
0
0
0
0
0
0
0
0
0
0
0
-0.672688
0
0
0
0
0
0
0
0
0
0
0
0
0
0
0
-0.802054
0
0
0
0
0
0
0
0
0
0
0
0
0
0
0
-0.703626
0
-0.165698
0
0
0
0
0
0
0
0
0
0
0
0
0
-0.54291
0
-0.356716
0
0
0
0
0
0
0
0
0
0
0
0
0
0
0
-0.510488
0
0
0
0
0
0
0
0
0
0
0
0
0
0
0
-0.639704
0
0
0
0
0
0
0
0
0
0
0
0
0
0
0
-0.727265
-0.21222
0
0
0
0
0
0
0
0
0
0
0
0
0
0
-0.795628
-0.399269
0
0
0
0
0
0
0
0
0
0
0
0
0
0
-0.833507
-0.542452
0
0
0
0
0
0
0
0
0
0
0
0
0
0
-0.83096
-0.602594
0
0
0
0
0
0
0
0
0
0
0
0
0
-0.402195
-0.793688
-0.596805
0
0
0
0
0
0
0
0
0
0
0
0
0
-0.566498
-0.691371
-0.464505
0
0
0
0
0
0
0
0
0
0
0
0
0
-0.715009
-0.52983
-0.237069
0
0
0
0
0
0
0
0
0
0
0
0
0
-0.698705
-0.26163
0
0
0
0
0
0
0
0
0
0
0
0
0
0
-0.688546
0
0
0
0
0
0
0
0
0
0
0
0
0
0
0
0
0
0
0
0
0
0
0
0
0
0
0
0
0
0
0
0
0
0
0
0
0
0
0
0
0
0
0
0
0
0
0
0
0
0
0
0
0
0
0
0
0
0
0
0
0
0
0
0
0
0
0
0
0
0
0
0
0
0
0
0
0
0
0
0
0
0
0
0
0
0
0
0
0
0
0
0
0
0
0
0
0
0
0
0
0
0
0
0
0
0
0
0
0
0
0
0
0
0
0
0
0
0
0
0
0
0
0
0
0
0
0
0
0
0
0
0
0
0
0
0
0
0
0
0
0
0
0
0
0
0
0
0
0
0
0
0
0
0
0
0
0
0
0
0
0
0
0
0
0
0
0
0
0
0
0
0
0
0
0
0
0
0
0
0
0
0
0
0
0
0
0
0
0
0
0
0
0
0
0
0
0
0
0
0
0
0
0
0
0
0
0
0
0
0
0
0
0
0
0
0
0
0
0
0
0
0
0
0
0
0
0
0
0
0
0
0
0
0
0
0
0
0
0
0
0
0
0
0
0
0
0
0
0
0
0
0
0
0
0
0
0
0
0
0
0
0
0
0
0
0
0
0
0
0
0
0
0
0
0
0
0
0
0
0
0
0
0
0
0
0
0
0
0
0
0
0
0
0
0
0
0
0
0
0
0
0
0
0
0
0
0
0
0
0
0
0
0
0
0
0
0
0
0
0
0
0
0
0
0
0
0
0
0
0
0
0
0
0
0
0
0
0
0
0
0
0
0
0
0
0
0
0
0
0
0
0
0
0
0
0
0
0
0
0
0
0
0
0
0
0
0
0
0
0
0
0
0
0
0
0
0
0
0
0
0
0
0
0
0
0
0
0
0
0
0
0
0
0
0
0
0
0
0
0
0
0
0
0
0
0
0
0
0
0
0
0
0
0
-0.370553
0
0
0
0
0
0
0
0
0
0
0
0
0
0
0
-0.585768
0
0
0
0
0
0
0
0
0
0
0
0
0
0
0
-0.737659
0
0
0
0
0
0
0
0
0
0
0
0
0
0
0
-0.634514
0
0
0
0
0
0
0
0
0
0
0
0
0
0
0
-0.460259
0
0
0
0
0
0
0
0
0
0
0
0
0
0
0
0
0
-0.281753
0
0
0
0
0
0
0
0
0
0
0
0
0
0
0
-0.407973
0
0
0
0
0
0
0
0
0
0
0
0
0
0
0
-0.497781
-0.194651
0
0
0
0
0
0
0
0
0
0
0
0
0
0
-0.56921
-0.334086
0
0
0
0
0
0
0
0
0
0
0
0
0
0
-0.615978
-0.441225
0
0
0
0
0
0
0
0
0
0
0
0
0
0
-0.626833
-0.472647
0
0
0
0
0
0
0
0
0
0
0
0
0
0
-0.599597
-0.440063
0
0
0
0
0
0
0
0
0
0
0
0
0
-0.38898
-0.492672
-0.291636
0
0
0
0
0
0
0
0
0
0
0
0
0
-0.583092
-0.341139
0
0
0
0
0
0
0
0
0
0
0
0
0
0
-0.604701
0
0
0
0
0
0
0
0
0
0
0
0
0
0
0
0
0
0
0
0
0
0
0
0
0
0
0
0
0
0
0
0
0
0
0
0
0
0
0
0
0
0
0
0
0
0
0
0
0
0
0
0
0
0
0
0
0
0
0
0
0
0
0
0
0
0
0
0
0
0
0
0
0
0
0
0
0
0
0
0
0
0
0
0
0
0
0
0
0
0
0
0
0
0
0
0
0
0
0
0
0
0
0
0
0
0
0
0
0
0
0
0
0
0
0
0
0
0
0
0
0
0
0
0
0
0
0
0
0
0
0
0
0
0
0
0
0
0
0
0
0
0
0
0
0
0
0
0
0
0
0
0
0
0
0
0
0
0
0
0
0
0
0
0
0
0
0
0
0
0
0
0
0
0
0
0
0
0
0
0
0
0
0
0
0
0
0
0
0
0
0
0
0
0
0
0
0
0
0
0
0
0
0
0
0
0
0
0
0
0
0
0
0
0
0
0
0
0
0
0
0
0
0
0
0
0
0
0
0
0
0
0
0
0
0
0
0
0
0
0
0
0
0
0
0
0
0
0
0
0
0
0
0
0
0
0
0
0
0
0
0
0
0
0
0
0
0
0
0
0
0
0
0
0
0
0
0
0
0
0
0
0
0
0
0
0
0
0
0
0
0
0
0
0
0
0
0
0
0
0
0
0
0
0
0
0
0
0
0
0
0
0
0
0
0
0
0
0
0
0
0
0
0
0
0
0
0
0
0
0
0
0
0
0
0
0
0
0
0
0
0
0
0
0
0
0
0
0
0
0
0
0
0
0
0
0
0
0
0
0
0
0
0
0
0
0
0
0
0
0
0
0
0
0
0
0
0
0
0
0
0
0
0
0
0
0
0
0
0
0
0
0
0
0
0
0
0
0
0
0
0
0
0
0
0
0
0
0
0
0
0
0
0
0
0
0
0
0
0
0
0
0
0
0
0
0
0
0
0
0
0
0
0
0
0
0
0
0
0
0
0
0
0
0
0
0
-0.495323
0
0
0
0
0
0
0
0
0
0
0
0
0
0
0
-0.646351
0
0
0
0
0
0
0
0
0
0
0
0
0
0
0
-0.530095
0
0
0
0
0
0
0
0
0
0
0
0
0
0
0
-0.34282
0
0
0
0
0
0
0
0
0
0
0
0
0
0
0
0
0
0
0
0
0
0
0
0
0
0
0
0
0
0
0
0
0
0
0
0
0
0
0
0
0
0
0
0
0
0
0
0
0
-0.236905
0
0
0
0
0
0
0
0
0
0
0
0
0
0
0
-0.310666
-0.235849
0
0
0
0
0
0
0
0
0
0
0
0
0
0
-0.355133
-0.29601
0
0
0
0
0
0
0
0
0
0
0
0
0
0
-0.356219
-0.296531
0
0
0
0
0
0
0
0
0
0
0
0
0
0
-0.32362
-0.237302
0
0
0
0
0
0
0
0
0
0
0
0
0
0
0
0
0
0
0
0
0
0
0
0
0
0
0
0
0
0
0
0
0
0
0
0
0
0
0
0
0
0
0
0
0
0
0
0
0
0
0
0
0
0
0
0
0
0
0
0
0
0
0
0
0
0
0
0
0
0
0
0
0
0
0
0
0
0
0
0
0
0
0
0
0
0
0
0
0
0
0
0
0
0
0
0
0
0
0
0
0
0
0
0
0
0
0
0
0
0
0
0
0
0
0
0
0
0
0
0
0
0
0
0
0
0
0
0
0
0
0
0
0
0
0
0
0
0
0
0
0
0
0
0
0
0
0
0
0
0
0
0
0
0
0
0
0
0
0
0
0
0
0
0
0
0
0
0
0
0
0
0
0
0
0
0
0
0
0
0
0
0
0
0
0
0
0
0
0
0
0
0
0
0
0
0
0
0
0
0
0
0
0
0
0
0
0
0
0
0
0
0
0
0
0
0
0
0
0
0
0
0
0
0
0
0
0
0
0
0
0
0
0
0
0
0
0
0
0
0
0
0
0
0
0
0
0
0
0
0
0
0
0
0
0
0
0
0
0
0
0
0
0
0
0
0
0
0
0
0
0
0
0
0
0
0
0
0
0
0
0
0
0
0
0
0
0
0
0
0
0
0
0
0
0
0
0
0
0
0
0
0
0
0
0
0
0
0
0
0
0
0
0
0
0
0
0
0
0
0
0
0
0
0
0
0
0
0
0
0
0
0
0
0
0
0
0
0
0
0
0
0
0
0
0
0
0
0
0
0
0
0
0
0
0
0
0
0
0
0
0
0
0
0
0
0
0
0
0
0
0
0
0
0
0
0
0
0
0
0
0
0
0
0
0
0
0
0
0
0
0
0
0
0
0
0
0
0
0
0
0
0
0
0
0
0
0
0
0
0
0
0
0
0
0
0
0
0
0
0
0
0
0
0
0
0
0
0
0
0
0
0
0
0
0
0
0
0
0
0
0
0
0
0
0
0
0
0
0
0
0
0
0
0
0
0
0
0
0
0
0
0
0
0
0
0
0
0
0
0
0
0
0
0
0
0
0
0
0
0
0
0
0
0
0
0
0
0
0
0
0
0
0
0
0
0
0
0
0
0
0
0
0
0
0
0
0
0
-0.546278
0
0
0
0
0
0
0
0
0
0
0
0
0
0
0
0
0
0
0
0
0
0
0
0
0
0
0
0
0
0
0
0
0
0
0
0
0
0
0
0
0
0
0
0
0
0
0
0
0
0
0
0
0
0
0
0
0
0
0
0
0
0
0
0
0
0
0
0
0
0
0
0
0
0
0
0
0
0
0
0
0
0
0
0
0
0
0
0
0
0
0
0
0
0
0
0
0
0
0
0
0
0
0
0
0
0
0
0
0
0
0
0
0
0
0
0
0
0
0
0
0
0
0
0
0
0
0
0
0
0
0
0
0
0
0
0
0
0
0
0
0
0
0
0
0
0
0
0
0
0
0
0
0
0
0
0
0
0
0
0
0
0
0
0
0
0
0
0
0
0
0
0
0
0
0
0
0
0
0
0
0
0
0
0
0
0
0
0
0
0
0
0
0
0
0
0
0
0
0
0
0
0
0
0
0
0
0
0
0
0
0
0
0
0
0
0
0
0
0
0
0
0
0
0
0
0
0
0
0
0
0
0
0
0
0
0
0
0
0
0
0
0
0
0
0
0
0
0
0
0
0
0
0
0
0
0
0
0
0
0
0
0
0
0
0
0
0
0
0
0
0
0
0
0
0
0
0
0
0
0
0
0
0
0
0
0
0
0
0
0
0
0
0
0
0
0
0
0
0
0
0
0
0
0
0
0
0
0
0
0
0
0
0
0
0
0
0
0
0
0
0
0
0
0
0
0
0
0
0
0
0
0
0
0
0
0
0
0
0
0
0
0
0
0
0
0
0
0
0
0
0
0
0
0
0
0
0
0
0
0
0
0
0
0
0
0
0
0
0
0
0
0
0
0
0
0
0
0
0
0
0
0
0
0
0
0
0
0
0
0
0
0
0
0
0
0
0
0
0
0
0
0
0
0
0
0
0
0
0
0
0
0
0
0
0
0
0
0
0
0
0
0
0
0
0
0
0
0
0
0
0
0
0
0
0
0
0
0
0
0
0
0
0
0
0
0
0
0
0
0
0
0
0
0
0
0
0
0
0
0
0
0
0
0
0
0
0
0
0
0
0
0
0
0
0
0
0
0
0
0
0
0
0
0
0
0
0
0
0
0
0
0
0
0
0
0
0
0
0
0
0
0
0
0
0
0
0
0
0
0
0
0
0
0
0
0
0
0
0
0
0
0
0
0
0
0
0
0
0
0
0
0
0
0
0
0
0
0
0
0
0
0
0
0
0
0
0
0
0
0
0
0
0
0
0
0
0
0
0
0
0
0
0
0
0
0
0
0
0
0
0
0
0
0
0
0
0
0
0
0
0
0
0
0
0
0
0
0
0
0
0
0
0
0
0
0
0
0
0
0
0
0
0
0
0
0
0
0
0
0
0
0
0
0
0
0
0
0
0
0
0
0
0
0
0
0
0
0
0
0
0
0
0
0
0
0
0
0
0
0
0
0
0
0
0
0
0
0
0
0
0
0
0
0
0
0
0
0
0
0
0
0
0
0
0
0
0
0
0
0
0
0
0
0
0
0
0
0
0
0
0
0
0
0
0
0
0
0
0
0
0
0
0
0
0
0
0
0
0
0
0
0
0
0
0
0
0
0
0
0
0
0
0
0
0
0
0
0
0
0
0
0
0
0
0
0
0
0
0
0
0
0
0
0
0
0
0
0
0
0
0
0
0
0
0
0
0
0
0
0
0
0
0
0
0
0
0
0
0
0
0
0
0
0
0
0
0
0
0
0
0
0
0
0
0
0
0
0
0
0
0
0
0
0
0
0
0
0
0
0
0
0
0
0
0
0
0
0
0
0
0
0
0
0
0
0
0
0
0
0
0
0
0
0
0
0
0
0
0
0
0
0
0
0
0
0
0
0
0
0
0
0
0
0
0
0
0
0
0
0
0
0
0
0
0
0
0
0
0
0
0
0
0
0
0
0
0
0
0
0
0
0
0
0
0
0
0
0
0
0
0
0
0
0
0
0
0
0
0
0
0
0
0
0
0
0
0
0
0
0
0
0
0
0
0
0
0
0
0
0
0
0
0
0
0
0
0
0
0
0
0
0
0
0
0
0
0
0
0
0
0
0
0
0
0
0
0
0
0
0
0
0
0
0
0
0
0
0
0
0
0
0
0
0
0
0
0
0
0
0
0
0
0
0
0
0
0
0
0
0
0
0
0
0
0
0
0
0
0
0
0
0
0
0
0
0
0
0
0
0
0
0
0
0
0
0
0
0
0
0
0
0
0
0
0
0
0
0
0
0
0
0
0
0
0
0
0
0
0
0
0
0
0
0
0
0
0
0
0
0
0
0
0
0
0
0
0
0
0
0
0
0
0
0
0
0
0
0
0
0
0
0
0
0
0
0
0
0
0
0
0
0
0
0
0
0
0
0
0
0
0
0
0
0
0
0
0
0
0
0
0
0
0
0
0
0
0
0
0
0
0
0
0
0
0
0
0
0
0
0
0
0
0
0
0
0
0
0
0
0
0
0
0
0
0
0
0
0
0
0
0
0
0
0
0
0
0
0
0
0
0
0
0
0
0
0
0
0
0
0
0
0
0
0
0
0
0
0
0
0
0
0
0
0
0
0
0
0
0
0
0
0
0
0
0
0
0
0
0
0
0
0
0
0
0
0
0
0
0
0
0
0
0
0
0
0
0
0
0
0
0
0
0
0
0
0
0
0
0
0
0
0
0
0
0
0
0
0
0
0
0
0
0
0
0
0
0
0
0
0
0
0
0
0
0
0
0
0
0
0
0
0
0
0
0
0
0
0
0
0
0
0
0
0
0
0
0
0
0
0
0
0
0
0
0
0
0
0
0
0
0
0
0
0
0
0
0
0
0
0
0
0
0
0
0
0
0
0
0
0
0
0
0
0
0
0
0
0
0
0
0
0
0
0
0
0
0
0
0
0
0
0
0
0
0
0
0
0
0
0
0
0
0
0
0
0
0
0
0
0
0
0
0
0
0
0
0
0
0
0
0
0
0
0
0
0
0
0
0
0
0
0
0
0
0
0
0
0
0
0
0
0
0
0
0
0
0
0
0
0
0
0
0
0
0
0
0
0
0
0
0
0
0
0
0
0
0
0
0
0
0
0
0
0
0
0
0
0
0
0
0
0
0
0
0
0
0
0
0
0
0
0
0
0
0
0
0
0
0
0
0
0
0
0
0
0
0
0
0
0
0
0
0
0
0
0
0
0
0
0
0
0
0
0
0
0
0
0
0
0
0
0
0
0
0
0
0
0
0
0
0
0
0
0
0
0
0
0
0
0
0
0
0
0
0
0
0
0
0
0
0
0
0
0
0
0
0
0
0
0
0
0
0
0
0
0
0
0
0
0
0
0
0
0
0
0
0
0
0
0
0
0
0
0
0
0
0
0
0
0
0
0
0
0
0
0
0
0
0
0
0
0
0
0
0
0
0
0
0
0
0
0
0
0
0
0
0
0
0
0
0
0
0
0
0
0
0
0
0
0
0
0
0
0
0
0
0
0
0
0
0
0
0
0
0
0
0
0
0
0
0
0
0
0
0
0
0
0
0
0
0
0
0
0
0
0
0
0
0
0
0
0
0
0
0
0
0
0
0
0
0
0
0
0
0
0
0
0
0
0
0
0
0
0
0
0
0
0
0
0
0
0
0
0
0
0
0
0
0
0
0
0
0
0
0
0
0
0
0
0
0
0
0
0
0
0
0
0
0
0
0
0
0
0
0
0
0
0
0
0
0
0
0
0
0
0
0
0
0
0
0
0
0
0
0
0
0
0
0
0
0
0
0
0
0
0
0
0
0
0
0
0
0
0
0
0
0
0
0
0
0
0
0
0
0
0
0
0
0
0
0
0
0
0
0
0
0
0
0
0
0
0
0
0
0
0
0
0
0
0
0
0
0
0
0
0
0
0
0
0
0
0
0
0
0
0
0
0
0
0
0
0
0
0
0
0
0
0
0
0
0
0
0
0
0
0
0
0
0
0
0
0
0
0
0
0
0
0
0
0
0
0
0
0
0
0
0
0
0
0
0
0
0
0
0
0
0
0
0
0
0
0
0
0
0
0
0
0
0
0
0
0
0
0
0
0
0
0
0
0
0
0
0
0
0
0
0
0
0
0
0
0
0
0
0
0
0
0
0
0
0
0
0
0
0
0
0
0
0
0
0
0
0
0
0
0
0
0
0
0
0
0
0
0
0
0
0
0
0
0
0
0
0
0
0
0
0
0
0
0
0
0
0
0
0
0
0
0
0
0
0
0
0
0
0
0
0
0
0
0
0
0
0
0
0
0
0
0
0
0
0
0
0
0
0
0
0
0
0
0
0
0
0
0
0
0
0
0
0
0
0
0
0
0
0
0
0
0
0
0
0
0
0
0
0
0
0
0
0
0
0
0
0
0
0
0
0
0
0
0
0
0
0
0
0
0
0
0
0
0
0
0
0
0
0
0
0
0
0
0
0
0
0
0
0
0
0
0
0
0
0
0
0
0
0
0
0
0
0
0
0
0
0
0
0
0
0
0
0
0
0
0
0
0
0
0
0
0
0
0
0
0
0
0
0
0
0
0
0
0
0
0
0
0
0
0
0
0
0
0
0
0
0
0
0
0
0
0
0
0
0
0
0
0
0
0
0
0
0
0
0
0
0
0
0
0
0
0
0
0
0
0
0
0
0
0
0
0
0
0
0
0
0
0
0
0
0
0
0
0
0
0
0
0
0
0
0
0
0
0
0
0
0
0
0
0
0
0
0
0
0
0
0
0
0
0
0
0
0
0
0
0
0
0
0
0
0
0
0
0
0
0
0
0
0
0
0
0
0
0
0
0
0
0
0
0
0
0
0
0
0
0
0
0
0
0
0
0
0
0
0
0
0
0
0
0
0
0
0
0
0
0
0
0
0
0
0
0
0
0
0
0
0
0
0
0
0
0
0
0
0
0
0
0
0
0
0
0
0
0
0
0
0
0
0
0
0
0
0
0
0
0
0
0
0
0
0
0
0
0
0
0
0
0
0
0
0
0
0
0
0
0
0
0
0
0
0
0
0
0
0
0
0
0
0
0
0
0
0
0
0
0
0
0
0
0
0
0
0
0
0
0
0
0
0
0
0
0
0
0
0
0
0
0
0
0
0
0
0
0
0
0
0
0
0
0
0
0
0
0
0
0
0
0
0
0
0
0
0
0
0
0
0
0
0
0
0
0
0
0
0
0
0
0
0
0
0
0
0
0
0
0
0
0
0
0
0
0
0
0
0
0
0
0
0
0
0
0
0
0
0
0
0
0
0
0
0
0
0
0
0
0
0
0
0
0
0
0
0
0
0
0
0
0
0
0
0
0
0
0
0
0
0
0
0
0
0
0
0
0
0
0
0
0
0
0
0
0
0
0
0
0
0
0
0
0
0
0
0
0
0
0
0
0
0
0
0
0
0
0
0
0
0
0
0
0
0
0
0
0
0
0
0
0
0
0
0
0
0
0
0
0
0
0
0
0
0
0
0
0
0
0
0
0
0
0
0
0
0
0
0
0
0
0
0
0
0
0
0
0
0
0
0
0
0
0
0
0
0
0
0
0
0
0
0
0
0
0
0
0
0
0
0
0
0
0
0
0
0
0
0
0
0
0
0
0
0
0
0
0
0
0
0
0
0
0
0
0
0
0
0
0
0
0
0
0
0
0
0
0
0
0
0
0
0
0
0
0
0
0
0
0
0
0
0
0
0
0
0
0
0
0
0
0
0
0
0
0
0
0
0
0
0
0
0
0
0
0
0
0
0
0
0
0
0
0
0
0
0
0
0
0
0
0
0
0
0
0
0
0
0
0
0
0
0
0
0
0
0
0
0
0
0
0
0
0
0
0
0
0
0
0
0
0
0
0
0
0
0
0
0
0
0
0
0
0
0
0
0
0
0
0
0
0
0
0
0
0
0
0
0
0
0
0
0
0
0
0
0
0
0
0
0
0
0
0
0
0
0
0
0
0
0
0
0
0
0
0
0
0
0
0
0
0
0
0
0
0
0
0
0
0
0
0
0
0
0
0
0
0
0
0
0
0
0
0
0
0
0
0
0
0
0
0
0
0
0
0
0
0
0
0
0
0
0
0
0
0
0
0
0
0
0
0
0
0
0
0
0
0
0
0
0
0
0
0
0
0
0
0
0
0
0
0
0
0
0
0
0
0
0
0
0
0
0
0
0
0
0
0
0
0
0
0
0
0
0
0
0
0
0
0
0
0
0
0
0
0
0
0
0
0
0
0
0
0
0
0
0
0
0
0
0
0
0
0
0
0
0
0
0
0
0
0
0
0
0
0
0
0
0
0
0
0
0
0
0
0
0
0
0
0
0
0
0
0
0
0
0
0
0
0
0
0
0
0
0
0
0
0
0
0
0
0
0
0
0
0
0
0
0
0
0
0
0
0
0
0
0
0
0
0
0
0
0
0
0
0
0
0
0
0
0
0
0
0
0
0
0
0
0
0
0
0
0
0
0
0
0
0
0
0
0
0
0
0
0
0
0
0
0
0
0
0
0
0
0
0
0
0
0
0
0
0
0
0
0
0
0
0
0
0
0
0
0
0
0
0
0
0
0
0
0
0
0
0
0
0
0
0
0
0
0
0
0
0
0
0
0
0
0
0
0
0
0
0
0
0
0
0
0
0
0
0
0
0
0
0
0
0
0
0
0
0
0
0
0
0
0
0
0
0
0
0
0
0
0
0
0
0
0
0
0
0
0
0
0
0
0
0
0
0
0
0
0
0
0
0
0
0
0
0
0
0
0
0
0
0
0
0
0
0
0
0
0
0
0
0
0
0
0
0
0
0
0
0
0
0
0
0
0
0
0
0
0
0
0
0
0
0
0
0
0
0
0
0
0
0
0
0
0
0
0
0
0
0
0
0
0
0
0
0
0
0
0
0
0
0
0
0
0
0
0
0
0
0
0
0
0
0
0
0
0
0
0
0
0
0
0
0
0
0
0
0
0
0
0
0
0
0
0
0
0
0
0
0
0
0
0
0
0
0
0
0
0
0
0
0
0
0
0
0
0
0
0
0
0
0
0
0
0
0
0
0
0
0
0
0
0
0
0
0
0
0
0
0
0
0
0
0
0
0
0
0
0
0
0
0
0
0
0
0
0
0
0
0
0
0
0
0
0
0
0
0
0
0
0
0
0
0
0
0
0
0
0
0
0
0
0
0
0
0
0
0
0
0
0
0
0
0
0
0
0
0
0
0
0
0
0
0
0
0
0
0
0
0
0
0
0
0
0
0
0
0
0
0
0
0
0
0
0
0
0
0
0
0
0
0
0
0
0
0
0
0
0
0
0
0
0
0
0
0
0
0
0
0
0
0
0
0
0
0
0
0
0
0
0
0
0
0
0
0
0
0
0
0
0
0
0
0
0
0
0
0
0
0
0
0
0
0
0
0
0
0
0
0
0
0
0
0
0
0
0
0
0
0
0
0
0
0
0
0
0
0
0
0
0
0
0
0
0
0
0
0
0
0
0
0
0
0
0
0
0
0
0
0
0
0
0
0
0
0
0
0
0
0
0
0
0
0
0
0
0
0
0
0
0
0
0
0
0
0
0
0
0
0
0
0
0
0
0
0
0
0
0
0
0
0
0
0
0
0
0
0
0
0
0
0
0
0
0
0
0
0
0
0
0
0
0
0
0
0
0
0
0
0
0
0
0
0
0
0
0
0
0
0
0
0
0
0
0
0
0
0
0
0
0
0
0
0
0
0
0
0
0
0
0
0
0
0
0
0
0
0
0
0
0
0
0
0
0
0
0
0
0
0
0
0
0
0
0
0
0
0
0
0
0
0
0
0
0
0
0
0
0
0
0
0
0
0
0
0
0
0
0
0
0
0
0
0
0
0
0
0
0
0
0
0
0
0
0
0
0
0
0
0
0
0
0
0
0
0
0
0
0
0
0
0
0
0
0
0
0
0
0
0
0
0
0
0
0
0
0
0
0
0
0
0
0
0
0
0
0
0
0
0
0
0
0
0
0
0
0
0
0
0
0
0
0
0
0
0
0
0
0
0
0
0
0
0
0
0
0
0
0
0
0
0
0
0
0
0
0
0
0
0
0
0
0
0
0
0
0
0
0
0
0
0
0
0
0
0
0
0
0
0
0
0
0
0
0
0
0
0
0
0
0
0
0
0
0
0
0
0
0
0
0
0
0
0
0
0
0
0
0
0
0
0
0
0
0
0
0
0
0
0
0
0
0
0
