250
 0.012566370614359173
 0
 0
 0
 0
 0
 0
 0
 0
 0
 0
 0
 0
 0
 0
 0
 0
 0
 0
 0
 0
 0
 0
 0
 0
 0
 0
 0
 0
 0
 0
 0
 0
 0
 0
 0
 0
 0
 0
 0
 0
 0
 0
 0
 0
 0
 0
 0
 0
 0
 0
 0
 0
 0
 0
 0
 0
 0
 0
 0
 0
 0
 0
 0
 0
 0
 0
 0
 0
 0
 0
 0
 0
 0
 0
 0
 0
 0
 0
 0
 0
 0
 0
 0
 0
 0
 0
 0
 0
 0
 0
 0
 0
 0
 0
 0
 0
 0
 0
 -0.13490751740213902
 -0.9144766637335522
 -1.3766756436368972
 -1.4596021670911599
 -2.0405537352426206
 -2.5708768296798548
 -2.943746821677226
 -3.262987970180692
 -3.5390715069760956
 -3.9218758332425105
 -4.228534206489483
 -4.615619532053879
 -5.108818311828109
 -5.596753485177754
 -6.05885581903174
 -6.429206681538739
 -6.722694118217184
 -6.938202672802474
 -7.0470676011768685
 -7.089723863145183
 -7.08700713059287
 -7.008094377971665
 -6.866051612930742
 -6.721807711967102
 -6.525765048672671
 -6.275791689363745
 -6.07342614199797
 -5.849901350759765
 -5.5821504788944685
 -5.334520894412021
 -5.003318446216336
 -4.717171781417406
 -4.42590396753107
 -4.375582060148994
 -4.211404130819743
 -3.976705757483386
 -3.8735779138627784
 -3.806856227753907
 -3.7026141493693974
 -3.597367265605852
 -3.5878219375419986
 -3.441547871349141
 -3.2442116102515604
 -3.2569499999592724
 -3.3415057741181116
 -3.286075846832164
 -3.220171770679716
 -3.158484028171096
 -3.0842429372774296
 -2.8280713652271112
 -2.8170521515884337
 -2.8173424060278123
 -2.57744808649906
 -2.7044045827300227
 -2.833842486258515
 -2.7779240585129603
 -2.6291477244329
 -2.707736974498914
 -2.7138737599781733
 -2.62080838988044
 -2.522852977139265
 -2.4393454157133627
 -2.155963452603947
 -2.2815938387614745
 -2.1088760215959006
 -1.919853781813523
 -1.8128563154225583
 -1.7945994193804315
 -2.018590806890309
 -2.262566657083436
 -2.1806453980027767
 -2.0714222083753384
 -2.0460050073319698
 -2.063455578697484
 -1.9362237670946767
 -1.485887684046852
 -1.1962110902295322
 -1.383473852691636
 -1.6223132850146271
 -1.488428755934268
 -0.9113211022348899
 -0.6279192940632381
 -1.2513180884499358
 -0.704670145215271
 -0.24087854264919706
 0
 0
 -0.025052009074718384
 -0.4803483365822654
 -0.5916525621921469
 -0.26111769546331765
 -0.20084552986822324
 -0.6256203849472772
 0
 0
 0
 0
 0
 0
 0
 0
 0
 0
 0
 0
 0
 0
 0
 0
 0
 0
 0
 0
 0
 0
 0
 0
 0
 0
 0
 0
 0
 0
 0
 0
 0
 0
 0
 0
 0
 0
 0
 0
 0
 0
 0
 0
 0
 0
 0
 0
 0
 0
 0
 0
 0
 0
 0
 0
 0
 0
 0
 0
 