250
 0.025132741228718346
 -3.141592653589793
 0
 0
 0
 0
 0
 0
 0
 0
 0
 0
 0
 0
 0
 0
 0
 0
 0
 0
 0
 0
 0
 0
 0
 0
 0
 0
 0
 0
 0
 0
 0
 0
 0
 0
 0
 0
 0
 0
 0
 0
 0
 0
 0
 0
 0
 0
 0
 0
 0
 0
 0
 0
 0
 0
 0
 0
 0
 0
 0
 0
 0
 0
 0
 0
 0
 0
 0
 0
 0
 0
 0
 0
 0
 0
 0
 0
 0
 0
 0
 0
 0
 0
 0
 0
 0
 0
 0
 0
 0
 0
 0
 0
 0
 0
 0
 0
 0
 0
 0
 0
 0
 0
 0
 0
 0
 0
 0
 0
 0
 0
 0
 0
 0
 0
 0
 0
 0
 0
 0
 0
 0
 0
 0
 0
 0
 0
 0
 -0.2759415141540268
 -0.609212682954071
 -0.8630995931547939
 -1.067099540815761
 -1.2264750825125692
 -1.3390665982337493
 -1.4127499324249202
 -1.465007679651626
 -1.5060766159300178
 -1.5307604543958313
 -1.532610244912405
 -1.5134531648373377
 -1.4754583416309526
 -1.4173222171096254
 -1.3436022122415845
 -1.2683773878095244
 -1.2039437584220187
 -1.1526521971783654
 -1.1106855481945501
 -1.073308615365966
 -1.0362003657160757
 -0.9904417920740223
 -0.9248099408947396
 -0.8397218678615712
 -0.7448608803600797
 -0.6405153212891107
 -0.5146169582673914
 -0.3665049481489693
 -0.2271806275756303
 -0.1375762940900942
 -0.10214134232315397
 -0.07924804730638846
 -0.021009647526339714
 0
 0
 0
 0
 0
 0
 0
 0
 0
 0
 0
 0
 0
 0
 0
 0
 0
 0
 0
 0
 0
 0
 0
 0
 0
 0
 0
 0
 0
 0
 0
 0
 0
 0
 0
 0
 0
 0
 0
 0
 0
 0
 0
 0
 0
 0
 0
 0
 0
 0
 0
 0
 0
 0
 0
 0
 0
 0
 0
 0
 0
 0
 0
 0
 0
 0
 0
 0
 0
 0
 0
 0
 0
 0
 0
 0
 0
 0
 0
 0
 0
 0
 0
 0
 0
 0
 0
 0
 0
 0
 