41 41 14
0.2 0.2 0.2
-4 -4 2
0
0
0
0
0
0
0
0
0
0
0
0
0
0
0
0
0
0
0
0
0
0
0
0
0
0
0
0
0
0
0
0
0
0
0
0
0
0
0
0
0
0
0
0
0
0
0
0
0
0
0
0
0
0
0
0
0
0
0
0
0
0
0
0
0
0
0
0
0
0
0
0
0
0
0
0
0
0
0
0
0
0
0
0
0
0
0
0
0
0
0
0
0
0
0
0
0
0
0
0
0
0
0
0
0
0
0
0
0
0
0
0
0
0
0
0
0
0
0
0
0
0
0
0
0
0
0
0
0
0
0
0
0
0
0
0
0
0
0
0
0
0
0
0
0
0
0
0
0
0
0
0
0
0
0
0
0
0
0
0
0
0
0
0
0
0
0
0
0
0
0
0
0
0
0
0
0
0
0
0
0
0
0
0
0
0
0
0
0
0
0
0
0
0
0
0
0
0
0
0
0
0
0
0
0
0
0
0
0
0
0
0
0
0
0
0
0
0
0
0
0
0
0
0
0
0
0
0
0
0
0
0
0
0
0
0
0
0
0
0
0
0
0
0
0
0
0
0
0
0
0
0
0
0
0
0
0
0
0
0
0
0
0
0
0
0
0
0
0
0
0
0
0
0
0
0
0
0
0
0
0
0
0
0
0
0
0
0
0
0
0
0
0
0
0
0
0
0
0
0
0
0
0
0
0
0
0
0
0
0
0
0
0
0
0
0
0
0
0
0
0
0
0
0
0
0
0
0
0
0
0
0
0
0
0
0
0
0
0
0
0
0
0
0
0
0
0
0
0
0
0
0
0
0
0
0
0
0
0
0
0
0
0
0
0
0
0
0
0
0
0
0
0
0
0
0
0
0
0
0
0
0
0
0
0
0
0
0
0
0
0
0
0
0
0
0
0
0
0
0
0
0
0
0
0
0
0
0
0
0
0
0
0
0
0
0
0
0
0
0
0
0
0
0
0
0
0
0
0
0
0
0
0
0
0
0
0
0
0
0
0
0
0
0
0
0
0
0
0
0
0
0
0
0
0
0
0
0
0
0
0
0
0
0
0
0
0
0
0
0
0
0
0
0
0
0
0
0
0
0
0
0
0
0
0
0
0
0
0
0
0
0
0
0
0
0
0
0
0
0
0
0
0
0
0
0
0
0
0
0
0
0
0
0
0
0
0
0
0
0
0
0
0
0
0
0
0
0
0
0
0
0
0
0
0
0
0
0
0
0
0
0
0
0
0
0
0
0
0
0
0
0
0
0
0
0
0
0
0
0
0
0
0
0
0
0
0
0
0
0
0
0
0
0
0
0
0
0
0
0
0
0
0
0
0
0
0
0
0
0
0
0
0
0
0
0
0
0
0
0
0
0
0
0
0
0
0
0
0
0
0
0
0
0
0
0
0
0
0
0
0
0
0
0
0
0
0
0
0
0
0
0
0
0
0
0
0
0
0
0
0
0
0
0
0
0
0
0
0
0
0
0
0
0
0
0
0
0
0
0
0
0
0
0
0
0
0
0
0
0
0
0
0
0
0
0
0
0
0
0
0
0
0
0
0
0
0
0
0
0
0
0
0
0
0
0
0
0
0
0
0
0
0
0
0
0
0
0
0
0
0
0
0
0
0
0
0
0
0
0
0
0
0
0
0
0
0
0
0
0
0
0
0
0
0
0
0
0
0
0
0
0
0
0
0
0
0
0
0
0
0
0
0
0
0
0
0
0
0
0
0
0
0
0
0
0
0
0
0
0
0
0
0
0
0
0
0
0
0
0
0
0
0
0
0
0
0
0
0
0
0
0
0
0
0
0
0
0
0
0
0
0
0
0
0
0
0
0
0
0
0
0
0
0
0
0
0
0
0
0
0
0
0
0
0
0
0
0
0
0
0
0
0
0
0
0
0
0
0
0
0
0
0
0
0
0
0
0
0
0
0
0
0
0
0
0
0
0
0
0
0
0
0
0
0
0
0
0
0
0
0
0
0
0
0
0
0
0
0
0
0
0
0
0
0
0
0
0
0
0
0
0
0
0
0
0
0
0
0
0
0
0
0
0
0
0
0
0
0
0
0
0
0
0
0
0
0
0
0
0
0
0
0
0
0
0
0
0
0
0
0
0
0
0
0
0
0
0
0
0
0
0
0
0
0
0
0
0
0
0
0
0
0
0
0
0
0
0
0
0
0
0
0
0
0
0
0
0
0
0
0
0
0
0
0
0
0
0
0
0
0
0
0
0
0
0
0
0
0
0
0
0
0
0
0
0
0
0
0
0
0
0
0
0
0
0
0
0
0
0
0
0
0
0
0
0
0
0
0
0
0
0
0
0
0
0
0
0
0
0
0
0
0
0
0
0
0
0
0
0
0
0
0
0
0
0
0
0
0
0
0
0
0
0
0
0
0
0
0
0
0
0
0
0
0
0
0
0
0
0
0
0
0
0
0
0
0
0
0
0
0
0
0
0
0
0
0
0
0
0
0
0
0
0
0
0
0
0
0
0
0
0
0
0
0
0
0
0
0
0
0
0
0
0
0
0
0
0
0
0
0
0
0
0
0
0
0
0
0
0
0
0
0
0
0
0
0
0
0
0
0
0
0
0
0
0
0
0
0
0
0
0
0
0
0
0
0
0
0
0
0
0
0
0
0
0
0
0
0
0
0
0
0
0
0
0
0
0
0
0
0
0
0
0
0
0
0
0
0
0
0
0
0
0
0
0
0
0
0
0
0
0
0
0
0
0
0
0
0
0
0
0
0
0
0
0
0
0
0
0
0
0
0
0
0
0
0
0
0
0
0
0
0
0
0
0
0
0
0
0
0
0
0
0
0
0
0
0
0
0
0
0
0
0
0
0
0
0
0
0
0
0
0
0
0
0
0
0
0
0
0
0
0
0
0
0
0
0
0
0
0
0
0
0
0
0
0
0
0
0
0
0
0
0
0
0
0
0
0
0
0
0
0
0
0
0
0
0
0
0
0
0
0
0
0
0
0
0
0
0
0
0
0
0
0
0
0
0
0
0
0
0
0
0
0
0
0
0
0
0
0
0
0
0
0
0
0
0
0
0
0
0
0
0
0
0
0
0
0
0
0
0
0
0
0
0
0
0
0
0
0
0
0
0
0
0
0
0
0
0
0
0
0
0
0
0
0
0
0
0
0
0
0
-1.55167
0
0
0
0
0
0
0
0
0
0
0
0
-1.18647
-1.65673
0
0
0
0
0
0
0
0
0
0
0
0
-1.3076
-1.66162
0
0
0
0
0
0
0
0
0
0
0
0
-1.34959
-1.64814
0
0
0
0
0
0
0
0
0
0
0
0
-1.30505
-1.61197
0
0
0
0
0
0
0
0
0
0
0
0
0
-1.50111
0
0
0
0
0
0
0
0
0
0
0
0
0
-1.36502
0
0
0
0
0
0
0
0
0
0
0
0
0
0
0
0
0
0
0
0
0
0
0
0
0
0
0
0
0
0
0
0
0
0
0
0
0
0
0
0
0
0
0
0
0
0
0
0
0
0
0
0
0
0
0
0
0
0
0
0
0
0
0
0
0
0
0
0
0
0
0
0
0
0
0
0
0
0
0
0
0
0
0
0
0
0
0
0
0
0
0
0
0
0
0
0
0
0
0
0
0
0
0
0
0
0
0
0
0
0
0
0
0
0
0
0
0
0
0
0
0
0
0
0
0
0
0
0
0
0
0
0
0
0
0
0
0
0
0
0
0
0
0
0
0
0
0
0
0
0
0
0
0
0
0
0
0
0
0
0
0
0
0
0
0
0
0
0
0
0
0
0
0
0
0
0
0
0
0
0
0
0
0
0
0
0
0
0
0
0
0
0
0
0
0
0
0
0
0
0
0
0
0
0
0
0
0
0
0
0
0
0
0
0
0
0
0
0
0
0
0
0
0
0
0
0
0
0
0
0
0
0
0
0
0
0
0
0
0
0
0
0
0
0
0
0
0
0
0
0
0
0
0
0
0
0
0
0
0
0
0
0
0
0
0
0
0
0
0
0
0
0
0
0
0
0
0
0
0
0
0
0
0
0
0
0
0
0
0
0
0
0
0
0
0
0
0
0
0
0
0
0
0
0
0
0
0
0
0
0
0
0
0
0
0
0
0
0
0
0
0
0
0
0
0
0
0
0
0
0
0
0
0
0
0
0
0
0
0
0
0
0
0
0
0
0
0
0
0
0
0
0
0
0
0
0
0
0
0
0
0
0
0
0
0
0
0
0
0
0
0
0
0
0
0
0
0
0
0
0
0
0
0
0
0
0
0
0
0
0
0
0
0
0
0
0
0
0
0
0
0
0
0
0
0
0
0
0
0
0
0
0
0
0
0
0
0
0
0
0
0
0
0
0
0
0
0
0
0
0
0
0
0
0
0
0
0
0
0
0
0
0
0
0
0
0
0
0
0
0
0
0
0
0
0
0
0
0
0
0
0
0
0
0
0
0
0
0
0
0
0
0
0
0
0
-1.39037
0
0
0
0
0
0
0
0
0
0
0
0
0
-1.71012
0
0
0
0
0
0
0
0
0
0
0
0
-1.23056
-1.91086
0
0
0
0
0
0
0
0
0
0
0
0
-1.46349
-1.99995
0
0
0
0
0
0
0
0
0
0
0
0
-1.57776
-2.02984
-1.29966
0
0
0
0
0
0
0
0
0
0
0
-1.58704
-1.99472
-1.61016
0
0
0
0
0
0
0
0
0
0
0
-1.36648
-1.86654
-1.70541
0
0
0
0
0
0
0
0
0
0
0
-1.07616
-1.71158
-1.68379
0
0
0
0
0
0
0
0
0
0
0
0
-1.52878
-1.47278
0
0
0
0
0
0
0
0
0
0
0
0
-1.35512
0
0
0
0
0
0
0
0
0
0
0
0
0
0
0
0
0
0
0
0
0
0
0
0
0
0
0
0
0
0
0
0
0
0
0
0
0
0
0
0
0
0
0
0
0
0
0
0
0
0
0
0
0
0
0
0
0
0
0
0
0
0
0
0
0
0
0
0
0
0
0
0
0
0
0
0
0
0
0
0
0
0
0
0
0
0
0
0
0
0
0
0
0
0
0
0
0
0
0
0
0
0
0
0
0
0
0
0
0
0
0
0
0
0
0
0
0
0
0
0
0
0
0
0
0
0
0
0
0
0
0
0
0
0
0
0
0
0
0
0
0
0
0
0
0
0
0
0
0
0
0
0
0
0
0
0
0
0
0
0
0
0
0
0
0
0
0
0
0
0
0
0
0
0
0
0
0
0
0
0
0
0
0
0
0
0
0
0
0
0
0
0
0
0
0
0
0
0
0
0
0
0
0
0
0
0
0
0
0
0
0
0
0
0
0
0
0
0
0
0
0
0
0
0
0
0
0
0
0
0
0
0
0
0
0
0
0
0
0
0
0
0
0
0
0
0
0
0
0
0
0
0
0
0
0
0
0
0
0
0
0
0
0
0
0
0
0
0
0
0
0
0
0
0
0
0
0
0
0
0
0
0
0
0
0
0
0
0
0
0
0
0
0
0
0
0
0
0
0
0
0
0
0
0
0
0
0
0
0
0
0
0
0
0
0
0
0
0
0
0
0
0
0
0
0
0
0
0
0
0
0
0
0
0
0
0
0
0
0
0
0
0
0
0
0
0
0
0
0
0
0
0
0
0
0
0
0
0
0
0
0
0
0
0
0
0
0
0
0
0
0
0
0
0
0
0
0
0
0
0
0
0
0
0
0
0
0
0
0
0
0
0
0
0
0
0
0
0
0
0
0
0
0
0
0
0
0
0
0
0
0
0
0
0
0
0
0
0
0
0
0
0
0
0
0
0
0
0
0
0
0
0
0
0
0
0
0
0
0
0
0
0
0
0
0
0
0
-1.46347
0
0
0
0
0
0
0
0
0
0
0
0
0
-1.82486
0
0
0
0
0
0
0
0
0
0
0
0
-1.2357
-2.08258
0
0
0
0
0
0
0
0
0
0
0
0
-1.5606
-2.21603
-1.2804
0
0
0
0
0
0
0
0
0
0
0
-1.72834
-2.26437
-1.57704
0
0
0
0
0
0
0
0
0
0
0
-1.77742
-2.22184
-1.84129
0
0
0
0
0
0
0
0
0
0
0
-1.58576
-2.08885
-1.90546
-1.29334
0
0
0
0
0
0
0
0
0
0
-1.33941
-1.94464
-1.8575
-1.3737
0
0
0
0
0
0
0
0
0
0
-1.04772
-1.80175
-1.63089
0
0
0
0
0
0
0
0
0
0
0
-0.923801
-1.66575
-1.26086
0
0
0
0
0
0
0
0
0
0
0
0
-1.46079
0
0
0
0
0
0
0
0
0
0
0
0
0
0
0
0
0
0
0
0
0
0
0
0
0
0
0
0
0
0
0
0
0
0
0
0
0
0
0
0
0
0
0
0
0
0
0
0
0
0
0
0
0
0
0
0
0
0
0
0
0
0
0
0
0
0
0
0
0
0
0
0
0
0
0
0
0
0
0
0
0
0
0
0
0
0
0
0
0
0
0
0
0
0
0
0
0
0
0
0
0
0
0
0
0
0
0
0
0
0
0
0
0
0
0
0
0
0
0
0
0
0
0
0
0
0
0
0
0
0
0
0
0
0
0
0
0
0
0
0
0
0
0
0
0
0
0
0
0
0
0
0
0
0
0
0
0
0
0
0
0
0
0
0
0
0
0
0
0
0
0
0
0
0
0
0
0
0
0
0
0
0
0
0
0
0
0
0
0
0
0
0
0
0
0
0
0
0
0
0
0
0
0
0
0
0
0
0
0
0
0
0
0
0
0
0
0
0
0
0
0
0
0
0
0
0
0
0
0
0
0
0
0
0
0
0
0
0
0
0
0
0
0
0
0
0
0
0
0
0
0
0
0
0
0
0
0
0
0
0
0
0
0
0
0
0
0
0
0
0
0
0
0
0
0
0
0
0
0
0
0
0
0
0
0
0
0
0
0
0
0
0
0
0
0
0
0
0
0
0
0
0
0
0
0
0
0
0
0
0
0
0
0
0
0
0
0
0
0
0
0
0
0
0
0
0
0
0
0
0
0
0
0
0
0
0
0
0
0
0
0
0
0
0
0
0
0
0
0
0
0
0
0
0
0
0
0
0
0
0
0
0
0
0
0
0
0
0
0
0
0
0
0
0
0
0
0
0
0
0
0
0
0
0
0
0
0
0
0
0
0
0
0
0
0
0
0
0
0
0
0
0
0
0
0
0
0
0
0
0
0
0
0
0
0
0
0
0
0
0
0
0
0
0
0
0
0
0
0
0
0
0
0
-1.44763
0
0
0
0
0
0
0
0
0
0
0
0
-0.765758
-1.87567
0
0
0
0
0
0
0
0
0
0
0
0
-1.26935
-2.2041
-1.17775
0
0
0
0
0
0
0
0
0
0
0
-1.67808
-2.37926
-1.50211
0
0
0
0
0
0
0
0
0
0
0
-1.89162
-2.44042
-1.75946
0
0
0
0
0
0
0
0
0
0
0
-1.9731
-2.38352
-1.97819
-1.23054
0
0
0
0
0
0
0
0
0
0
-1.80699
-2.2362
-2.02644
-1.37013
0
0
0
0
0
0
0
0
0
0
-1.59635
-2.08659
-1.9865
-1.41504
0
0
0
0
0
0
0
0
0
0
-1.3618
-1.96297
-1.80294
-1.3574
0
0
0
0
0
0
0
0
0
0
-1.26881
-1.8544
-1.48432
-1.28887
0
0
0
0
0
0
0
0
0
0
-1.20022
-1.69468
0
0
0
0
0
0
0
0
0
0
0
0
-1.13368
-1.3902
0
0
0
0
0
0
0
0
0
0
0
0
-1.08876
0
0
0
0
0
0
0
0
0
0
0
0
0
-1.05186
0
0
0
0
0
0
0
0
0
0
0
0
-0.989554
0
0
0
0
0
0
0
0
0
0
0
0
0
0
0
0
0
0
0
0
0
0
0
0
0
0
0
0
0
0
0
0
0
0
0
0
0
0
0
0
0
0
0
0
0
0
0
0
0
0
0
0
0
0
0
0
0
0
0
0
0
0
0
0
0
0
0
0
0
0
0
0
0
0
0
0
0
0
0
0
0
0
0
0
0
0
0
0
0
0
0
0
0
0
0
0
0
0
0
0
0
0
0
0
0
0
0
0
0
0
0
0
0
0
0
0
0
0
0
0
0
0
0
0
0
0
0
0
0
0
0
0
0
0
0
0
0
0
0
0
0
0
0
0
0
0
0
0
0
0
0
0
0
0
0
0
0
0
0
0
0
0
0
0
0
0
0
0
0
0
0
0
0
0
0
0
0
0
0
0
0
0
0
0
0
0
0
0
0
0
0
0
0
0
0
0
0
0
0
0
0
0
0
0
0
0
0
0
0
0
0
0
0
0
0
0
0
0
0
0
0
0
0
0
0
0
0
0
0
0
0
0
0
0
0
0
0
0
0
0
0
0
0
0
0
0
0
0
0
0
0
0
0
0
0
0
0
0
0
0
0
0
0
0
0
0
0
0
0
0
0
0
0
0
0
0
0
0
0
0
0
0
0
0
0
0
0
0
0
0
0
0
0
0
0
0
0
0
0
0
0
0
0
0
0
0
0
0
0
0
0
0
0
0
0
0
0
0
0
0
0
0
0
0
0
0
0
0
0
0
0
0
0
0
0
0
0
0
0
0
0
0
0
0
0
0
0
0
0
0
0
0
0
0
0
0
0
0
0
0
0
0
0
0
0
0
0
0
0
0
0
0
0
0
0
0
0
0
0
-1.44293
0
0
0
0
0
0
0
0
0
0
0
0
-0.837782
-1.91726
-1.00785
0
0
0
0
0
0
0
0
0
0
0
-1.39643
-2.2939
-1.34431
0
0
0
0
0
0
0
0
0
0
0
-1.84707
-2.49673
-1.63001
0
0
0
0
0
0
0
0
0
0
0
-2.08669
-2.56321
-1.83873
0
0
0
0
0
0
0
0
0
0
-0.743822
-2.19599
-2.48849
-1.99795
-1.32476
0
0
0
0
0
0
0
0
0
-0.79288
-2.07119
-2.32334
-2.01709
-1.4553
0
0
0
0
0
0
0
0
0
-0.741039
-1.90376
-2.16248
-1.97069
-1.50219
0
0
0
0
0
0
0
0
0
0
-1.70425
-2.04857
-1.82205
-1.45062
0
0
0
0
0
0
0
0
0
0
-1.59691
-1.95072
-1.57085
-1.34323
0
0
0
0
0
0
0
0
0
0
-1.49972
-1.80995
-1.23728
-1.25051
0
0
0
0
0
0
0
0
0
0
-1.40119
-1.55443
0
-1.23025
0
0
0
0
0
0
0
0
0
0
-1.29619
-1.32029
0
0
0
0
0
0
0
0
0
0
0
-0.767363
-1.18196
-1.07191
0
0
0
0
0
0
0
0
0
0
0
-1.02567
-1.0615
0
0
0
0
0
0
0
0
0
0
0
0
-1.10975
0
0
0
0
0
0
0
0
0
0
0
0
0
-1.09407
0
0
0
0
0
0
0
0
0
0
0
0
0
0
0
0
0
0
0
0
0
0
0
0
0
0
0
0
0
0
0
0
0
0
0
0
0
0
0
0
0
0
0
0
0
0
0
0
0
0
0
0
0
0
0
0
0
0
0
0
0
0
0
0
0
0
0
0
0
0
0
0
0
0
0
0
0
0
0
0
0
0
0
0
0
0
0
0
0
0
0
0
0
0
0
0
0
0
0
0
0
0
0
0
0
0
0
0
0
0
0
0
0
0
0
0
0
0
0
0
0
0
0
0
0
0
0
0
0
0
0
0
0
0
0
0
0
0
0
0
0
0
0
0
0
0
0
0
0
0
0
0
0
0
0
0
0
0
0
0
0
0
0
0
0
0
0
0
0
0
0
0
0
0
0
0
0
0
0
0
0
0
0
0
0
0
0
0
0
0
0
0
0
0
0
0
0
0
0
0
0
0
0
0
0
0
0
0
0
0
0
0
0
0
0
0
0
0
0
0
0
0
0
0
0
0
0
0
0
0
0
0
0
0
0
0
0
0
0
0
0
0
0
0
0
0
0
0
0
0
0
0
0
0
0
0
0
0
0
0
0
0
0
0
0
0
0
0
0
0
0
0
0
0
0
0
0
0
0
0
0
0
0
0
0
0
0
0
0
0
0
0
0
0
0
0
0
0
0
0
0
0
0
0
0
0
0
0
0
0
0
0
0
0
0
0
0
0
0
0
0
0
0
0
0
0
0
0
0
0
0
0
0
0
0
0
0
-0.769571
0
0
0
0
0
0
0
0
0
0
0
0
0
-1.49365
0
0
0
0
0
0
0
0
0
0
0
0
-0.863466
-2.01274
-1.13648
0
0
0
0
0
0
0
0
0
0
0
-1.4202
-2.4261
-1.48818
0
0
0
0
0
0
0
0
0
0
0
-1.87809
-2.64578
-1.73821
0
0
0
0
0
0
0
0
0
0
-0.566063
-2.13035
-2.71265
-1.90036
-1.04648
0
0
0
0
0
0
0
0
0
-0.910563
-2.26554
-2.62205
-1.99667
-1.37137
0
0
0
0
0
0
0
0
0
-0.982305
-2.19371
-2.44277
-1.98156
-1.48554
0
0
0
0
0
0
0
0
0
-0.933337
-2.09427
-2.26875
-1.92532
-1.52805
0
0
0
0
0
0
0
0
0
-0.685246
-1.96797
-2.15026
-1.81009
-1.488
0
0
0
0
0
0
0
0
0
0
-1.89717
-2.03998
-1.61512
-1.37252
0
0
0
0
0
0
0
0
0
0
-1.79947
-1.89971
-1.35591
-1.26786
0
0
0
0
0
0
0
0
0
0
-1.65762
-1.68177
-0.988817
-1.21723
0
0
0
0
0
0
0
0
0
0
-1.47447
-1.51396
0
0
0
0
0
0
0
0
0
0
0
-0.824451
-1.28152
-1.3493
0
0
0
0
0
0
0
0
0
0
0
-1.03997
-1.06133
-1.20301
0
0
0
0
0
0
0
0
0
0
0
-1.16761
0
0
0
0
0
0
0
0
0
0
0
0
0
-1.20937
0
0
0
0
0
0
0
0
0
0
0
0
0
-1.042
0
0
0
0
0
0
0
0
0
0
0
0
0
0
0
0
0
0
0
0
0
0
0
0
0
0
0
0
0
0
0
0
0
0
0
0
0
0
0
0
0
0
0
0
0
0
0
0
0
0
0
0
0
0
0
0
0
0
0
0
0
0
0
0
0
0
0
0
0
0
0
0
0
0
0
0
0
0
0
0
0
0
0
0
0
0
0
0
0
0
0
0
0
0
0
0
0
0
0
0
0
0
0
0
0
0
0
0
0
0
0
0
0
0
0
0
0
0
0
0
0
0
0
0
0
0
0
0
0
0
0
0
0
0
0
0
0
0
0
0
0
0
0
0
0
0
0
0
0
0
0
0
0
0
0
0
0
0
0
0
0
0
0
0
0
0
0
0
0
0
0
0
0
0
0
0
0
0
0
0
0
0
0
0
0
0
0
0
0
0
0
0
0
0
0
0
0
0
0
0
0
0
0
0
0
0
0
0
0
0
0
0
0
0
0
0
0
0
0
0
0
0
0
0
0
0
0
0
0
0
0
0
0
0
0
0
0
0
0
0
0
0
0
0
0
0
0
0
0
0
0
0
0
0
0
0
0
0
0
0
0
0
0
0
0
0
0
0
0
0
0
0
0
0
0
0
0
0
0
0
0
0
0
0
0
0
0
0
0
0
0
0
0
0
0
0
0
0
0
0
0
0
0
0
0
0
0
0
0
0
0
0
0
0
0
0
0
0
0
0
0
0
0
-0.878275
0
0
0
0
0
0
0
0
0
0
0
0
0
-1.5658
-0.928127
0
0
0
0
0
0
0
0
0
0
0
-0.880361
-2.06343
-1.30761
0
0
0
0
0
0
0
0
0
0
0
-1.43982
-2.46187
-1.67645
0
0
0
0
0
0
0
0
0
0
0
-1.8855
-2.67263
-1.89161
-0.918537
0
0
0
0
0
0
0
0
0
-0.610571
-2.13103
-2.73449
-2.00995
-1.25101
0
0
0
0
0
0
0
0
0
-0.998032
-2.25836
-2.64267
-2.0452
-1.49248
0
0
0
0
0
0
0
0
0
-1.08984
-2.20879
-2.48396
-1.99297
-1.55365
0
0
0
0
0
0
0
0
0
-1.04867
-2.13805
-2.3453
-1.91572
-1.56686
0
0
0
0
0
0
0
0
0
-0.796708
-2.05237
-2.26966
-1.81238
-1.52509
0
0
0
0
0
0
0
0
0
-0.513577
-2.02235
-2.17294
-1.65609
-1.40233
0
0
0
0
0
0
0
0
0
0
-1.98854
-2.03067
-1.45442
-1.28037
0
0
0
0
0
0
0
0
0
0
-1.90757
-1.82839
-1.15421
-1.19938
0
0
0
0
0
0
0
0
0
-0.677953
-1.71199
-1.69483
-0.959858
-1.11008
0
0
0
0
0
0
0
0
0
-0.921196
-1.43872
-1.57729
0
0
0
0
0
0
0
0
0
0
0
-1.08956
-1.1067
-1.4393
0
0
0
0
0
0
0
0
0
0
0
-1.19677
0
-1.13197
0
0
0
0
0
0
0
0
0
0
-0.724555
-1.26217
0
0
0
0
0
0
0
0
0
0
0
0
0
-1.15448
0
0
0
0
0
0
0
0
0
0
0
0
0
0
0
0
0
0
0
0
0
0
0
0
0
0
0
0
0
0
0
0
0
0
0
0
0
0
0
0
0
0
0
0
0
0
0
0
0
0
0
0
0
0
0
0
0
0
0
0
0
0
0
0
0
0
0
0
0
0
0
0
0
0
0
0
0
0
0
0
0
0
0
0
0
0
0
0
0
0
0
0
0
0
0
0
0
0
0
0
0
0
0
0
0
0
0
0
0
0
0
0
0
0
0
0
0
0
0
0
0
0
0
0
0
0
0
0
0
0
0
0
0
0
0
0
0
0
0
0
0
0
0
0
0
0
0
0
0
0
0
0
0
0
0
0
0
0
0
0
0
0
0
0
0
0
0
0
0
0
0
0
0
0
0
0
0
0
0
0
0
0
0
0
0
0
0
0
0
0
0
0
0
0
0
0
0
0
0
0
0
0
0
0
0
0
0
0
0
0
0
0
0
0
0
0
0
0
0
0
0
0
0
0
0
0
0
0
0
0
0
0
0
0
0
0
0
0
0
0
0
0
0
0
0
0
0
0
0
0
0
0
0
0
0
0
0
0
0
0
0
0
0
0
0
0
0
0
0
0
0
0
0
0
0
0
0
0
0
0
0
0
0
0
0
0
0
0
0
0
0
0
0
0
0
0
0
0
0
0
0
0
0
0
0
0
0
0
0
0
0
0
0
0
0
0
0
0
0
0
0
0
0
-0.916428
-0.723151
0
0
0
0
0
0
0
0
0
0
0
0
-1.52696
-1.10382
0
0
0
0
0
0
0
0
0
0
0
-0.943506
-1.99655
-1.48972
0
0
0
0
0
0
0
0
0
0
0
-1.50945
-2.38968
-1.84968
-0.739797
0
0
0
0
0
0
0
0
0
0
-1.94025
-2.60296
-2.0212
-1.18151
0
0
0
0
0
0
0
0
0
-0.599255
-2.17523
-2.66512
-2.09781
-1.45861
0
0
0
0
0
0
0
0
0
-1.01662
-2.29009
-2.56962
-2.08537
-1.63599
0
0
0
0
0
0
0
0
0
-1.13334
-2.25411
-2.42114
-2.0157
-1.6443
0
0
0
0
0
0
0
0
0
-1.11628
-2.19485
-2.30512
-1.94135
-1.62152
0
0
0
0
0
0
0
0
0
-0.888265
-2.11591
-2.27106
-1.8662
-1.57152
-0.922166
0
0
0
0
0
0
0
0
-0.632635
-2.07511
-2.22065
-1.74371
-1.44474
0
0
0
0
0
0
0
0
0
-0.443568
-2.04376
-2.14104
-1.56719
-1.30628
0
0
0
0
0
0
0
0
0
-0.505752
-2.00674
-2.00202
-1.29422
-1.17463
0
0
0
0
0
0
0
0
0
-0.684327
-1.87894
-1.88517
-1.11639
-1.0637
0
0
0
0
0
0
0
0
0
-0.909763
-1.62521
-1.76308
-0.962423
0
0
0
0
0
0
0
0
0
0
-1.1268
-1.19835
-1.6158
0
0
0
0
0
0
0
0
0
0
-0.765992
-1.26968
-0.752969
-1.30467
0
0
0
0
0
0
0
0
0
0
-0.942046
-1.31375
0
0
0
0
0
0
0
0
0
0
0
0
-0.807727
-1.23947
0
0
0
0
0
0
0
0
0
0
0
0
0
-0.942775
0
0
0
0
0
0
0
0
0
0
0
0
0
0
0
0
0
0
0
0
0
0
0
0
0
0
0
0
0
0
0
0
0
0
0
0
0
0
0
0
0
0
0
0
0
0
0
0
0
0
0
0
0
0
0
0
0
0
0
0
0
0
0
0
0
0
0
0
0
0
0
0
0
0
0
0
0
0
0
0
0
0
0
0
0
0
0
0
0
0
0
0
0
0
0
0
0
0
0
0
0
0
0
0
0
0
0
0
0
0
0
0
0
0
0
0
0
0
0
0
0
0
0
0
0
0
0
0
0
0
0
0
0
0
0
0
0
0
0
0
0
0
0
0
0
0
0
0
0
0
0
0
0
0
0
0
0
0
0
0
0
0
0
0
0
0
0
0
0
0
0
0
0
0
0
0
0
0
0
0
0
0
0
0
0
0
0
0
0
0
0
0
0
0
0
0
0
0
0
0
0
0
0
0
0
0
0
0
0
0
0
0
0
0
0
0
0
0
0
0
0
0
0
0
0
0
0
0
0
0
0
0
0
0
0
0
0
0
0
0
0
0
0
0
0
0
0
0
0
0
0
0
0
0
0
0
0
0
0
0
0
0
0
0
0
0
0
0
0
0
0
0
0
0
0
0
0
0
0
0
0
0
0
0
0
0
0
0
0
0
0
0
0
0
0
-0.582108
-0.849442
0
0
0
0
0
0
0
0
0
0
0
0
-0.909064
-0.913794
0
0
0
0
0
0
0
0
0
0
0
-0.443329
-1.48755
-1.26793
0
0
0
0
0
0
0
0
0
0
0
-1.12396
-1.96668
-1.61199
-0.863717
0
0
0
0
0
0
0
0
0
0
-1.66438
-2.37715
-1.93627
-1.13039
0
0
0
0
0
0
0
0
0
0
-2.02991
-2.6015
-2.06853
-1.46609
0
0
0
0
0
0
0
0
0
-0.451593
-2.22142
-2.67402
-2.11633
-1.67098
-0.787364
0
0
0
0
0
0
0
0
-0.861976
-2.29502
-2.59303
-2.07768
-1.78133
-0.809858
0
0
0
0
0
0
0
0
-1.00787
-2.26762
-2.47056
-2.01324
-1.73625
-0.776194
0
0
0
0
0
0
0
0
-1.02971
-2.22987
-2.37437
-1.96256
-1.66975
-0.80063
0
0
0
0
0
0
0
0
-0.882689
-2.1835
-2.34159
-1.93158
-1.59303
-0.912944
0
0
0
0
0
0
0
0
-0.733672
-2.15056
-2.28
-1.85645
-1.46055
-0.875049
0
0
0
0
0
0
0
0
-0.652762
-2.11419
-2.22036
-1.7087
-1.31629
0
0
0
0
0
0
0
0
0
-0.730563
-2.07319
-2.15267
-1.43761
-1.1641
0
0
0
0
0
0
0
0
0
-0.805994
-1.97035
-2.07245
-1.21881
-1.03909
0
0
0
0
0
0
0
0
0
-0.916145
-1.79875
-1.91483
-1.03478
0
0
0
0
0
0
0
0
0
0
-1.08096
-1.42664
-1.68534
-0.905575
0
0
0
0
0
0
0
0
0
-0.630648
-1.29681
-0.937603
-1.35544
0
0
0
0
0
0
0
0
0
0
-0.895121
-1.3516
0
0
0
0
0
0
0
0
0
0
0
0
-0.802531
-1.24935
0
0
0
0
0
0
0
0
0
0
0
0
0
-0.954394
0
0
0
0
0
0
0
0
0
0
0
0
0
0
0
0
0
0
0
0
0
0
0
0
0
0
0
0
0
0
0
0
0
0
0
0
0
0
0
0
0
0
0
0
0
0
0
0
0
0
0
0
0
0
0
0
0
0
0
0
0
0
0
0
0
0
0
0
0
0
0
0
0
0
0
0
0
0
0
0
0
0
0
0
0
0
0
0
0
0
0
0
0
0
0
0
0
0
0
0
0
0
0
0
0
0
0
0
0
0
0
0
0
0
0
0
0
0
0
0
0
0
0
0
0
0
0
0
0
0
0
0
0
0
0
0
0
0
0
0
0
0
0
0
0
0
0
0
0
0
0
0
0
0
0
0
0
0
0
0
0
0
0
0
0
0
0
0
0
0
0
0
0
0
0
0
0
0
0
0
0
0
0
0
0
0
0
0
0
0
0
0
0
0
0
0
0
0
0
0
0
0
0
0
0
0
0
0
0
0
0
0
0
0
0
0
0
0
0
0
0
0
0
0
0
0
0
0
0
0
0
0
0
0
0
0
0
0
0
0
0
0
0
0
0
0
0
0
0
0
0
0
0
0
0
0
0
0
0
0
0
0
0
0
0
0
0
0
0
0
0
0
0
0
0
0
0
0
0
0
0
0
-0.813964
0
0
0
0
0
0
0
0
0
0
0
0
-0.602938
-0.977024
0
0
0
0
0
0
0
0
0
0
0
0
-0.925011
-1.00467
0
0
0
0
0
0
0
0
0
0
0
-0.587673
-1.4928
-1.33227
-0.877535
0
0
0
0
0
0
0
0
0
0
-1.23809
-1.98174
-1.65787
-1.16469
0
0
0
0
0
0
0
0
0
0
-1.75546
-2.40274
-1.97047
-1.40134
0
0
0
0
0
0
0
0
0
0
-2.07208
-2.63212
-2.0846
-1.65759
-0.733692
0
0
0
0
0
0
0
0
-0.39792
-2.22863
-2.71253
-2.11491
-1.80728
-0.853893
0
0
0
0
0
0
0
0
-0.790774
-2.2647
-2.64744
-2.0533
-1.87103
-0.80592
0
0
0
0
0
0
0
0
-0.954376
-2.2425
-2.55094
-1.98343
-1.79635
-0.731659
0
0
0
0
0
0
0
0
-0.990818
-2.22628
-2.47287
-1.9346
-1.7135
-0.751622
0
0
0
0
0
0
0
0
-0.886719
-2.2208
-2.43603
-1.92062
-1.63597
-0.907538
0
0
0
0
0
0
0
0
-0.792998
-2.21736
-2.34791
-1.88181
-1.51307
-0.890217
0
0
0
0
0
0
0
0
-0.779132
-2.19798
-2.26463
-1.79138
-1.35821
0
0
0
0
0
0
0
0
0
-0.889572
-2.15415
-2.20662
-1.57438
-1.17226
0
0
0
0
0
0
0
0
0
-0.929456
-2.03488
-2.16076
-1.34266
-1.02893
0
0
0
0
0
0
0
0
0
-0.95668
-1.87092
-2.04305
-1.10886
-0.851124
0
0
0
0
0
0
0
0
0
-1.02086
-1.56654
-1.77715
-0.950839
0
0
0
0
0
0
0
0
0
-0.487914
-1.24025
-1.1331
-1.40301
0
0
0
0
0
0
0
0
0
0
-0.745182
-1.38319
0
-0.920352
0
0
0
0
0
0
0
0
0
0
-0.749923
-1.29136
0
0
0
0
0
0
0
0
0
0
0
0
0
-0.964719
0
0
0
0
0
0
0
0
0
0
0
0
0
0
0
0
0
0
0
0
0
0
0
0
0
0
0
0
0
0
0
0
0
0
0
0
0
0
0
0
0
0
0
0
0
0
0
0
0
0
0
0
0
0
0
0
0
0
0
0
0
0
0
0
0
0
0
0
0
0
0
0
0
0
0
0
0
0
0
0
0
0
0
0
0
0
0
0
0
0
0
0
0
0
0
0
0
0
0
0
0
0
0
0
0
0
0
0
0
0
0
0
0
0
0
0
0
0
0
0
0
0
0
0
0
0
0
0
0
0
0
0
0
0
0
0
0
0
0
0
0
0
0
0
0
0
0
0
0
0
0
0
0
0
0
0
0
0
0
0
0
0
0
0
0
0
0
0
0
0
0
0
0
0
0
0
0
0
0
0
0
0
0
0
0
0
0
0
0
0
0
0
0
0
0
0
0
0
0
0
0
0
0
0
0
0
0
0
0
0
0
0
0
0
0
0
0
0
0
0
0
0
0
0
0
0
0
0
0
0
0
0
0
0
0
0
0
0
0
0
0
0
0
0
0
0
0
0
0
0
0
0
0
0
0
0
0
0
0
0
0
0
0
0
0
0
0
0
0
0
0
0
0
0
0
0
0
0
0
0
0
-0.498982
-1.01591
0
0
0
0
0
0
0
0
0
0
0
0
-0.843954
-1.15026
0
0
0
0
0
0
0
0
0
0
0
0
-1.12163
-1.19569
-0.724198
0
0
0
0
0
0
0
0
0
0
-0.734905
-1.61103
-1.49426
-1.12154
0
0
0
0
0
0
0
0
0
0
-1.35684
-2.06003
-1.78954
-1.37831
0
0
0
0
0
0
0
0
0
0
-1.85357
-2.45877
-2.07311
-1.56638
0
0
0
0
0
0
0
0
0
0
-2.12587
-2.68683
-2.16515
-1.70465
-0.793003
0
0
0
0
0
0
0
0
-0.440861
-2.25159
-2.78381
-2.17742
-1.77535
-0.873236
0
0
0
0
0
0
0
0
-0.791364
-2.25278
-2.76142
-2.09728
-1.77824
-0.751864
0
0
0
0
0
0
0
0
-0.981836
-2.22898
-2.70363
-2.02337
-1.69833
0
0
0
0
0
0
0
0
0
-1.04025
-2.22027
-2.65261
-1.96718
-1.6215
0
0
-1.02137
0
0
0
0
0
0
-0.986008
-2.23863
-2.61374
-1.94137
-1.55765
-0.858681
0
-1.10026
0
0
0
0
0
0
-0.921321
-2.25173
-2.50591
-1.88101
-1.46474
-0.859887
0
0
0
0
0
0
0
0
-0.921617
-2.25611
-2.38327
-1.78976
-1.32944
0
0
0
0
0
0
0
0
0
-1.01396
-2.22748
-2.26957
-1.61167
-1.14508
0
0
0
0
0
0
0
0
0
-1.03021
-2.11028
-2.16265
-1.40376
-0.987821
0
0
0
0
0
0
0
0
0
-1.0293
-1.93956
-2.0272
-1.1274
-0.825124
0
0
0
0
0
0
0
0
0
-1.04357
-1.67525
-1.76711
-0.874245
0
0
0
0
0
0
0
0
0
0
-1.20644
-1.35771
-1.38645
0
0
0
0
0
0
0
0
0
0
0
-1.37244
-0.80925
-0.902915
0
0
0
0
0
0
0
0
0
0
0
-1.33487
0
0
0
0
0
0
0
0
0
0
0
0
0
-0.959937
0
0
0
0
0
0
0
0
0
0
0
0
0
0
0
0
0
0
0
0
0
0
0
0
0
0
0
0
0
0
0
0
0
0
0
0
0
0
0
0
0
0
0
0
0
0
0
0
0
0
0
0
0
0
0
0
0
0
0
0
0
0
0
0
0
0
0
0
0
0
0
0
0
0
0
0
0
0
0
0
0
0
0
0
0
0
0
0
0
0
0
0
0
0
0
0
0
0
0
0
0
0
0
0
0
0
0
0
0
0
0
0
0
0
0
0
0
0
0
0
0
0
0
0
0
0
0
0
0
0
0
0
0
0
0
0
0
0
0
0
0
0
0
0
0
0
0
0
0
0
0
0
0
0
0
0
0
0
0
0
0
0
0
0
0
0
0
0
0
0
0
0
0
0
0
0
0
0
0
0
0
0
0
0
0
0
0
0
0
0
0
0
0
0
0
0
0
0
0
0
0
0
0
0
0
0
0
0
0
0
0
0
0
0
0
0
0
0
0
0
0
0
0
0
0
0
0
0
0
0
0
0
0
0
0
0
0
0
0
0
0
0
0
0
0
0
0
0
0
0
0
0
0
0
0
0
0
0
0
0
0
0
0
0
0
0
0
0
-0.850754
0
0
0
0
0
0
0
0
0
0
0
0
-0.721552
-1.13444
0
0
0
0
0
0
0
0
0
0
0
0
-1.05411
-1.27703
0
0
0
0
0
0
0
0
0
0
0
0
-1.29212
-1.36128
-0.833472
0
0
0
0
0
0
0
0
0
0
-0.862304
-1.70375
-1.65375
-1.24434
0
0
0
0
0
0
0
0
0
0
-1.48643
-2.10862
-1.92958
-1.49231
0
0
0
0
0
0
0
0
0
0
-1.98652
-2.48516
-2.18768
-1.66339
0
0
0
0
0
0
0
0
0
0
-2.24099
-2.71613
-2.25838
-1.72437
-0.830895
0
0
0
0
0
0
0
0
-0.61473
-2.35031
-2.82929
-2.25419
-1.73075
-0.872498
0
0
0
0
0
0
0
0
-0.91735
-2.32571
-2.84072
-2.15999
-1.67075
0
0
-0.958374
0
0
0
0
0
0
-1.1441
-2.29468
-2.80736
-2.0821
-1.57809
0
0
-1.12379
0
0
0
0
0
0
-1.22447
-2.27669
-2.77394
-2.01881
-1.49418
0
0
-1.21885
0
0
0
0
0
0
-1.19974
-2.28906
-2.73939
-1.97903
-1.42961
-0.82389
-0.836371
-1.25102
0
0
0
0
0
0
-1.12693
-2.28605
-2.63192
-1.89118
-1.35989
-0.846829
-0.890804
-1.13902
0
0
0
0
0
0
-1.09201
-2.28968
-2.49456
-1.77434
-1.26469
-0.727934
0
0
0
0
0
0
0
0
-1.12401
-2.27736
-2.3391
-1.59498
-1.11772
0
0
0
0
0
0
0
0
0
-1.0927
-2.18364
-2.16473
-1.40606
-0.961217
0
0
0
0
0
0
0
0
0
-1.08213
-2.01609
-1.97016
-1.13894
-0.796189
0
0
0
0
0
0
0
0
0
-1.09331
-1.75505
-1.71217
-0.820126
0
0
0
0
0
0
0
0
0
0
-1.20886
-1.48419
-1.39318
0
0
0
0
0
0
0
0
0
0
0
-1.33755
-1.06368
-0.927468
0
0
0
0
0
0
0
0
0
0
0
-1.34737
0
0
0
0
0
0
0
0
0
0
0
0
0
-0.989339
0
0
0
0
0
0
0
0
0
0
0
0
0
0
0
0
0
0
0
0
0
0
0
0
0
0
0
0
0
0
0
0
0
0
0
0
0
0
0
0
0
0
0
0
0
0
0
0
0
0
0
0
0
0
0
0
0
0
0
0
0
0
0
0
0
0
0
0
0
0
0
0
0
0
0
0
0
0
0
0
0
0
0
0
0
0
0
0
0
0
0
0
0
0
0
0
0
0
0
0
0
0
0
0
0
0
0
0
0
0
0
0
0
0
0
0
0
0
0
0
0
0
0
0
0
0
0
0
0
0
0
0
0
0
0
0
0
0
0
0
0
0
0
0
0
0
0
0
0
0
0
0
0
0
0
0
0
0
0
0
0
0
0
0
0
0
0
0
0
0
0
0
0
0
0
0
0
0
0
0
0
0
0
0
0
0
0
0
0
0
0
0
0
0
0
0
0
0
0
0
0
0
0
0
0
0
0
0
0
0
0
0
0
0
0
0
0
0
0
0
0
0
0
0
0
0
0
0
0
0
0
0
0
0
0
0
0
0
0
0
0
0
0
0
0
0
0
0
0
0
0
0
0
0
0
0
0
0
0
0
0
0
0
0
0
0
0
-0.458553
-1.00074
0
0
0
0
0
0
0
0
0
0
0
0
-0.990507
-1.26582
0
0
0
0
0
0
0
0
0
0
0
0
-1.29795
-1.44497
0
0
0
0
0
0
0
0
0
0
0
-0.14467
-1.49878
-1.58431
-0.824938
0
0
0
0
0
0
0
0
0
0
-1.00407
-1.81586
-1.87099
-1.28995
0
0
0
0
0
0
0
0
0
0
-1.62535
-2.16627
-2.11663
-1.5641
0
0
0
0
0
0
0
0
0
0
-2.12744
-2.51602
-2.3345
-1.74954
0
0
0
0
0
0
0
0
0
0
-2.38669
-2.76577
-2.3729
-1.74556
-0.789459
0
0
0
0
0
0
0
0
-0.870428
-2.50427
-2.90563
-2.34685
-1.68456
-0.799353
0
0
0
0
0
0
0
0
-1.14077
-2.49007
-2.95594
-2.23925
-1.54437
0
0
-1.06636
0
0
0
0
0
0
-1.39989
-2.46953
-2.93088
-2.14706
-1.44685
0
0
-1.21105
0
0
0
0
0
0
-1.49592
-2.44541
-2.8943
-2.06794
-1.36197
0
0
-1.27474
0
0
0
0
0
0
-1.48364
-2.43502
-2.84513
-2.00893
-1.29265
0
-0.769925
-1.25591
0
0
0
0
0
0
-1.3948
-2.38688
-2.7323
-1.90204
-1.19588
-0.752847
-0.857037
-1.0936
0
0
0
0
0
0
-1.31075
-2.35097
-2.58491
-1.7589
-1.09185
0
0
0
0
0
0
0
0
0
-1.26491
-2.31672
-2.38927
-1.5528
-0.969158
0
0
0
0
0
0
0
0
0
-1.16299
-2.23385
-2.15666
-1.34006
-0.834476
0
0
0
0
0
0
0
0
0
-1.1319
-2.08182
-1.89247
-1.06731
0
0
0
0
0
0
0
0
0
0
-1.17916
-1.83547
-1.62463
-0.707774
0
0
0
0
0
0
0
0
0
0
-1.2791
-1.59712
-1.40297
0
0
0
0
0
0
0
0
0
0
0
-1.35247
-1.29803
-1.03165
0
0
0
0
0
0
0
0
0
0
0
-1.33555
-0.797404
0
0
0
0
0
0
0
0
0
0
0
0
-1.02619
0
0
0
0
0
0
0
0
0
0
0
0
0
0
0
0
0
0
0
0
0
0
0
0
0
0
0
0
0
0
0
0
0
0
0
0
0
0
0
0
0
0
0
0
0
0
0
0
0
0
0
0
0
0
0
0
0
0
0
0
0
0
0
0
0
0
0
0
0
0
0
0
0
0
0
0
0
0
0
0
0
0
0
0
0
0
0
0
0
0
0
0
0
0
0
0
0
0
0
0
0
0
0
0
0
0
0
0
0
0
0
0
0
0
0
0
0
0
0
0
0
0
0
0
0
0
0
0
0
0
0
0
0
0
0
0
0
0
0
0
0
0
0
0
0
0
0
0
0
0
0
0
0
0
0
0
0
0
0
0
0
0
0
0
0
0
0
0
0
0
0
0
0
0
0
0
0
0
0
0
0
0
0
0
0
0
0
0
0
0
0
0
0
0
0
0
0
0
0
0
0
0
0
0
0
0
0
0
0
0
0
0
0
0
0
0
0
0
0
0
0
0
0
0
0
0
0
0
0
0
0
0
0
0
0
0
0
0
0
0
0
0
0
0
0
0
0
0
0
0
0
0
0
0
-0.680596
0
0
0
0
0
0
0
0
0
0
0
0
-0.629399
-1.08845
0
0
0
0
0
0
0
0
0
0
0
0
-1.15353
-1.36076
0
0
0
0
0
0
0
0
0
0
0
0
-1.44101
-1.57473
0
0
0
0
0
0
0
0
0
0
0
-0.320505
-1.62842
-1.75254
-0.815345
0
0
0
0
0
0
0
0
0
0
-1.16127
-1.90171
-2.03147
-1.33109
0
0
0
0
0
0
0
0
0
0
-1.78762
-2.2299
-2.25259
-1.63004
0
0
0
0
0
0
0
0
0
0
-2.29646
-2.5714
-2.4403
-1.82939
0
0
0
0
0
0
0
0
0
0
-2.57169
-2.84535
-2.45718
-1.77916
-0.718879
0
0
0
0
0
0
0
0
0
-2.70677
-3.00885
-2.41727
-1.66132
-0.702453
0
0
0
0
0
0
0
0
-1.39014
-2.71292
-3.08461
-2.30219
-1.44021
0
0
-1.07774
0
0
0
0
0
0
-1.6939
-2.70517
-3.05694
-2.19617
-1.33462
0
0
-1.21405
0
0
0
0
0
0
-1.81256
-2.6734
-3.00543
-2.10242
-1.25113
0
0
-1.26196
0
0
0
0
0
0
-1.80982
-2.63528
-2.93066
-2.02827
-1.18766
0
0
-1.21284
0
0
0
0
0
0
-1.70386
-2.53552
-2.80038
-1.91615
-1.05414
0
-0.797416
-1.00882
0
0
0
0
0
0
-1.56826
-2.44539
-2.64
-1.76033
-0.911512
0
0
0
0
0
0
0
0
0
-1.44345
-2.36505
-2.41901
-1.53255
-0.771947
0
0
0
0
0
0
0
0
0
-1.25581
-2.26743
-2.15369
-1.27902
0
0
0
0
0
0
0
0
0
0
-1.17127
-2.12787
-1.83745
-0.969278
0
0
0
0
0
0
0
0
0
0
-1.22319
-1.90127
-1.5563
0
0
0
0
0
0
0
0
0
0
0
-1.32281
-1.6823
-1.40734
0
0
0
0
0
0
0
0
0
0
0
-1.35586
-1.44274
-1.15832
0
0
0
0
0
0
0
0
0
0
0
-1.28513
-1.0487
0
0
0
0
0
0
0
0
0
0
0
0
-1.01181
0
0
0
0
0
0
0
0
0
0
0
0
0
0
0
0
0
0
0
0
0
0
0
0
0
0
0
0
0
0
0
0
0
0
0
0
0
0
0
0
0
0
0
0
0
0
0
0
0
0
0
0
0
0
0
0
0
0
0
0
0
0
0
0
0
0
0
0
0
0
0
0
0
0
0
0
0
0
0
0
0
0
0
0
0
0
0
0
0
0
0
0
0
0
0
0
0
0
0
0
0
0
0
0
0
0
0
0
0
0
0
0
0
0
0
0
0
0
0
0
0
0
0
0
0
0
0
0
0
0
0
0
0
0
0
0
0
0
0
0
0
0
0
0
0
0
0
0
0
0
0
0
0
0
0
0
0
0
0
0
0
0
0
0
0
0
0
0
0
0
0
0
0
0
0
0
0
0
0
0
0
0
0
0
0
0
0
0
0
0
0
0
0
0
0
0
0
0
0
0
0
0
0
0
0
0
0
0
0
0
0
0
0
0
0
0
0
0
0
0
0
0
0
0
0
0
0
0
0
0
0
0
0
0
0
0
0
0
0
0
0
0
0
0
0
0
0
0
0
0
0
0
0
0
-0.753389
0
0
0
0
0
0
0
0
0
0
0
0
-0.708583
-1.12378
0
0
0
0
0
0
0
0
0
0
0
0
-1.21831
-1.41176
0
0
0
0
0
0
0
0
0
0
0
0
-1.50434
-1.66028
0
0
0
0
0
0
0
0
0
0
0
-0.49229
-1.70831
-1.87301
-0.810302
0
0
0
0
0
0
0
0
0
0
-1.28126
-1.97499
-2.14693
-1.36225
0
0
0
0
0
0
0
0
0
0
-1.9007
-2.304
-2.35189
-1.68061
0
0
0
0
0
0
0
0
0
0
-2.41037
-2.64994
-2.52007
-1.8927
0
0
0
0
0
0
0
0
0
0
-2.72262
-2.95339
-2.52798
-1.81163
-0.630832
0
0
0
0
0
0
0
0
0
-2.89697
-3.13867
-2.4831
-1.64786
-0.597371
0
0
0
0
0
0
0
0
-1.64477
-2.94931
-3.23104
-2.36649
-1.34497
0
0
-0.890371
0
0
0
0
0
0
-1.98542
-2.96717
-3.19392
-2.23988
-1.22333
0
0
-1.03684
0
0
0
0
0
0
-2.11704
-2.9361
-3.12038
-2.1214
-1.14996
0
0
-1.08995
0
0
0
0
0
0
-2.11225
-2.87527
-3.01206
-2.02187
-1.1294
0
0
-1.04039
0
0
0
0
0
0
-1.99895
-2.72868
-2.85204
-1.91436
-0.970537
0
0
0
0
0
0
0
0
0
-1.82421
-2.58252
-2.66505
-1.76246
-0.771482
0
0
0
0
0
0
0
0
0
-1.6369
-2.44228
-2.41182
-1.52883
0
0
0
0
0
0
0
0
0
0
-1.36549
-2.29935
-2.13094
-1.23408
0
0
0
0
0
0
0
0
0
0
-1.2083
-2.1447
-1.79377
-0.867754
0
0
0
0
0
0
0
0
0
0
-1.22286
-1.92965
-1.53795
0
0
0
0
0
0
0
0
0
0
0
-1.3087
-1.73841
-1.44936
0
0
0
0
0
0
0
0
0
0
0
-1.31127
-1.54272
-1.31606
0
0
0
0
0
0
0
0
0
0
0
-1.1805
-1.23992
-0.942292
0
0
0
0
0
0
0
0
0
0
0
-0.909815
0
0
0
0
0
0
0
0
0
0
0
0
0
0
0
0
0
0
0
0
0
0
0
0
0
0
0
0
0
0
0
0
0
0
0
0
0
0
0
0
0
0
0
0
0
0
0
0
0
0
0
0
0
0
0
0
0
0
0
0
0
0
0
0
0
0
0
0
0
0
0
0
0
0
0
0
0
0
0
0
0
0
0
0
0
0
0
0
0
0
0
0
0
0
0
0
0
0
0
0
0
0
0
0
0
0
0
0
0
0
0
0
0
0
0
0
0
0
0
0
0
0
0
0
0
0
0
0
0
0
0
0
0
0
0
0
0
0
0
0
0
0
0
0
0
0
0
0
0
0
0
0
0
0
0
0
0
0
0
0
0
0
0
0
0
0
0
0
0
0
0
0
0
0
0
0
0
0
0
0
0
0
0
0
0
0
0
0
0
0
0
0
0
0
0
0
0
0
0
0
0
0
0
0
0
0
0
0
0
0
0
0
0
0
0
0
0
0
0
0
0
0
0
0
0
0
0
0
0
0
0
0
0
0
0
0
0
0
0
0
0
0
0
0
0
0
0
0
0
0
0
0
0
0
-0.768066
0
0
0
0
0
0
0
0
0
0
0
0
-0.697305
-1.10582
0
0
0
0
0
0
0
0
0
0
0
0
-1.19348
-1.40936
0
0
0
0
0
0
0
0
0
0
0
-0.109372
-1.49326
-1.68293
-0.505616
0
0
0
0
0
0
0
0
0
0
-0.619421
-1.72972
-1.91934
-0.857834
0
0
0
0
0
0
0
0
0
0
-1.36606
-2.02031
-2.18877
-1.40997
0
0
0
0
0
0
0
0
0
0
-1.97605
-2.36934
-2.38793
-1.7263
0
0
0
0
0
0
0
0
0
0
-2.48245
-2.72974
-2.55093
-1.93346
0
0
0
0
0
0
0
0
0
0
-2.8344
-3.05563
-2.56397
-1.8261
-0.550363
0
0
0
0
0
0
0
0
0
-3.05005
-3.25485
-2.52277
-1.62488
-0.502699
0
0
0
0
0
0
0
0
0
-3.14815
-3.35436
-2.40732
-1.25162
0
0
0
0
0
0
0
0
0
-2.25087
-3.19053
-3.30978
-2.26724
-1.11525
0
0
-0.783609
0
0
0
0
0
0
-2.38892
-3.16143
-3.21754
-2.1325
-1.06136
0
0
-0.847497
0
0
0
0
0
0
-2.37474
-3.0823
-3.0785
-2.01833
-1.10185
0
0
-0.806799
0
0
0
0
0
0
-2.25169
-2.89662
-2.88512
-1.91887
-0.941951
0
0
0
0
0
0
0
0
0
-2.04079
-2.70072
-2.66495
-1.77812
-0.707082
0
0
0
0
0
0
0
0
0
-1.79762
-2.50179
-2.37695
-1.54896
0
0
0
0
0
0
0
0
0
0
-1.44834
-2.30604
-2.08586
-1.228
0
0
0
0
0
0
0
0
0
0
-1.21404
-2.12166
-1.74252
-0.815056
0
0
0
0
0
0
0
0
0
0
-1.1719
-1.91126
-1.51493
0
0
0
0
0
0
0
0
0
0
0
-1.23543
-1.74887
-1.46335
0
0
0
0
0
0
0
0
0
0
0
-1.21995
-1.58233
-1.40698
0
0
0
0
0
0
0
0
0
0
0
-1.03838
-1.33382
-1.11263
0
0
0
0
0
0
0
0
0
0
0
-0.748553
-0.837311
0
0
0
0
0
0
0
0
0
0
0
0
0
0
0
0
0
0
0
0
0
0
0
0
0
0
0
0
0
0
0
0
0
0
0
0
0
0
0
0
0
0
0
0
0
0
0
0
0
0
0
0
0
0
0
0
0
0
0
0
0
0
0
0
0
0
0
0
0
0
0
0
0
0
0
0
0
0
0
0
0
0
0
0
0
0
0
0
0
0
0
0
0
0
0
0
0
0
0
0
0
0
0
0
0
0
0
0
0
0
0
0
0
0
0
0
0
0
0
0
0
0
0
0
0
0
0
0
0
0
0
0
0
0
0
0
0
0
0
0
0
0
0
0
0
0
0
0
0
0
0
0
0
0
0
0
0
0
0
0
0
0
0
0
0
0
0
0
0
0
0
0
0
0
0
0
0
0
0
0
0
0
0
0
0
0
0
0
0
0
0
0
0
0
0
0
0
0
0
0
0
0
0
0
0
0
0
0
0
0
0
0
0
0
0
0
0
0
0
0
0
0
0
0
0
0
0
0
0
0
0
0
0
0
0
0
0
0
0
0
0
0
0
0
0
0
0
0
0
0
0
0
0
-0.727308
0
0
0
0
0
0
0
0
0
0
0
0
-0.583404
-1.01928
0
0
0
0
0
0
0
0
0
0
0
0
-1.06976
-1.34026
0
0
0
0
0
0
0
0
0
0
0
-0.167791
-1.40019
-1.63894
-0.632191
0
0
0
0
0
0
0
0
0
0
-0.673687
-1.68443
-1.89979
-0.951988
0
0
0
0
0
0
0
0
0
0
-1.36973
-2.02536
-2.16794
-1.46978
0
0
0
0
0
0
0
0
0
0
-1.96074
-2.40908
-2.3701
-1.76403
0
0
0
0
0
0
0
0
0
0
-2.45708
-2.7913
-2.53893
-1.94973
0
0
0
0
0
0
0
0
0
0
-2.85723
-3.13192
-2.56998
-1.81926
-0.474825
0
0
0
0
0
0
0
0
0
-3.12166
-3.33799
-2.5406
-1.58754
0
0
0
0
0
0
0
0
0
0
-3.27021
-3.43753
-2.42959
-1.15671
0
0
0
0
0
0
0
0
0
-2.48253
-3.34159
-3.38964
-2.2829
-1.00613
0
0
0
0
0
0
0
0
0
-2.60605
-3.32032
-3.28455
-2.14085
-0.982245
0
0
0
0
0
0
0
0
0
-2.56716
-3.23202
-3.1211
-2.02347
-1.10281
0
0
0
0
0
0
0
0
0
-2.4266
-3.01873
-2.89488
-1.93376
-0.970151
0
0
0
0
0
0
0
0
0
-2.18414
-2.78407
-2.6392
-1.80704
-0.732563
0
0
0
0
0
0
0
0
0
-1.89586
-2.53379
-2.31392
-1.58908
0
0
0
0
0
0
0
0
0
0
-1.47911
-2.28417
-2.01328
-1.2585
0
0
0
0
0
0
0
0
0
0
-1.16903
-2.05789
-1.6734
-0.821468
0
0
0
0
0
0
0
0
0
0
-1.05566
-1.8375
-1.4791
0
0
0
0
0
0
0
0
0
0
0
-1.08504
-1.704
-1.45521
0
0
0
0
0
0
0
0
0
0
0
-1.05031
-1.56701
-1.44985
0
0
0
0
0
0
0
0
0
0
0
-0.822205
-1.36046
-1.234
0
0
0
0
0
0
0
0
0
0
0
0
-0.917805
-0.779093
0
0
0
0
0
0
0
0
0
0
0
0
0
0
0
0
0
0
0
0
0
0
0
0
0
0
0
0
0
0
0
0
0
0
0
0
0
0
0
0
0
0
0
0
0
0
0
0
0
0
0
0
0
0
0
0
0
0
0
0
0
0
0
0
0
0
0
0
0
0
0
0
0
0
0
0
0
0
0
0
0
0
0
0
0
0
0
0
0
0
0
0
0
0
0
0
0
0
0
0
0
0
0
0
0
0
0
0
0
0
0
0
0
0
0
0
0
0
0
0
0
0
0
0
0
0
0
0
0
0
0
0
0
0
0
0
0
0
0
0
0
0
0
0
0
0
0
0
0
0
0
0
0
0
0
0
0
0
0
0
0
0
0
0
0
0
0
0
0
0
0
0
0
0
0
0
0
0
0
0
0
0
0
0
0
0
0
0
0
0
0
0
0
0
0
0
0
0
0
0
0
0
0
0
0
0
0
0
0
0
0
0
0
0
0
0
0
0
0
0
0
0
0
0
0
0
0
0
0
0
0
0
0
0
0
0
0
0
0
0
0
0
0
0
0
0
0
0
0
0
0
0
-0.640168
0
0
0
0
0
0
0
0
0
0
0
0
-0.451689
-0.884769
0
0
0
0
0
0
0
0
0
0
0
0
-0.915997
-1.21904
-0.484593
0
0
0
0
0
0
0
0
0
0
-0.190892
-1.27433
-1.53621
-0.751958
0
0
0
0
0
0
0
0
0
0
-0.675892
-1.60151
-1.81497
-1.04935
0
0
0
0
0
0
0
0
0
0
-1.32849
-1.99429
-2.08242
-1.52054
0
0
0
0
0
0
0
0
0
0
-1.89583
-2.40717
-2.29165
-1.7821
0
0
0
0
0
0
0
0
0
0
-2.37515
-2.80411
-2.47201
-1.93501
0
0
0
0
0
0
0
0
0
0
-2.81181
-3.14513
-2.52228
-1.78034
0
0
0
0
0
0
0
0
0
0
-3.11468
-3.34949
-2.50353
-1.5229
0
0
0
0
0
0
0
0
0
0
-3.3025
-3.44411
-2.39325
-1.0549
0
0
0
0
0
0
0
0
0
0
-3.39772
-3.39813
-2.24856
-0.912128
0
0
0
0
0
0
0
0
0
-2.73735
-3.38427
-3.28841
-2.11371
-0.93268
0
0
0
0
0
0
0
0
0
-2.66847
-3.29046
-3.11118
-2.01408
-1.12343
0
0
0
0
0
0
0
0
0
-2.50067
-3.0564
-2.8603
-1.93712
-1.02091
0
0
0
0
0
0
0
0
0
-2.22523
-2.79186
-2.57611
-1.82364
-0.796406
0
0
0
0
0
0
0
0
0
-1.89436
-2.49919
-2.21993
-1.61484
0
0
0
0
0
0
0
0
0
0
-1.42745
-2.20515
-1.90657
-1.29499
0
0
0
0
0
0
0
0
0
0
-1.0644
-1.93903
-1.56176
-0.870267
0
0
0
0
0
0
0
0
0
0
-0.910166
-1.70587
-1.38088
0
0
0
0
0
0
0
0
0
0
0
-0.927192
-1.59648
-1.37405
0
0
0
0
0
0
0
0
0
0
0
-0.889835
-1.48585
-1.40264
0
0
0
0
0
0
0
0
0
0
0
-0.629445
-1.30941
-1.25367
0
0
0
0
0
0
0
0
0
0
0
0
-0.904055
-0.831659
0
0
0
0
0
0
0
0
0
0
0
0
0
0
0
0
0
0
0
0
0
0
0
0
0
0
0
0
0
0
0
0
0
0
0
0
0
0
0
0
0
0
0
0
0
0
0
0
0
0
0
0
0
0
0
0
0
0
0
0
0
0
0
0
0
0
0
0
0
0
0
0
0
0
0
0
0
0
0
0
0
0
0
0
0
0
0
0
0
0
0
0
0
0
0
0
0
0
0
0
0
0
0
0
0
0
0
0
0
0
0
0
0
0
0
0
0
0
0
0
0
0
0
0
0
0
0
0
0
0
0
0
0
0
0
0
0
0
0
0
0
0
0
0
0
0
0
0
0
0
0
0
0
0
0
0
0
0
0
0
0
0
0
0
0
0
0
0
0
0
0
0
0
0
0
0
0
0
0
0
0
0
0
0
0
0
0
0
0
0
0
0
0
0
0
0
0
0
0
0
0
0
0
0
0
0
0
0
0
0
0
0
0
0
0
0
0
0
0
0
0
0
0
0
0
0
0
0
0
0
0
0
0
0
0
0
0
0
0
0
0
0
0
0
0
0
0
0
0
0
0
0
-0.513317
0
0
0
0
0
0
0
0
0
0
0
0
-0.301642
-0.697302
0
0
0
0
0
0
0
0
0
0
0
0
-0.726138
-1.04528
-0.613757
0
0
0
0
0
0
0
0
0
0
-0.174983
-1.11026
-1.38153
-0.867201
0
0
0
0
0
0
0
0
0
0
-0.618332
-1.47841
-1.67796
-1.14779
0
0
0
0
0
0
0
0
0
0
-1.22601
-1.9266
-1.94415
-1.56798
0
0
0
0
0
0
0
0
0
0
-1.7618
-2.36336
-2.16355
-1.79102
0
0
0
0
0
0
0
0
0
0
-2.21626
-2.76822
-2.36056
-1.90263
0
0
0
0
0
0
0
0
0
0
-2.6788
-3.09732
-2.43316
-1.72135
0
0
0
0
0
0
0
0
0
0
-3.01304
-3.29281
-2.42569
-1.43907
0
0
0
0
0
0
0
0
0
0
-3.23511
-3.37878
-2.31391
-0.947359
0
0
0
0
0
0
0
0
0
0
-3.35471
-3.34106
-2.17914
-0.831799
0
0
0
0
0
0
0
0
0
-2.77168
-3.35241
-3.23557
-2.06438
-0.907858
0
0
0
0
0
0
0
0
0
-2.67204
-3.2603
-3.05511
-1.99966
-1.15868
0
0
0
0
0
0
0
0
0
-2.46923
-3.01425
-2.78772
-1.93852
-1.08608
0
0
0
0
0
0
0
0
0
-2.15991
-2.73012
-2.48167
-1.83706
-0.882934
0
0
0
0
0
0
0
0
0
-1.78839
-2.40385
-2.09954
-1.63448
0
0
0
0
0
0
0
0
0
0
-1.28644
-2.07323
-1.77001
-1.33697
0
0
0
0
0
0
0
0
0
0
-0.890351
-1.767
-1.40923
-0.94618
0
0
0
0
0
0
0
0
0
0
-0.726257
-1.51664
-1.225
0
0
0
0
0
0
0
0
0
0
0
-0.757792
-1.42929
-1.23351
0
0
0
0
0
0
0
0
0
0
0
-0.734195
-1.34936
-1.29399
0
0
0
0
0
0
0
0
0
0
0
-0.453275
-1.20528
-1.2098
0
0
0
0
0
0
0
0
0
0
0
0
-0.827315
-0.826752
0
0
0
0
0
0
0
0
0
0
0
0
0
0
0
0
0
0
0
0
0
0
0
0
0
0
0
0
0
0
0
0
0
0
0
0
0
0
0
0
0
0
0
0
0
0
0
0
0
0
0
0
0
0
0
0
0
0
0
0
0
0
0
0
0
0
0
0
0
0
0
0
0
0
0
0
0
0
0
0
0
0
0
0
0
0
0
0
0
0
0
0
0
0
0
0
0
0
0
0
0
0
0
0
0
0
0
0
0
0
0
0
0
0
0
0
0
0
0
0
0
0
0
0
0
0
0
0
0
0
0
0
0
0
0
0
0
0
0
0
0
0
0
0
0
0
0
0
0
0
0
0
0
0
0
0
0
0
0
0
0
0
0
0
0
0
0
0
0
0
0
0
0
0
0
0
0
0
0
0
0
0
0
0
0
0
0
0
0
0
0
0
0
0
0
0
0
0
0
0
0
0
0
0
0
0
0
0
0
0
0
0
0
0
0
0
0
0
0
0
0
0
0
0
0
0
0
0
0
0
0
0
0
0
0
0
0
0
0
0
0
0
0
0
0
0
0
0
0
0
0
0
0
0
0
0
0
0
0
0
0
0
0
0
-0.026581
-0.336585
-0.485579
0
0
0
0
0
0
0
0
0
0
0
0
-0.684809
-0.858186
-0.649965
0
0
0
0
0
0
0
0
0
0
-0.214148
-1.0472
-1.2112
-0.90478
0
0
0
0
0
0
0
0
0
0
-0.610946
-1.41242
-1.51818
-1.17739
0
0
0
0
0
0
0
0
0
0
-1.1755
-1.87626
-1.78399
-1.56053
0
0
0
0
0
0
0
0
0
0
-1.67825
-2.30331
-2.01142
-1.75567
0
0
0
0
0
0
0
0
0
0
-2.10599
-2.69024
-2.22118
-1.83662
0
0
0
0
0
0
0
0
0
0
-2.55359
-2.98504
-2.30389
-1.63179
0
0
0
0
0
0
0
0
0
0
-2.88526
-3.15827
-2.29837
-1.32965
0
0
0
0
0
0
0
0
0
0
-3.11129
-3.22752
-2.17829
-0.830538
0
-0.673946
0
0
0
0
0
0
0
0
-3.23419
-3.19698
-2.04965
-0.772292
0
0
0
0
0
0
0
0
0
-2.68272
-3.23427
-3.10107
-1.95255
-0.910311
0
0
0
0
0
0
0
0
0
-2.55755
-3.14367
-2.9311
-1.92106
-1.19768
0
0
0
0
0
0
0
0
0
-2.32443
-2.89444
-2.66475
-1.8769
-1.13834
0
0
0
0
0
0
0
0
0
-1.99006
-2.60295
-2.3548
-1.78782
-0.947713
0
0
0
0
0
0
0
0
0
-1.59016
-2.25658
-1.95923
-1.59317
-0.470999
0
0
0
0
0
0
0
0
0
-1.07938
-1.90247
-1.60891
-1.32593
0
0
0
0
0
0
0
0
0
0
-0.688256
-1.56222
-1.21505
-0.982098
0
0
0
0
0
0
0
0
0
0
-0.56929
-1.29632
-1.01065
0
0
0
0
0
0
0
0
0
0
0
-0.660005
-1.23148
-1.0439
0
0
0
0
0
0
0
0
0
0
0
-0.683004
-1.18769
-1.14322
0
0
0
0
0
0
0
0
0
0
0
-0.433487
-1.07917
-1.11177
0
0
0
0
0
0
0
0
0
0
0
0
-0.720494
-0.762121
0
0
0
0
0
0
0
0
0
0
0
0
0
0
0
0
0
0
0
0
0
0
0
0
0
0
0
0
0
0
0
0
0
0
0
0
0
0
0
0
0
0
0
0
0
0
0
0
0
0
0
0
0
0
0
0
0
0
0
0
0
0
0
0
0
0
0
0
0
0
0
0
0
0
0
0
0
0
0
0
0
0
0
0
0
0
0
0
0
0
0
0
0
0
0
0
0
0
0
0
0
0
0
0
0
0
0
0
0
0
0
0
0
0
0
0
0
0
0
0
0
0
0
0
0
0
0
0
0
0
0
0
0
0
0
0
0
0
0
0
0
0
0
0
0
0
0
0
0
0
0
0
0
0
0
0
0
0
0
0
0
0
0
0
0
0
0
0
0
0
0
0
0
0
0
0
0
0
0
0
0
0
0
0
0
0
0
0
0
0
0
0
0
0
0
0
0
0
0
0
0
0
0
0
0
0
0
0
0
0
0
0
0
0
0
0
0
0
0
0
0
0
0
0
0
0
0
0
0
0
0
0
0
0
0
0
0
0
0
0
0
0
0
0
0
0
0
0
0
0
0
0
0
0
0
0
0
0
0
0
0
0
0
0
-0.164213
-0.443431
0
0
0
0
0
0
0
0
0
0
0
0
-0.0975052
-0.714324
-0.639677
-0.665415
0
0
0
0
0
0
0
0
0
0
-0.256653
-1.03329
-1.01318
-0.924655
0
0
0
0
0
0
0
0
0
0
-0.600468
-1.37198
-1.33041
-1.19013
0
0
0
0
0
0
0
0
0
0
-1.11847
-1.83004
-1.59691
-1.53784
0
0
0
0
0
0
0
0
0
0
-1.58385
-2.22859
-1.83381
-1.70626
0
0
0
0
0
0
0
0
0
0
-1.98222
-2.58178
-2.05762
-1.75698
0
0
0
0
0
0
0
0
0
0
-2.39305
-2.82505
-2.14614
-1.52628
0
0
0
0
0
0
0
0
0
0
-2.70417
-2.96404
-2.13819
-1.20267
0
-0.793195
0
0
0
0
0
0
0
0
-2.92095
-3.00814
-2.00365
-0.70306
0
-1.09628
0
0
0
0
0
0
0
-2.45703
-3.03962
-2.98743
-1.88131
-0.723939
0
-0.86817
0
0
0
0
0
0
0
-2.4867
-3.04131
-2.90848
-1.806
-0.927864
0
0
0
0
0
0
0
0
0
-2.33962
-2.95733
-2.76136
-1.8153
-1.24254
0
0
0
0
0
0
0
0
0
-2.07843
-2.71405
-2.50782
-1.79149
-1.1914
0
0
0
0
0
0
0
0
0
-1.72392
-2.42545
-2.20418
-1.71578
-1.01175
0
0
0
0
0
0
0
0
0
-1.29954
-2.0658
-1.79891
-1.53031
-0.55807
0
0
0
0
0
0
0
0
0
-0.797536
-1.69102
-1.41801
-1.30099
0
0
0
0
0
0
0
0
0
0
-0.44082
-1.30778
-0.968178
-1.01334
0
0
0
0
0
0
0
0
0
0
-0.415607
-1.01966
-0.724116
-0.603132
0
0
0
0
0
0
0
0
0
0
-0.597441
-0.987233
-0.800074
0
0
0
0
0
0
0
0
0
0
0
-0.680309
-0.996767
-0.9552
0
0
0
0
0
0
0
0
0
0
0
-0.483643
-0.935291
-0.981055
0
0
0
0
0
0
0
0
0
0
0
0
0
0
0
0
0
0
0
0
0
0
0
0
0
0
0
0
0
0
0
0
0
0
0
0
0
0
0
0
0
0
0
0
0
0
0
0
0
0
0
0
0
0
0
0
0
0
0
0
0
0
0
0
0
0
0
0
0
0
0
0
0
0
0
0
0
0
0
0
0
0
0
0
0
0
0
0
0
0
0
0
0
0
0
0
0
0
0
0
0
0
0
0
0
0
0
0
0
0
0
0
0
0
0
0
0
0
0
0
0
0
0
0
0
0
0
0
0
0
0
0
0
0
0
0
0
0
0
0
0
0
0
0
0
0
0
0
0
0
0
0
0
0
0
0
0
0
0
0
0
0
0
0
0
0
0
0
0
0
0
0
0
0
0
0
0
0
0
0
0
0
0
0
0
0
0
0
0
0
0
0
0
0
0
0
0
0
0
0
0
0
0
0
0
0
0
0
0
0
0
0
-1.16907
0
0
0
0
0
0
0
0
0
0
0
0
0
-1.17617
0
0
0
0
0
0
0
0
0
0
0
0
0
-1.07598
0
0
0
0
0
0
0
0
0
0
0
0
0
0
0
0
0
0
0
0
0
0
0
-0.148012
-0.417936
0
0
0
0
0
0
0
0
0
0
0
0
-0.254671
-0.687309
0
0
0
0
0
0
0
0
0
0
0
0
-0.216186
-0.91548
-0.501568
-0.638352
0
0
0
0
0
0
0
0
0
0
-0.36976
-1.17185
-0.890183
-0.897399
0
0
0
0
0
0
0
0
0
0
-0.67708
-1.44767
-1.21239
-1.15294
0
0
0
0
0
0
0
0
0
0
-1.13932
-1.86017
-1.48256
-1.47023
0
0
0
0
0
0
0
0
0
0
-1.56772
-2.20292
-1.72556
-1.62484
0
0
0
0
0
0
0
0
0
0
-1.94333
-2.50043
-1.95625
-1.66789
-0.634302
0
0
0
0
0
0
0
0
0
-2.29143
-2.66952
-2.04168
-1.4266
-0.526078
0
0
0
0
0
0
0
0
0
-2.54936
-2.75677
-2.02727
-1.09666
0
-1.05725
0
0
0
0
0
0
0
-2.02207
-2.72267
-2.76211
-1.87974
-0.610767
0
-1.36115
0
0
0
0
0
0
0
-2.22263
-2.80315
-2.74048
-1.74203
-0.685508
0
-1.12866
0
0
0
0
0
0
0
-2.20348
-2.78826
-2.67637
-1.65677
-0.917466
0
-0.713007
0
0
0
0
0
0
0
-2.01293
-2.70272
-2.56086
-1.66909
-1.2315
0
0
0
0
0
0
0
0
0
-1.7288
-2.47979
-2.33247
-1.65146
-1.18403
0
0
0
0
0
0
0
0
0
-1.37774
-2.21643
-2.04632
-1.58086
-1.01466
0
0
0
0
0
0
0
0
0
-0.980385
-1.87823
-1.63438
-1.4059
-0.58634
0
0
0
0
0
0
0
0
0
-0.535258
-1.51177
-1.22291
-1.20545
0
0
0
0
0
0
0
0
0
0
-0.252386
-1.11094
-0.724335
-0.960687
0
0
0
0
0
0
0
0
0
0
-0.307628
-0.804873
-0.469032
0
0
0
0
0
0
0
0
0
0
0
-0.556198
-0.802216
-0.624981
0
0
0
0
0
0
0
0
0
0
0
-0.686574
-0.863959
-0.843289
0
0
0
0
0
0
0
0
0
0
0
-0.583055
-0.845494
-0.905283
0
0
0
0
0
0
0
0
0
0
0
0
0
0
0
0
0
0
0
0
0
0
0
0
0
0
0
0
0
0
0
0
0
0
0
0
0
0
0
0
0
0
0
0
0
0
0
0
0
0
0
0
0
0
0
0
0
0
0
0
0
0
0
0
0
0
0
0
0
0
0
0
0
0
0
0
0
0
0
0
0
0
0
0
0
0
0
0
0
0
0
0
0
0
0
0
0
0
0
0
0
0
0
0
0
0
0
0
0
0
0
0
0
0
0
0
0
0
0
0
0
0
0
0
0
0
0
0
0
0
0
0
0
0
0
0
0
0
0
0
0
0
0
0
0
0
0
0
0
0
0
0
0
0
0
0
0
0
0
0
0
0
0
0
0
0
0
0
0
0
0
0
0
0
0
0
0
0
0
0
0
0
0
0
0
0
0
0
0
0
0
0
0
0
0
0
0
0
0
0
0
0
0
0
0
0
0
0
0
0
0
0
-1.38629
0
0
0
0
0
0
0
0
0
0
0
0
0
-1.42596
0
0
0
0
0
0
0
0
0
0
0
0
0
-1.34137
0
0
0
0
0
0
0
0
0
0
0
0
0
-0.98421
0
0
0
0
0
0
0
0
0
-0.235187
-0.622908
0
0
0
0
0
0
0
0
0
0
0
0
-0.352755
-0.912617
0
0
0
0
0
0
0
0
0
0
0
0
-0.341327
-1.12074
-0.368181
-0.615067
0
0
0
0
0
0
0
0
0
0
-0.480649
-1.33198
-0.769505
-0.874885
0
0
0
0
0
0
0
0
0
0
-0.743415
-1.55075
-1.09522
-1.11711
0
0
0
0
0
0
0
0
0
0
-1.1446
-1.91439
-1.37261
-1.39702
0
0
0
0
0
0
0
0
0
0
-1.52988
-2.19686
-1.62549
-1.53487
-0.711306
0
0
0
0
0
0
0
0
0
-1.87808
-2.43217
-1.86554
-1.57107
-0.892804
0
0
0
0
0
0
0
0
0
-2.16514
-2.5132
-1.94683
-1.31906
-0.761172
-0.784934
0
0
0
0
0
0
0
0
-2.36914
-2.53187
-1.9242
-0.98432
-0.578221
-1.2608
0
0
0
0
0
0
0
-1.79568
-2.49544
-2.47949
-1.7603
-0.51914
0
-1.5629
0
0
0
0
0
0
0
-1.91888
-2.53175
-2.45067
-1.59547
-0.651404
0
-1.3265
0
0
0
0
0
0
0
-1.84726
-2.49574
-2.40284
-1.48558
-0.90844
0
-0.905733
0
0
0
0
0
0
0
-1.60867
-2.40671
-2.32967
-1.48923
-1.2192
0
0
0
0
0
0
0
0
0
-1.29855
-2.21137
-2.13275
-1.47528
-1.17734
0
0
0
0
0
0
0
0
0
-0.956304
-1.98201
-1.86568
-1.41172
-1.02037
0
0
0
0
0
0
0
0
0
-0.603193
-1.67385
-1.43744
-1.25564
-0.617098
0
0
0
0
0
0
0
0
0
-0.242542
-1.31538
-0.979885
-1.09418
0
0
0
0
0
0
0
0
0
0
-0.0612523
-0.885767
-0.413727
-0.899308
0
0
0
0
0
0
0
0
0
0
-0.205619
-0.553865
0
0
0
0
0
0
0
0
0
0
0
0
-0.518743
-0.600098
0
0
0
0
0
0
0
0
0
0
0
0
-0.699198
-0.731975
-0.729029
0
0
0
0
0
0
0
0
0
0
0
-0.696488
-0.755711
-0.83427
0
0
0
0
0
0
0
0
0
0
0
0
0
0
0
0
0
0
0
0
0
0
0
0
0
0
0
0
0
0
0
0
0
0
0
0
0
0
0
0
0
0
0
0
0
0
0
0
0
0
0
0
0
0
0
0
0
0
0
0
0
0
0
0
0
0
0
0
0
0
0
0
0
0
0
0
0
0
0
0
0
0
0
0
0
0
0
0
0
0
0
0
0
0
0
0
0
0
0
0
0
0
0
0
0
0
0
0
0
0
0
0
0
0
0
0
0
0
0
0
0
0
0
0
0
0
0
0
0
0
0
0
0
0
0
0
0
0
0
0
0
0
0
0
0
0
0
0
0
0
0
0
0
0
0
0
0
0
0
0
0
0
0
0
0
0
0
0
0
0
0
0
0
0
0
0
0
0
0
0
0
0
0
0
0
0
0
0
0
0
0
0
0
0
0
0
0
0
0
0
0
0
0
0
0
0
0
0
0
0
0
0
-1.35466
0
0
0
0
0
0
0
0
0
0
0
0
0
-1.46232
0
0
0
0
0
0
0
0
0
0
0
0
0
-1.44187
-1.13304
0
0
0
0
0
0
0
0
0
0
0
0
-1.12399
0
0
0
0
0
0
0
0
0
-0.320088
-0.789475
0
0
0
0
0
0
0
0
0
0
0
0
-0.491986
-1.06788
0
0
0
0
0
0
0
0
0
0
0
0
-0.524635
-1.27249
-0.384489
-0.719569
0
0
0
0
0
0
0
0
0
0
-0.633731
-1.46389
-0.734275
-0.946675
0
0
0
0
0
0
0
0
0
0
-0.81906
-1.64567
-1.04907
-1.15101
0
0
0
0
0
0
0
0
0
0
-1.13501
-1.97261
-1.33811
-1.36048
0
0
0
0
0
0
0
0
0
0
-1.46708
-2.21283
-1.59795
-1.46089
-0.921466
0
0
0
0
0
0
0
0
0
-1.78707
-2.40544
-1.83976
-1.47579
-1.12656
0
0
0
0
0
0
0
0
0
-2.02265
-2.42013
-1.92107
-1.21922
-0.982822
-0.788262
0
0
0
0
0
0
0
-1.38938
-2.17947
-2.38371
-1.9007
-0.895446
-0.763212
-1.22292
0
0
0
0
0
0
0
-1.557
-2.26234
-2.28272
-1.74423
-0.486482
0
-1.50359
0
0
0
0
0
0
0
-1.58827
-2.26069
-2.23718
-1.55936
-0.631318
0
-1.26864
0
0
0
0
0
0
0
-1.46178
-2.20209
-2.19284
-1.41251
-0.864103
0
-0.868342
0
0
0
0
0
0
0
-1.182
-2.09837
-2.14452
-1.36648
-1.13155
0
0
0
0
0
0
0
0
0
-0.853084
-1.92885
-1.96549
-1.32173
-1.0864
0
0
0
0
0
0
0
0
0
-0.534782
-1.74132
-1.70389
-1.24274
-0.93202
0
0
0
0
0
0
0
0
0
-0.26845
-1.49657
-1.26414
-1.09921
0
0
0
0
0
0
0
0
0
0
-0.0286959
-1.18474
-0.794768
-0.968733
0
0
0
0
0
0
0
0
0
0
0
-0.781837
0
-0.812888
0
0
0
0
0
0
0
0
0
0
0
-0.435965
0
0
0
0
0
0
0
0
0
0
0
0
-0.405548
-0.470306
0
0
0
0
0
0
0
0
0
0
0
0
-0.613115
-0.607668
0
0
0
0
0
0
0
0
0
0
0
0
-0.707237
0
-0.758631
0
0
0
0
0
0
0
0
0
0
0
0
0
0
0
0
0
0
0
0
0
0
0
0
0
0
0
0
0
0
0
0
0
0
0
0
0
0
0
0
0
0
0
0
0
0
0
0
0
0
0
0
0
0
0
0
0
0
0
0
0
0
0
0
0
0
0
0
0
0
0
0
0
0
0
0
0
0
0
0
0
0
0
0
0
0
0
0
0
0
0
0
0
0
0
0
0
0
0
0
0
0
0
0
0
0
0
0
0
0
0
0
0
0
0
0
0
0
0
0
0
0
0
0
0
0
0
0
0
0
0
0
0
0
0
0
0
0
0
0
0
0
0
0
0
0
0
0
0
0
0
0
0
0
0
0
0
0
0
0
0
0
0
0
0
0
0
0
0
0
0
0
0
0
0
0
0
0
0
0
0
0
0
0
0
0
0
0
0
0
0
0
0
0
0
0
0
0
0
0
0
0
0
0
0
0
0
0
0
0
0
0
-1.30516
0
0
0
0
0
0
0
0
0
0
0
0
0
-1.46888
-1.28422
0
0
0
0
0
0
0
0
0
0
0
0
-1.52114
-1.26985
0
0
0
0
0
0
0
0
0
-0.688763
0
0
-1.24022
0
0
0
0
0
0
0
0
0
-0.419418
-0.963873
0
0
-0.884564
0
0
0
0
0
0
0
0
0
-0.654936
-1.21351
0
0
0
0
0
0
0
0
0
0
0
0
-0.731548
-1.4076
0
-0.827704
0
0
0
0
0
0
0
0
0
0
-0.810722
-1.58765
-0.715452
-1.03887
0
0
0
0
0
0
0
0
0
0
-0.919253
-1.74722
-1.00146
-1.21289
0
0
0
0
0
0
0
0
0
0
-1.14972
-2.04565
-1.29472
-1.3462
-0.745739
0
0
0
0
0
0
0
0
0
-1.42302
-2.25145
-1.55824
-1.39725
-1.0886
0
0
0
0
0
0
0
0
0
-1.70811
-2.4075
-1.80071
-1.37704
-1.31176
0
0
0
0
0
0
0
0
-0.950202
-1.89488
-2.36002
-1.88356
-1.11059
-1.16176
-0.776659
0
0
0
0
0
0
0
-1.14657
-2.00909
-2.26535
-1.86731
-0.800039
-0.914875
-1.16178
0
0
0
0
0
0
0
-1.26048
-2.05323
-2.10367
-1.72125
-0.464565
0
-1.4162
0
0
0
0
0
0
0
-1.22969
-2.01731
-2.02766
-1.51761
-0.629439
0
-1.18812
0
0
0
0
0
0
0
-1.06585
-1.93319
-1.97437
-1.33244
-0.838035
0
-0.821346
0
0
0
0
0
0
0
-0.755501
-1.80062
-1.94332
-1.23013
-1.05131
0
0
0
0
0
0
0
0
0
-0.403057
-1.64616
-1.77186
-1.15114
-0.995304
0
0
0
0
0
0
0
0
0
-0.0987188
-1.49117
-1.50579
-1.05982
-0.8301
0
0
0
0
0
0
0
0
0
0
-1.31048
-1.05772
-0.938673
0
0
0
0
0
0
0
0
0
0
0
-1.04037
-0.59483
-0.843577
0
0
0
0
0
0
0
0
0
0
0
-0.668959
0
-0.717105
0
0
0
0
0
0
0
0
0
0
0
0
0
0
0
0
0
0
0
0
0
0
0
0
0
0
0
0
0
0
0
0
0
0
0
0
0
0
-0.520287
0
0
0
0
0
0
0
0
0
0
0
0
0
-0.709589
0
0
0
0
0
0
0
0
0
0
0
0
0
0
0
0
0
0
0
0
0
0
0
0
0
0
0
0
0
0
0
0
0
0
0
0
0
0
0
0
0
0
0
0
0
0
0
0
0
0
0
0
0
0
0
0
0
0
0
0
0
0
0
0
0
0
0
0
0
0
0
0
0
0
0
0
0
0
0
0
0
0
0
0
0
0
0
0
0
0
0
0
0
0
0
0
0
0
0
0
0
0
0
0
0
0
0
0
0
0
0
0
0
0
0
0
0
0
0
0
0
0
0
0
0
0
0
0
0
0
0
0
0
0
0
0
0
0
0
0
0
0
0
0
0
0
0
0
0
0
0
0
0
0
0
0
0
0
0
0
0
0
0
0
0
0
0
0
0
0
0
0
0
0
0
0
0
0
0
0
0
0
0
0
0
0
0
0
0
0
0
0
0
0
0
0
0
0
0
0
0
0
0
0
0
0
0
0
0
0
0
0
0
0
0
0
0
0
0
0
0
0
0
0
0
0
0
0
-1.2969
0
0
0
0
0
0
0
0
0
0
0
-0.789089
0
-1.43534
-1.30738
0
0
0
0
0
0
0
0
0
-0.922626
-0.858449
0
-1.22839
0
0
0
0
0
0
0
0
0
-0.596371
-1.1603
-0.851361
0
-0.932604
0
0
0
0
0
0
0
0
0
-0.894973
-1.34372
-0.698003
-0.742783
0
0
0
0
0
0
0
0
0
0
-0.995096
-1.50541
-0.657033
-0.966526
0
0
0
0
0
0
0
0
0
0
-1.03213
-1.66005
-0.760963
-1.16296
0
0
0
0
0
0
0
0
0
0
-1.04354
-1.79738
-0.969755
-1.32298
0
0
0
0
0
0
0
0
0
0
-1.17323
-2.05545
-1.23861
-1.3887
-0.812062
0
0
0
0
0
0
0
0
-0.264175
-1.37287
-2.2394
-1.47761
-1.37197
-1.12523
0
0
0
0
0
0
0
0
-0.431348
-1.61245
-2.38195
-1.69559
-1.27354
-1.32717
0
0
0
0
0
0
0
0
-0.66003
-1.75698
-2.31732
-1.7735
-0.980076
-1.16488
0
0
0
0
0
0
0
0
-0.818597
-1.84159
-2.2034
-1.76572
-0.684175
-0.890637
-0.992633
0
0
0
0
0
0
0
-0.902679
-1.86647
-2.01507
-1.64896
-0.465226
0
-1.18671
0
0
0
0
0
0
0
-0.848915
-1.83443
-1.91021
-1.46835
-0.674281
0
-0.976846
0
0
0
0
0
0
0
-0.689713
-1.75548
-1.83321
-1.2988
-0.863794
0
0
0
0
0
0
0
0
0
-0.404512
-1.61058
-1.78773
-1.18961
-1.00397
0
0
0
0
0
0
0
0
0
-0.0760906
-1.45998
-1.61392
-1.0924
-0.906248
0
0
0
0
0
0
0
0
0
0
-1.31993
-1.35703
-0.996767
-0.69113
0
0
0
0
0
0
0
0
0
0
-1.19328
-0.975043
-0.896372
0
0
0
0
0
0
0
0
0
0
0
-0.963125
-0.593268
-0.809254
0
0
0
0
0
0
0
0
0
0
0
-0.645689
0
0
0
0
0
0
0
0
0
0
0
0
0
0
0
0
0
0
0
0
0
0
0
0
0
0
0
0
0
0
0
0
0
0
0
0
0
0
0
0
0
0
0
0
0
0
0
0
0
0
0
0
0
0
0
0
0
0
0
0
0
0
0
0
0
0
0
0
0
0
0
0
0
0
0
0
0
0
0
0
0
0
0
0
0
0
0
0
0
0
0
0
0
0
0
0
0
0
0
0
0
0
0
0
0
0
0
0
0
0
0
0
0
0
0
0
0
0
0
0
0
0
0
0
0
0
0
0
0
0
0
0
0
0
0
0
0
0
0
0
0
0
0
0
0
0
0
0
0
0
0
0
0
0
0
0
0
0
0
0
0
0
0
0
0
0
0
0
0
0
0
0
0
0
0
0
0
0
0
0
0
0
0
0
0
0
0
0
0
0
0
0
0
0
0
0
0
0
0
0
0
0
0
0
0
0
0
0
0
0
0
0
0
0
0
0
0
0
0
0
0
0
0
0
0
0
0
0
0
0
0
0
0
0
0
0
0
0
0
0
0
0
0
0
0
0
0
0
0
0
0
0
0
0
0
0
0
0
0
0
0
0
0
0
0
0
0
0
0
0
0
0
0
0
0
0
0
0
0
0
0
-0.957427
0
0
0
0
0
0
0
0
0
0
0
0
0
-1.1837
0
-1.28729
-1.35947
0
0
0
0
0
0
0
0
0
-1.12697
-1.22228
-0.876368
-1.17445
0
0
0
0
0
0
0
0
0
-0.803423
-1.38905
-1.19881
-0.894991
0
0
0
0
0
0
0
0
0
0
-1.12148
-1.53394
-1.06741
-0.926111
0
0
0
0
0
0
0
0
0
0
-1.23261
-1.65358
-0.910435
-1.06444
0
0
0
0
0
0
0
0
0
0
-1.25692
-1.76036
-0.875775
-1.23616
0
0
0
0
0
0
0
0
0
0
-1.21147
-1.85627
-0.986982
-1.40429
0
0
0
0
0
0
0
0
0
0
-1.26553
-2.05155
-1.20336
-1.43876
-0.853633
0
0
0
0
0
0
0
0
-0.154056
-1.39777
-2.20863
-1.39161
-1.36938
-1.10968
0
0
0
0
0
0
0
0
-0.240833
-1.588
-2.34044
-1.56145
-1.18102
-1.26791
0
0
0
0
0
0
0
0
-0.4025
-1.6887
-2.26929
-1.62501
-0.851653
-1.08795
0
0
0
0
0
0
0
0
-0.520592
-1.74335
-2.14119
-1.62575
-0.573349
-0.787133
-0.856849
0
0
0
0
0
0
0
-0.588177
-1.74979
-1.92345
-1.54829
0
0
-0.956604
0
0
0
0
0
0
0
-0.53188
-1.72425
-1.77615
-1.41072
-0.746335
0
0
0
0
0
0
0
0
0
-0.391748
-1.64873
-1.65736
-1.28358
-0.914918
0
0
0
0
0
0
0
0
0
-0.139195
-1.47922
-1.58451
-1.19927
-0.9685
0
0
0
0
0
0
0
0
0
0
-1.31164
-1.41825
-1.11457
-0.808573
0
0
0
0
0
0
0
0
0
0
-1.16304
-1.20347
-1.03872
0
0
0
0
0
0
0
0
0
0
0
-1.08392
-0.937776
-0.966149
0
0
0
0
0
0
0
0
0
0
0
-0.898545
-0.654883
-0.836632
0
0
0
0
0
0
0
0
0
0
0
-0.651353
0
0
0
0
0
0
0
0
0
0
0
0
0
0
0
0
0
0
0
0
0
0
0
0
0
0
0
0
0
0
0
0
0
0
0
0
0
0
0
0
0
0
0
0
0
0
0
0
0
0
0
0
0
0
0
0
0
0
0
0
0
0
0
0
0
0
0
0
0
0
0
0
0
0
0
0
0
0
0
0
0
0
0
0
0
0
0
0
0
0
0
0
0
0
0
0
0
0
0
0
0
0
0
0
0
0
0
0
0
0
0
0
0
0
0
0
0
0
0
0
0
0
0
0
0
0
0
0
0
0
0
0
0
0
0
0
0
0
0
0
0
0
0
0
0
0
0
0
0
0
0
0
0
0
0
0
0
0
0
0
0
0
0
0
0
0
0
0
0
0
0
0
0
0
0
0
0
0
0
0
0
0
0
0
0
0
0
0
0
0
0
0
0
0
0
0
0
0
0
0
0
0
0
0
0
0
0
0
0
0
0
0
0
0
0
0
0
0
0
0
0
0
0
0
0
0
0
0
0
0
0
0
0
0
0
0
0
0
0
0
0
0
0
0
0
0
0
0
0
0
0
0
0
0
0
0
0
0
0
0
0
0
0
0
0
0
0
0
0
0
0
0
0
0
0
0
0
0
0
0
0
-1.27986
0
0
0
0
0
0
0
0
0
0
0
0
-0.818033
-1.49434
0
0
0
0
0
0
0
0
0
0
0
-0.662073
-1.30753
-1.53915
-1.05793
0
0
0
0
0
0
0
0
0
0
-1.07971
-1.62745
-1.49768
-1.10979
0
0
0
0
0
0
0
0
0
0
-1.37735
-1.8013
-1.3886
-1.12956
0
0
0
0
0
0
0
0
0
0
-1.45532
-1.89846
-1.19314
-1.15712
0
0
0
0
0
0
0
0
0
0
-1.46051
-1.94306
-1.07925
-1.26488
0
0
0
0
0
0
0
0
0
0
-1.38588
-1.96508
-1.09174
-1.42629
0
0
0
0
0
0
0
0
0
-0.098158
-1.39363
-2.02803
-1.21827
-1.46607
-0.88939
0
0
0
0
0
0
0
0
-0.164092
-1.46368
-2.11041
-1.31658
-1.37783
-1.04088
0
0
0
0
0
0
0
0
-0.112852
-1.5914
-2.20692
-1.39669
-1.10663
-1.0971
0
0
0
0
0
0
0
0
-0.153945
-1.64254
-2.14628
-1.42992
-0.733987
-0.881567
0
0
0
0
0
0
0
0
-0.213279
-1.66703
-2.02117
-1.4378
0
0
0
0
0
0
0
0
0
0
-0.285024
-1.6619
-1.78989
-1.41351
0
0
0
0
0
0
0
0
0
0
-0.265353
-1.65839
-1.60628
-1.36131
-0.812489
0
0
0
0
0
0
0
0
0
-0.174585
-1.60105
-1.45362
-1.32783
-0.965594
0
0
0
0
0
0
0
0
0
0
-1.43019
-1.37223
-1.32638
-0.957186
0
0
0
0
0
0
0
0
0
0
-1.26509
-1.26573
-1.30841
-0.76867
0
0
0
0
0
0
0
0
0
0
-1.12722
-1.15294
-1.28617
0
0
0
0
0
0
0
0
0
0
0
-1.09214
-1.03481
-1.24234
0
0
0
0
0
0
0
0
0
0
0
-0.938088
-0.817099
-1.03402
0
0
0
0
0
0
0
0
0
0
0
-0.726612
0
-0.768612
0
0
0
0
0
0
0
0
0
0
0
0
0
0
0
0
0
0
0
0
0
0
0
0
0
0
0
0
0
0
0
0
0
0
0
0
0
0
0
0
0
0
0
0
0
0
0
0
0
0
0
0
0
0
0
0
0
0
0
0
0
0
0
0
0
0
0
0
0
0
0
0
0
0
0
0
0
0
0
0
0
0
0
0
0
0
0
0
0
0
0
0
0
0
0
0
0
0
0
0
0
0
0
0
0
0
0
0
0
0
0
0
0
0
0
0
0
0
0
0
0
0
0
0
0
0
0
0
0
0
0
0
0
0
0
0
0
0
0
0
0
0
0
0
0
0
0
0
0
0
0
0
0
0
0
0
0
0
0
0
0
0
0
0
0
0
0
0
0
0
0
0
0
0
0
0
0
0
0
0
0
0
0
0
0
0
0
0
0
0
0
0
0
0
0
0
0
0
0
0
0
0
0
0
0
0
0
0
0
0
0
0
0
0
0
0
0
0
0
0
0
0
0
0
0
0
0
0
0
0
0
0
0
0
0
0
0
0
0
0
0
0
0
0
0
0
0
0
0
0
0
0
0
0
0
0
0
0
0
0
0
0
0
0
0
-1.15475
0
0
0
0
0
0
0
0
0
0
0
0
0
-1.47474
0
0
0
0
0
0
0
0
0
0
0
0
-0.972694
-1.68838
0
0
0
0
0
0
0
0
0
0
0
-0.844831
-1.45654
-1.76503
-1.22108
0
0
0
0
0
0
0
0
0
0
-1.3276
-1.78521
-1.73591
-1.30658
0
0
0
0
0
0
0
0
0
0
-1.61447
-2.02634
-1.63218
-1.32875
0
0
0
0
0
0
0
0
0
0
-1.64543
-2.15778
-1.39724
-1.27753
0
0
0
0
0
0
0
0
0
0
-1.61548
-2.17552
-1.25409
-1.3184
0
0
0
0
0
0
0
0
0
-0.193569
-1.52127
-2.13312
-1.22781
-1.44273
0
0
0
0
0
0
0
0
0
-0.335662
-1.51082
-2.05975
-1.30287
-1.46841
-0.940836
0
0
0
0
0
0
0
0
-0.319611
-1.54285
-2.03285
-1.32196
-1.35997
-0.991762
0
0
0
0
0
0
0
0
-0.134732
-1.61548
-2.05354
-1.29382
-1.02046
-0.93159
0
0
0
0
0
0
0
0
-0.0341208
-1.6162
-1.98896
-1.28372
0
0
0
0
0
0
0
0
0
0
-0.0131559
-1.60473
-1.85991
-1.29504
0
0
0
0
0
0
0
0
0
0
-0.0890806
-1.57991
-1.61445
-1.32967
0
0
0
0
0
0
0
0
0
0
-0.113689
-1.58781
-1.39695
-1.3716
-0.811262
0
0
0
0
0
0
0
0
0
-0.0672787
-1.53509
-1.2205
-1.4277
-0.944298
0
0
0
0
0
0
0
0
0
0
-1.35659
-1.15551
-1.49392
-0.903802
0
0
0
0
0
0
0
0
0
0
-1.20416
-1.14351
-1.53143
-0.756648
0
0
0
0
0
0
0
0
0
0
-1.10383
-1.14213
-1.54545
0
0
0
0
0
0
0
0
0
0
0
-1.1308
-1.12194
-1.54054
0
0
0
0
0
0
0
0
0
0
0
-1.00786
-0.888833
-1.31674
0
0
0
0
0
0
0
0
0
0
0
-0.787017
0
-1.01772
0
0
0
0
0
0
0
0
0
0
0
0
0
0
0
0
0
0
0
0
0
0
0
0
0
0
0
0
0
0
0
0
0
0
0
0
0
0
0
0
0
0
0
0
0
0
0
0
0
0
0
0
0
0
0
0
0
0
0
0
0
0
0
0
0
0
0
0
0
0
0
0
0
0
0
0
0
0
0
0
0
0
0
0
0
0
0
0
0
0
0
0
0
0
0
0
0
0
0
0
0
0
0
0
0
0
0
0
0
0
0
0
0
0
0
0
0
0
0
0
0
0
0
0
0
0
0
0
0
0
0
0
0
0
0
0
0
0
0
0
0
0
0
0
0
0
0
0
0
0
0
0
0
0
0
0
0
0
0
0
0
0
0
0
0
0
0
0
0
0
0
0
0
0
0
0
0
0
0
0
0
0
0
0
0
0
0
0
0
0
0
0
0
0
0
0
0
0
0
0
0
0
0
0
0
0
0
0
0
0
0
0
0
0
0
0
0
0
0
0
0
0
0
0
0
0
0
0
0
0
0
0
0
0
0
0
0
0
0
0
0
0
0
0
0
0
0
0
0
0
0
0
0
0
0
0
0
0
0
0
0
0
0
0
0
0
0
0
0
0
0
0
0
0
0
0
0
0
0
-1.52457
0
0
0
0
0
0
0
0
0
0
0
0
-1.10407
-1.77421
0
0
0
0
0
0
0
0
0
0
0
-0.956374
-1.62517
-1.91628
-1.33661
0
0
0
0
0
0
0
0
0
0
-1.47278
-1.93592
-1.93491
-1.48919
0
0
0
0
0
0
0
0
0
0
-1.80645
-2.18528
-1.87612
-1.52135
0
0
0
0
0
0
0
0
0
0
-1.82865
-2.35183
-1.60555
-1.40902
0
0
0
0
0
0
0
0
0
0
-1.76845
-2.40446
-1.41787
-1.40829
0
0
0
0
0
0
0
0
0
-0.495094
-1.65288
-2.35266
-1.35263
-1.50773
0
0
0
0
0
0
0
0
0
-0.617347
-1.62258
-2.1848
-1.40259
-1.52467
-0.983518
0
0
0
0
0
0
0
0
-0.551746
-1.61165
-2.03972
-1.37966
-1.39683
-0.934541
0
0
0
0
0
0
0
0
-0.248567
-1.61321
-1.93833
-1.26347
-1.01579
0
0
0
0
0
0
0
0
0
0
-1.54546
-1.84525
-1.21056
0
0
-1.13901
0
0
0
0
0
0
0
0
-1.48262
-1.69856
-1.21489
0
0
-1.1121
0
0
0
0
0
0
0
0
-1.43133
-1.43869
-1.28694
0
0
0
0
0
0
0
0
0
0
0
-1.45156
-1.19545
-1.40134
-0.790688
0
0
0
0
0
0
0
0
0
0
-1.41579
-1.01073
-1.51648
-0.914564
0
0
0
0
0
0
0
0
0
0
-1.26794
-0.986523
-1.62589
-0.883411
0
0
0
0
0
0
0
0
0
0
-1.18046
-1.06832
-1.72815
-0.838255
0
0
0
0
0
0
0
0
0
0
-1.15465
-1.12562
-1.81428
-0.827712
0
0
0
0
0
0
0
0
0
0
-1.2246
-1.10754
-1.89662
0
0
0
0
0
0
0
0
0
0
0
-1.06801
-0.830156
-1.69586
0
0
0
0
0
0
0
0
0
0
0
-0.734444
0
-1.35915
0
0
0
0
0
0
0
0
0
0
0
0
0
0
0
0
0
0
0
0
0
0
0
0
0
0
0
0
0
0
0
0
0
0
0
0
0
0
0
0
0
0
0
0
0
0
0
0
0
0
0
0
0
0
0
0
0
0
0
0
0
0
0
0
0
0
0
0
0
0
0
0
0
0
0
0
0
0
0
0
0
0
0
0
0
0
0
0
0
0
0
0
0
0
0
0
0
0
0
0
0
0
0
0
0
0
0
0
0
0
0
0
0
0
0
0
0
0
0
0
0
0
0
0
0
0
0
0
0
0
0
0
0
0
0
0
0
0
0
0
0
0
0
0
0
0
0
0
0
0
0
0
0
0
0
0
0
0
0
0
0
0
0
0
0
0
0
0
0
0
0
0
0
0
0
0
0
0
0
0
0
0
0
0
0
0
0
0
0
0
0
0
0
0
0
0
0
0
0
0
0
0
0
0
0
0
0
0
0
0
0
0
0
0
0
0
0
0
0
0
0
0
0
0
0
0
0
0
0
0
0
0
0
0
0
0
0
0
0
0
0
0
0
0
0
0
0
0
0
0
0
0
0
0
0
0
0
0
0
0
0
0
0
0
0
0
0
0
0
0
0
0
0
0
0
0
0
0
0
-1.48185
0
0
0
0
0
0
0
0
0
0
0
0
-1.17825
-1.73778
0
0
0
0
0
0
0
0
0
0
0
-1.00416
-1.74826
-1.99692
-1.37492
0
0
0
0
0
0
0
0
0
0
-1.45294
-2.06707
-2.07389
-1.56725
0
0
0
0
0
0
0
0
0
0
-1.80219
-2.29163
-2.0641
-1.63701
0
0
0
0
0
0
0
0
0
0
-1.88964
-2.40647
-1.78849
-1.49798
0
0
0
0
0
0
0
0
0
0
-1.87084
-2.45953
-1.57723
-1.47437
0
0
0
0
0
0
0
0
0
-0.723995
-1.77121
-2.4373
-1.47701
-1.56938
0
0
0
0
0
0
0
0
0
-0.817043
-1.73529
-2.27725
-1.51063
-1.59932
0
0
0
0
0
0
0
0
0
-0.72352
-1.68957
-2.09546
-1.46071
-1.47432
0
0
0
0
0
0
0
0
0
-0.34943
-1.62683
-1.90867
-1.28075
-1.09195
0
-1.18607
0
0
0
0
0
0
0
0
-1.49051
-1.78895
-1.16671
0
0
-1.30008
0
0
0
0
0
0
0
0
-1.3749
-1.6245
-1.13177
0
0
-1.26191
0
0
0
0
0
0
0
0
-1.30116
-1.35746
-1.20329
0
0
0
0
0
0
0
0
0
0
0
-1.34283
-1.07534
-1.35111
-0.812648
0
0
0
0
0
0
0
0
0
0
-1.3376
-0.847232
-1.50422
-0.901288
0
0
0
0
0
0
0
0
0
0
-1.23234
-0.806235
-1.66374
-0.85928
0
0
0
0
0
0
0
0
0
0
-1.18656
-0.91253
-1.85324
-0.913366
0
0
0
0
0
0
0
0
0
0
-1.17886
-0.97534
-2.02332
-1.02451
0
0
0
0
0
0
0
0
0
0
-1.20621
-0.972882
-2.17143
-1.19739
0
0
0
0
0
0
0
0
0
0
-0.95148
0
-1.9802
-1.17735
0
0
0
0
0
0
0
0
0
0
0
0
-1.62584
0
0
0
0
0
0
0
0
0
0
0
0
0
0
0
0
0
0
0
0
0
0
0
0
0
0
0
0
0
0
0
0
0
0
0
0
0
0
0
0
0
0
0
0
0
0
0
0
0
0
0
0
0
0
0
0
0
0
0
0
0
0
0
0
0
0
0
0
0
0
0
0
0
0
0
0
0
0
0
0
0
0
0
0
0
0
0
0
0
0
0
0
0
0
0
0
0
0
0
0
0
0
0
0
0
0
0
0
0
0
0
0
0
0
0
0
0
0
0
0
0
0
0
0
0
0
0
0
0
0
0
0
0
0
0
0
0
0
0
0
0
0
0
0
0
0
0
0
0
0
0
0
0
0
0
0
0
0
0
0
0
0
0
0
0
0
0
0
0
0
0
0
0
0
0
0
0
0
0
0
0
0
0
0
0
0
0
0
0
0
0
0
0
0
0
0
0
0
0
0
0
0
0
0
0
0
0
0
0
0
0
0
0
0
0
0
0
0
0
0
0
0
0
0
0
0
0
0
0
0
0
0
0
0
0
0
0
0
0
0
0
0
0
0
0
0
0
0
0
0
0
0
0
0
0
0
0
0
0
0
0
0
0
0
0
0
0
0
0
0
0
0
0
0
0
0
0
0
0
-1.44539
0
0
0
0
0
0
0
0
0
0
0
0
-1.18329
-1.62057
0
0
0
0
0
0
0
0
0
0
0
-1.03524
-1.84385
-1.98238
-1.46112
0
0
0
0
0
0
0
0
0
0
-1.40785
-2.18134
-2.1649
-1.59208
0
0
0
0
0
0
0
0
0
0
-1.67745
-2.41126
-2.22538
-1.66073
0
0
0
0
0
0
0
0
0
0
-1.76236
-2.46705
-1.95377
-1.53187
0
0
0
0
0
0
0
0
0
-0.625819
-1.81387
-2.46334
-1.75209
-1.52008
0
0
0
0
0
0
0
0
-0.369447
-0.976608
-1.80953
-2.40888
-1.65932
-1.62345
0
0
0
0
0
0
0
0
0
-1.01987
-1.83571
-2.25915
-1.70617
-1.67532
0
0
0
0
0
0
0
0
0
-0.881378
-1.79839
-2.07945
-1.6419
-1.57001
0
0
0
0
0
0
0
0
0
-0.438924
-1.69695
-1.84929
-1.41743
-1.2224
0
-1.33189
0
0
0
0
0
0
0
0
-1.50234
-1.71128
-1.23182
0
0
-1.43649
0
0
0
0
0
0
0
0
-1.33644
-1.53348
-1.13164
0
0
-1.39187
0
0
0
0
0
0
0
0
-1.24191
-1.26968
-1.17004
0
0
0
0
0
0
0
0
0
0
0
-1.30127
-0.93852
-1.32737
0
0
0
0
0
0
0
0
0
0
0
-1.31422
0
-1.51599
0
0
0
0
0
0
0
0
0
0
0
-1.22054
0
-1.73098
0
0
0
0
0
0
0
0
0
0
0
-1.13394
0
-1.99907
0
0
0
0
0
0
0
0
0
0
0
-1.04607
-0.7704
-2.22331
-1.21083
0
0
0
0
0
0
0
0
0
0
-0.983244
-0.8191
-2.40811
-1.46293
0
0
0
0
0
0
0
0
0
0
0
0
-2.22541
-1.43456
0
0
0
0
0
0
0
0
0
0
0
0
-1.84698
-1.30612
0
0
0
0
0
0
0
0
0
0
0
0
0
0
0
0
0
0
0
0
0
0
0
0
0
0
0
0
0
0
0
0
0
0
0
0
0
0
0
0
0
0
0
0
0
0
0
0
0
0
0
0
0
0
0
0
0
0
0
0
0
0
0
0
0
0
0
0
0
0
0
0
0
0
0
0
0
0
0
0
0
0
0
0
0
0
0
0
0
0
0
0
0
0
0
0
0
0
0
0
0
0
0
0
0
0
0
0
0
0
0
0
0
0
0
0
0
0
0
0
0
0
0
0
0
0
0
0
0
0
0
0
0
0
0
0
0
0
0
0
0
0
0
0
0
0
0
0
0
0
0
0
0
0
0
0
0
0
0
0
0
0
0
0
0
0
0
0
0
0
0
0
0
0
0
0
0
0
0
0
0
0
0
0
0
0
0
0
0
0
0
0
0
0
0
0
0
0
0
0
0
0
0
0
0
0
0
0
0
0
0
0
0
0
0
0
0
0
0
0
0
0
0
0
0
0
0
0
0
0
0
0
0
0
0
0
0
0
0
0
0
0
0
0
0
0
0
0
0
0
0
0
0
0
0
0
0
0
0
0
0
0
0
0
0
0
0
0
0
0
0
0
0
0
0
0
0
0
0
0
0
0
0
0
0
0
0
0
0
0
0
0
-1.58876
0
0
0
0
0
0
0
0
0
0
0
0
-1.8166
-1.9342
0
0
0
0
0
0
0
0
0
0
0
-1.28509
-2.2005
-2.12205
-1.62322
0
0
0
0
0
0
0
0
0
0
-1.50924
-2.435
-2.24489
-1.59931
0
0
0
0
0
0
0
0
0
0
-1.558
-2.44994
-2.00762
-1.42105
0
0
0
0
0
0
0
0
0
0
-1.59871
-2.41661
-1.83318
-1.4228
0
0
0
0
0
0
0
0
0
-1.10811
-1.63647
-2.33303
-1.77322
-1.56573
0
0
0
0
0
0
0
0
0
-1.15629
-1.72794
-2.1823
-1.85884
-1.66371
0
0
0
0
0
0
0
0
0
-1.00209
-1.74132
-1.99736
-1.80603
-1.59275
0
0
0
0
0
0
0
0
0
0
-1.66051
-1.74841
-1.56478
-1.29196
0
0
0
0
0
0
0
0
0
0
-1.46311
-1.61495
-1.31804
0
0
-1.5503
0
0
0
0
0
0
0
0
-1.29332
-1.46115
-1.14877
0
0
-1.49801
0
0
0
0
0
0
0
0
-1.2101
-1.25619
-1.14195
0
0
0
0
0
0
0
0
0
0
0
-1.27455
-0.915026
-1.27939
0
0
0
0
0
0
0
0
0
0
0
-1.26846
0
-1.46923
0
0
0
0
0
0
0
0
0
0
0
-1.13134
0
-1.70161
0
0
0
0
0
0
0
0
0
0
0
-0.955826
0
-2.00546
0
0
0
0
0
0
0
0
0
0
0
-0.793932
0
-2.25664
-1.23968
0
0
0
0
0
0
0
0
0
0
0
0
-2.45336
-1.54091
0
0
0
0
0
0
0
0
0
0
0
0
-2.2474
-1.55972
0
0
0
0
0
0
0
0
0
0
0
0
-1.83968
-1.51298
0
0
0
0
0
0
0
0
0
0
0
0
0
0
0
0
0
0
0
0
0
0
0
0
0
0
0
0
0
0
0
0
0
0
0
0
0
0
0
0
0
0
0
0
0
0
0
0
0
0
0
0
0
0
0
0
0
0
0
0
0
0
0
0
0
0
0
0
0
0
0
0
0
0
0
0
0
0
0
0
0
0
0
0
0
0
0
0
0
0
0
0
0
0
0
0
0
0
0
0
0
0
0
0
0
0
0
0
0
0
0
0
0
0
0
0
0
0
0
0
0
0
0
0
0
0
0
0
0
0
0
0
0
0
0
0
0
0
0
0
0
0
0
0
0
0
0
0
0
0
0
0
0
0
0
0
0
0
0
0
0
0
0
0
0
0
0
0
0
0
0
0
0
0
0
0
0
0
0
0
0
0
0
0
0
0
0
0
0
0
0
0
0
0
0
0
0
0
0
0
0
0
0
0
0
0
0
0
0
0
0
0
0
0
0
0
0
0
0
0
0
0
0
0
0
0
0
0
0
0
0
0
0
0
0
0
0
0
0
0
0
0
0
0
0
0
0
0
0
0
0
0
0
0
0
0
0
0
0
0
0
0
0
0
0
0
0
0
0
0
0
0
0
0
0
0
0
0
0
0
0
0
0
0
0
0
0
0
0
0
0
0
0
0
0
0
0
0
0
0
0
0
0
0
0
-1.72627
-1.98827
0
0
0
0
0
0
0
0
0
0
0
-1.04876
-2.11451
-2.12061
0
0
0
0
0
0
0
0
0
0
0
-1.23149
-2.38997
-2.20042
-1.59355
0
0
0
0
0
0
0
0
0
0
-1.28739
-2.3768
-1.96048
0
0
0
0
0
0
0
0
0
0
0
-1.35205
-2.31674
-1.84415
0
0
0
0
0
0
0
0
0
0
-1.05244
-1.42395
-2.22208
-1.8594
-1.41762
0
0
0
0
0
0
0
0
0
-1.12492
-1.53902
-2.11465
-2.00577
-1.54915
0
0
0
0
0
0
0
0
0
-0.998335
-1.56137
-1.96155
-1.97338
-1.52272
0
0
0
0
0
0
0
0
0
0
-1.48095
-1.72673
-1.72374
-1.29162
0
0
0
0
0
0
0
0
0
0
-1.28091
-1.61952
-1.41767
0
0
0
0
0
0
0
0
0
0
0
-1.12667
-1.51155
-1.16886
0
0
0
0
0
0
0
0
0
0
0
-1.08697
-1.38523
-1.0988
0
0
0
0
0
0
0
0
0
0
0
-1.17901
-1.04762
-1.19156
0
0
0
0
0
0
0
0
0
0
0
-1.18481
0
-1.36347
0
0
0
0
0
0
0
0
0
0
0
-1.04282
0
-1.60015
0
0
0
0
0
0
0
0
0
0
0
-0.794853
0
-1.92361
0
0
0
0
0
0
0
0
0
0
0
0
0
-2.17237
0
0
0
0
0
0
0
0
0
0
0
0
0
-2.35909
-1.69332
0
0
0
0
0
0
0
0
0
0
0
0
-2.16958
-1.79247
0
0
0
0
0
0
0
0
0
0
0
0
-1.84113
0
0
0
0
0
0
0
0
0
0
0
0
0
0
0
0
0
0
0
0
0
0
0
0
0
0
0
0
0
0
0
0
0
0
0
0
0
0
0
0
0
0
0
0
0
0
0
0
0
0
0
0
0
0
0
0
0
0
0
0
0
0
0
0
0
0
0
0
0
0
0
0
0
0
0
0
0
0
0
0
0
0
0
0
0
0
0
0
0
0
0
0
0
0
0
0
0
0
0
0
0
0
0
0
0
0
0
0
0
0
0
0
0
0
0
0
0
0
0
0
0
0
0
0
0
0
0
0
0
0
0
0
0
0
0
0
0
0
0
0
0
0
0
0
0
0
0
0
0
0
0
0
0
0
0
0
0
0
0
0
0
0
0
0
0
0
0
0
0
0
0
0
0
0
0
0
0
0
0
0
0
0
0
0
0
0
0
0
0
0
0
0
0
0
0
0
0
0
0
0
0
0
0
0
0
0
0
0
0
0
0
0
0
0
0
0
0
0
0
0
0
0
0
0
0
0
0
0
0
0
0
0
0
0
0
0
0
0
0
0
0
0
0
0
0
0
0
0
0
0
0
0
0
0
0
0
0
0
0
0
0
0
0
0
0
0
0
0
0
0
0
0
0
0
0
0
0
0
0
0
0
0
0
0
0
0
0
0
0
0
0
0
0
0
0
0
0
0
0
0
0
0
0
0
0
0
-1.71489
-2.01258
0
0
0
0
0
0
0
0
0
0
0
0
-1.9866
-2.17811
0
0
0
0
0
0
0
0
0
0
0
0
-2.19447
-2.20171
0
0
0
0
0
0
0
0
0
0
0
0
-2.15558
-1.87173
0
0
0
0
0
0
0
0
0
0
0
-1.09516
-2.10916
-1.71538
0
0
0
0
0
0
0
0
0
0
-0.880204
-1.20456
-2.03207
-1.74717
0
0
0
0
0
0
0
0
0
0
-0.916176
-1.34643
-1.96504
-1.92803
-1.45432
0
0
0
0
0
0
0
0
0
-0.767768
-1.37789
-1.84348
-1.91905
-1.41094
0
0
0
0
0
0
0
0
0
0
-1.29883
-1.63954
-1.67569
0
0
0
0
0
0
0
0
0
0
0
-1.11153
-1.59386
-1.34515
0
0
0
0
0
0
0
0
0
0
0
-0.999218
-1.55589
0
0
0
0
0
0
0
0
0
0
0
0
-1.0286
-1.51072
0
0
0
0
0
0
0
0
0
0
0
0
-1.14871
-1.18847
0
0
0
0
0
0
0
0
0
0
0
0
-1.16421
0
0
0
0
0
0
0
0
0
0
0
0
0
-1.00282
0
-1.32964
0
0
0
0
0
0
0
0
0
0
0
0
0
-1.65385
0
0
0
0
0
0
0
0
0
0
0
0
0
-1.93158
0
0
0
0
0
0
0
0
0
0
0
0
0
-2.19064
-1.81632
0
0
0
0
0
0
0
0
0
0
0
0
-2.10099
0
0
0
0
0
0
0
0
0
0
0
0
0
-1.84532
0
0
0
0
0
0
0
0
0
0
0
0
0
0
0
0
0
0
0
0
0
0
0
0
0
0
0
0
0
0
0
0
0
0
0
0
0
0
0
0
0
0
0
0
0
0
0
0
0
0
0
0
0
0
0
0
0
0
0
0
0
0
0
0
0
0
0
0
0
0
0
0
0
0
0
0
0
0
0
0
0
0
0
0
0
0
0
0
0
0
0
0
0
0
0
0
0
0
0
0
0
0
0
0
0
0
0
0
0
0
0
0
0
0
0
0
0
0
0
0
0
0
0
0
0
0
0
0
0
0
0
0
0
0
0
0
0
0
0
0
0
0
0
0
0
0
0
0
0
0
0
0
0
0
0
0
0
0
0
0
0
0
0
0
0
0
0
0
0
0
0
0
0
0
0
0
0
0
0
0
0
0
0
0
0
0
0
0
0
0
0
0
0
0
0
0
0
0
0
0
0
0
0
0
0
0
0
0
0
0
0
0
0
0
0
0
0
0
0
0
0
0
0
0
0
0
0
0
0
0
0
0
0
0
0
0
0
0
0
0
0
0
0
0
0
0
0
0
0
0
0
0
0
0
0
0
0
0
0
0
0
0
0
0
0
0
0
0
0
0
0
0
0
0
0
0
0
0
0
0
0
0
0
0
0
0
0
0
0
0
0
0
0
0
0
0
0
0
0
0
0
0
0
0
0
0
0
0
0
0
0
0
0
0
0
0
0
0
0
0
-1.91545
0
0
0
0
0
0
0
0
0
0
0
0
0
-2.03361
-2.15541
0
0
0
0
0
0
0
0
0
0
0
0
-1.84015
-1.84009
0
0
0
0
0
0
0
0
0
0
0
0
-1.70652
-1.67996
0
0
0
0
0
0
0
0
0
0
0
0
-1.61823
-1.70427
0
0
0
0
0
0
0
0
0
0
0
-1.03627
-1.63271
-1.86507
0
0
0
0
0
0
0
0
0
0
0
-1.1033
-1.58894
-1.82829
0
0
0
0
0
0
0
0
0
0
0
-1.04805
-1.45911
-1.55508
0
0
0
0
0
0
0
0
0
0
0
0
-1.52538
0
0
0
0
0
0
0
0
0
0
0
0
0
-1.58684
0
0
0
0
0
0
0
0
0
0
0
0
-1.0034
-1.6312
0
0
0
0
0
0
0
0
0
0
0
0
-1.14918
-1.31897
0
0
0
0
0
0
0
0
0
0
0
0
-1.16371
0
0
0
0
0
0
0
0
0
0
0
0
0
0
0
0
0
0
0
0
0
0
0
0
0
0
0
0
0
0
0
0
0
0
0
0
0
0
0
0
0
0
0
-1.65643
0
0
0
0
0
0
0
0
0
0
0
0
0
-1.97461
0
0
0
0
0
0
0
0
0
0
0
0
0
0
0
0
0
0
0
0
0
0
0
0
0
0
0
0
0
0
0
0
0
0
0
0
0
0
0
0
0
0
0
0
0
0
0
0
0
0
0
0
0
0
0
0
0
0
0
0
0
0
0
0
0
0
0
0
0
0
0
0
0
0
0
0
0
0
0
0
0
0
0
0
0
0
0
0
0
0
0
0
0
0
0
0
0
0
0
0
0
0
0
0
0
0
0
0
0
0
0
0
0
0
0
0
0
0
0
0
0
0
0
0
0
0
0
0
0
0
0
0
0
0
0
0
0
0
0
0
0
0
0
0
0
0
0
0
0
0
0
0
0
0
0
0
0
0
0
0
0
0
0
0
0
0
0
0
0
0
0
0
0
0
0
0
0
0
0
0
0
0
0
0
0
0
0
0
0
0
0
0
0
0
0
0
0
0
0
0
0
0
0
0
0
0
0
0
0
0
0
0
0
0
0
0
0
0
0
0
0
0
0
0
0
0
0
0
0
0
0
0
0
0
0
0
0
0
0
0
0
0
0
0
0
0
0
0
0
0
0
0
0
0
0
0
0
0
0
0
0
0
0
0
0
0
0
0
0
0
0
0
0
0
0
0
0
0
0
0
0
0
0
0
0
0
0
0
0
0
0
0
0
0
0
0
0
0
0
0
0
0
0
0
0
0
0
0
0
0
0
0
0
0
0
0
0
0
0
0
0
0
0
0
0
0
0
0
0
0
0
0
0
0
0
0
0
0
0
0
0
0
0
0
0
0
0
0
0
0
0
0
0
0
0
0
0
0
0
0
0
0
-1.97558
0
0
0
0
0
0
0
0
0
0
0
0
0
-1.75978
0
0
0
0
0
0
0
0
0
0
0
0
0
0
0
0
0
0
0
0
0
0
0
0
0
0
0
0
0
0
0
0
0
0
0
0
0
0
0
0
0
-1.36998
-1.86152
0
0
0
0
0
0
0
0
0
0
0
0
-1.30909
-1.80679
0
0
0
0
0
0
0
0
0
0
0
0
0
0
0
0
0
0
0
0
0
0
0
0
0
0
-1.32165
0
0
0
0
0
0
0
0
0
0
0
0
0
-1.43961
0
0
0
0
0
0
0
0
0
0
0
0
0
-1.53424
0
0
0
0
0
0
0
0
0
0
0
0
0
0
0
0
0
0
0
0
0
0
0
0
0
0
0
0
0
0
0
0
0
0
0
0
0
0
0
0
0
0
0
0
0
0
0
0
0
0
0
0
0
0
0
0
0
0
0
0
0
0
0
0
0
0
0
0
0
0
0
0
0
0
0
0
0
0
0
0
0
0
0
0
0
0
0
0
0
0
0
0
0
0
0
0
0
0
0
0
0
0
0
0
0
0
0
0
0
0
0
0
0
0
0
0
0
0
0
0
0
0
0
0
0
0
0
0
0
0
0
0
0
0
0
0
0
0
0
0
0
0
0
0
0
0
0
0
0
0
0
0
0
0
0
0
0
0
0
0
0
0
0
0
0
0
0
0
0
0
0
0
0
0
0
0
0
0
0
0
0
0
0
0
0
0
0
0
0
0
0
0
0
0
0
0
0
0
0
0
0
0
0
0
0
0
0
0
0
0
0
0
0
0
0
0
0
0
0
0
0
0
0
0
0
0
0
0
0
0
0
0
0
0
0
0
0
0
0
0
0
0
0
0
0
0
0
0
0
0
0
0
0
0
0
0
0
0
0
0
0
0
0
0
0
0
0
0
0
0
0
0
0
0
0
0
0
0
0
0
0
0
0
0
0
0
0
0
0
0
0
0
0
0
0
0
0
0
0
0
0
0
0
0
0
0
0
0
0
0
0
0
0
0
0
0
0
0
0
0
0
0
0
0
0
0
0
0
0
0
0
0
0
0
0
0
0
0
0
0
0
0
0
0
0
0
0
0
0
0
0
0
0
0
0
0
0
0
0
0
0
0
0
0
0
0
0
0
0
0
0
0
0
0
0
0
0
0
0
0
0
0
0
0
0
0
0
0
0
0
0
0
0
0
0
0
0
0
0
0
0
0
0
0
0
0
0
0
0
0
0
0
0
0
0
0
0
0
0
0
0
0
0
0
0
0
0
0
0
0
0
0
0
0
0
0
0
0
0
0
0
0
0
0
0
0
0
0
0
0
0
0
0
0
0
0
0
0
0
0
0
0
0
0
0
0
0
0
0
0
0
0
0
0
0
0
0
0
0
0
0
0
0
0
0
0
0
0
0
0
0
0
0
0
0
0
0
0
0
0
0
0
0
0
0
0
0
0
0
0
0
0
0
0
0
0
0
0
0
0
0
0
0
0
0
0
0
0
0
0
0
0
0
0
0
0
0
0
0
0
0
0
0
0
0
0
0
0
0
0
0
0
0
0
0
0
0
0
0
0
0
0
0
0
0
0
0
0
0
0
0
0
0
-1.61091
0
0
0
0
0
0
0
0
0
0
0
0
0
0
0
0
0
0
0
0
0
0
0
0
0
0
0
0
0
0
0
0
0
0
0
0
0
0
0
0
0
0
0
0
0
0
0
0
0
0
0
0
0
0
0
0
0
0
0
0
0
0
0
0
0
0
0
0
0
0
0
0
0
0
0
0
0
0
0
0
0
0
0
0
0
0
0
0
0
0
0
0
0
0
0
0
0
0
0
0
0
0
0
0
0
0
0
0
0
0
0
0
0
0
0
0
0
0
0
0
0
0
0
0
0
0
0
0
0
0
0
0
0
0
0
0
0
0
0
0
0
0
0
0
0
0
0
0
0
0
0
0
0
0
0
0
0
0
0
0
0
0
0
0
0
0
0
0
0
0
0
0
0
0
0
0
0
0
0
0
0
0
0
0
0
0
0
0
0
0
0
0
0
0
0
0
0
0
0
0
0
0
0
0
0
0
0
0
0
0
0
0
0
0
0
0
0
0
0
0
0
0
0
0
0
0
0
0
0
0
0
0
0
0
0
0
0
0
0
0
0
0
0
0
0
0
0
0
0
0
0
0
0
0
0
0
0
0
0
0
0
0
0
0
0
0
0
0
0
0
0
0
0
0
0
0
0
0
0
0
0
0
0
0
0
0
0
0
0
0
0
0
0
0
0
0
0
0
0
0
0
0
0
0
0
0
0
0
0
0
0
0
0
0
0
0
0
0
0
0
0
0
0
0
0
0
0
0
0
0
0
0
0
0
0
0
0
0
0
0
0
0
0
0
0
0
0
0
0
0
0
0
0
0
0
0
0
0
0
0
0
0
0
0
0
0
0
0
0
0
0
0
0
0
0
0
0
0
0
0
0
0
0
0
0
0
0
0
0
0
0
0
0
0
0
0
0
0
0
0
0
0
0
0
0
0
0
0
0
0
0
0
0
0
0
0
0
0
0
0
0
0
0
0
0
0
0
0
0
0
0
0
0
0
0
0
0
0
0
0
0
0
0
0
0
0
0
0
0
0
0
0
0
0
0
0
0
0
0
0
0
0
0
0
0
0
0
0
0
0
0
0
0
0
0
0
0
0
0
0
0
0
0
0
0
0
0
0
0
0
0
0
0
0
0
0
0
0
0
0
0
0
0
0
0
0
0
0
0
0
0
0
0
0
0
0
0
0
0
0
0
0
0
0
0
0
0
0
0
0
0
0
0
0
0
0
0
0
0
0
0
0
0
0
0
0
0
0
0
0
0
0
0
0
0
0
0
0
0
0
0
0
0
0
0
0
0
0
0
0
0
0
0
0
0
0
0
0
0
0
0
0
0
0
0
0
0
0
0
0
0
0
0
0
0
0
0
0
0
0
0
0
0
0
0
0
0
0
0
0
0
0
0
0
0
0
0
0
0
0
0
0
0
0
0
0
0
0
0
0
0
0
0
0
0
0
0
0
0
0
0
0
0
0
0
0
0
0
0
0
0
0
0
0
0
0
0
0
0
0
0
0
0
0
0
0
0
0
0
0
0
0
0
0
0
0
0
0
0
0
0
0
0
0
0
0
0
0
0
0
0
0
0
0
0
0
0
0
0
0
0
0
0
0
0
0
0
0
0
0
0
0
0
0
0
0
0
0
0
0
0
0
0
0
0
0
0
0
0
0
0
0
0
0
0
0
0
0
0
0
0
0
0
0
0
0
0
0
0
0
0
0
0
0
0
0
0
0
0
0
0
0
0
0
0
0
0
0
0
0
0
0
0
0
0
0
0
0
0
0
0
0
0
0
0
0
0
0
0
0
0
0
0
0
0
0
0
0
0
0
0
0
0
0
0
0
0
0
0
0
0
0
0
0
0
0
0
0
0
0
0
0
0
0
0
0
0
0
0
0
0
0
0
0
0
0
0
0
0
0
0
0
0
0
0
0
