bb
13 3
gl
0 0 0
stb
49.98776	37.48843	39.98776	37.48843	37.48843	28.44768	37.48843	28.44768 49.98776 37.48843 49.98776 37.48843 37.48843 28.44768 37.48843 28.44768
47.94221	35.475873	37.94221	35.475873	35.415533	26.78528	35.415533	26.78528 47.94221 35.475873	    47.94221 35.475873	       35.415533 26.78528 35.415533 26.78528
47.94221	37.4775		37.94221	37.4775		35.475873	26.78528	35.475873	26.78528 47.94221 37.4775	    47.94221 37.4775	       35.475873 26.78528 35.475873 26.78528
54.85222	44.40423	44.85222	44.40423	44.40423	33.87302	44.40423	33.87302 54.85222 44.40423	    54.85222 44.40423	       44.40423	 33.87302 44.40423  33.87302
st
33.07319	30.57319	33.07319	30.57319
30.57319	28.07319	30.57319	28.07319
33.07319	30.57319	33.07319	30.57319
30.57319	28.07319	30.57319	28.07319
wc
36.478443	7.641643	0		34.139443	35.197243	35.992443
36.740643	33.916243	0		0		35.201943	40.770443
64.757543	29.813143	16.568113	29.097343	36.253943	64.099143
37.253543	37.031443	0		0		38.079843	39.125943
36.740643	33.916243	0		35.772543	32.875343	0
37.886543	33.589843	0		0.363443	30.860343	0
62.385843	34.413243	0		8.178543	14.686243	7.479343
37.239243	9.393443	0		0		35.258643	0
64.757543	29.813143	16.568113	0		32.807943	0
34.885843	34.413243	0		5.833043	32.357143	0
62.967543	0		0		34.310243	31.303343	6.924343
38.286743	60.784343	0		0		29.676843	0
37.253543	37.031443	0		35.045643	28.737743	30.216343
37.239243	9.393443	0		0		31.555443	30.555743
65.786743	60.784343	0		27.241943	27.899843	0
36.847443	34.491743	0		3.837943	30.924543	31.151943
wP
8.012043	33.006443	24.888343	0		6.079543	6.079543
7.642143	33.638743	3.722643	4.353943	31.853943	4.353943
33.213043	0		6.037943	36.925143	64.425143	9.425143
7.960043	30.786443	8.246343	0		37.229743	9.729743
0		33.638743	4.488943	33.583843	6.083843	0
0		53.378843	0		9.447643	36.947643	0
0		53.378843	0		8.204343	8.204343	8.204343
0		30.971243	2.382843	0		34.571543	0
60.713043	0		25.878843	37.010743	0		0
31.205943	53.378843	0		0		53.378843	0
90.995343	29.256043	0		35.391543	0		7.891543
31.944743	34.291843	0.163343	0		53.378843	0
0		30.786443	2.073943	0		31.255843	3.755843
0		30.971243	25.878843	8.646343	36.146343	8.646343
0		34.291843	1.912943	34.552543	62.052543	7.052543
0		80.878843	0		10.112743	37.612743	10.112743
bp
13.8214	13.261292	13.40007
0	12.369303	13.048641
13.0696	29.395226	0
0	13.442568	29.180817
14.286292807	13.6051014936	13.3952256036 14.8100101151	13.1808165228	14.2125874238
