26	26	19
 0.2	0.2	0.2
 -2	-7	2
 0
 0
 0
 0
 0
 0
 0
 0
 0
 0
 0
 0
 0
 0
 0
 0
 0
 0
 0
 0
 0
 0
 0
 0
 0
 0
 0
 0
 0
 0
 0
 0
 0
 0
 0
 0
 0
 0
 0
 0
 0
 0
 0
 0
 0
 0
 0
 0
 0
 0
 0
 0
 0
 0
 0
 0
 0
 0
 0
 0
 0
 0
 0
 0
 0
 0
 0
 0
 0
 0
 0
 0
 0
 0
 0
 0
 0
 0
 0
 0
 0
 0
 0
 0
 0
 0
 0
 0
 0
 0
 0
 0
 0
 0
 0
 0
 0
 0
 0
 0
 0
 0
 0
 0
 0
 0
 0
 0
 0
 0
 0
 0
 0
 0
 0
 0
 0
 0
 0
 0
 0
 0
 0
 0
 0
 0
 0
 0
 0
 0
 0
 0
 0
 0
 0
 0
 0
 0
 0
 0
 0
 0
 0
 0
 0
 0
 0
 0
 0
 0
 0
 0
 0
 0
 0
 0
 0
 0
 0
 0
 0
 0
 0
 0
 0
 0
 0
 0
 0
 0
 0
 0
 0
 0
 0
 0
 0
 0
 0
 0
 0
 0
 0
 0
 0
 0
 0
 0
 0
 0
 0
 0
 0
 0
 0
 0
 0
 0
 0
 0
 0
 0
 0
 0
 0
 0
 0
 0
 0
 0
 0
 0
 0
 0
 0
 0
 0
 0
 0
 0
 0
 0
 0
 0
 0
 0
 0
 0
 0
 0
 0
 0
 0
 0
 0
 0
 -0.08998641764218185
 0
 0
 0
 0
 0
 0
 0
 0
 0
 0
 0
 0
 0
 0
 0
 0
 0
 0
 -0.31326937398853794
 0
 0
 0
 0
 0
 0
 0
 0
 0
 0
 0
 0
 0
 0
 0
 0
 0
 0
 0
 0
 0
 0
 0
 0
 0
 0
 0
 0
 0
 0
 0
 0
 0
 0
 0
 0
 0
 0
 0
 0
 0
 0
 0
 0
 0
 0
 0
 0
 0
 0
 0
 0
 0
 0
 0
 0
 0
 0
 0
 0
 0
 0
 0
 0
 0
 0
 0
 0
 0
 0
 0
 0
 0
 0
 0
 0
 0
 0
 0
 0
 0
 0
 0
 0
 0
 0
 0
 0
 0
 0
 0
 0
 0
 0
 0
 0
 0
 0
 0
 0
 0
 0
 0
 0
 0
 0
 0
 0
 0
 0
 0
 0
 0
 0
 0
 0
 0
 0
 0
 0
 0
 0
 0
 0
 0
 0
 0
 0
 0
 0
 0
 0
 0
 0
 0
 0
 0
 0
 0
 0
 0
 0
 0
 0
 0
 0
 0
 0
 0
 0
 0
 0
 0
 0
 0
 0
 0
 0
 0
 0
 0
 0
 0
 0
 0
 0
 0
 0
 0
 0
 0
 0
 0
 0
 0
 0
 0
 0
 0
 0
 0
 0
 0
 0
 0
 0
 0
 0
 0
 0
 0
 0
 0
 0
 0
 0
 0
 0
 0
 0
 0
 0
 0
 0
 0
 0
 0
 0
 0
 0
 0
 0
 0
 0
 0
 0
 0
 0
 0
 0
 0
 0
 0
 0
 0
 0
 0
 0
 0
 0
 0
 0
 0
 0
 0
 0
 0
 0
 0
 0
 0
 0
 0
 0
 0
 0
 0
 0
 0
 0
 0
 0
 0
 0
 0
 0
 0
 0
 0
 0
 0
 0
 0
 0
 0
 0
 0
 0
 0
 0
 0
 0
 0
 0
 0
 0
 0
 0
 0
 0
 0
 0
 0
 0
 0
 0
 0
 0
 0
 0
 0
 0
 0
 0
 0
 0
 0
 0
 0
 0
 0
 0
 0
 0
 0
 0
 0
 0
 0
 0
 0
 0
 0
 0
 0
 0
 0
 -0.17483258809106061
 0
 0
 0
 0
 0
 0
 0
 0
 0
 0
 0
 0
 0
 0
 0
 0
 0
 0
 -0.4238234443538911
 -0.29832390100863115
 0
 0
 0
 0
 0
 0
 0
 0
 0
 0
 0
 0
 0
 0
 0
 0
 0
 -0.1936631055237079
 -0.45194071784236733
 -0.4621570595359561
 0
 0
 0
 0
 0
 0
 0
 0
 0
 0
 0
 0
 0
 0
 0
 0
 0
 -0.5202412004238495
 -1.002184666618171
 -0.06434199822787967
 0
 0
 0
 0
 0
 0
 0
 0
 0
 0
 0
 0
 0
 0
 0
 0
 -0.3696786382405186
 -1.0429494572270324
 -0.3181615063451293
 0
 0
 0
 0
 0
 0
 0
 0
 0
 0
 0
 0
 0
 0
 0
 0
 0
 -0.5027258730270692
 -0.2678235728812126
 0
 0
 0
 0
 0
 0
 0
 0
 0
 0
 0
 0
 0
 0
 0
 0
 0
 0
 0
 0
 0
 0
 0
 0
 0
 0
 0
 0
 0
 0
 0
 0
 0
 0
 0
 0
 0
 0
 -0.031184697657407057
 -0.464049455284572
 0
 0
 0
 0
 0
 0
 0
 0
 0
 0
 0
 0
 0
 0
 0
 0
 0
 -0.4339781916339618
 -1.2968260705701775
 -0.3730254770481949
 0
 0
 0
 0
 0
 0
 0
 0
 0
 0
 0
 0
 0
 0
 0
 0
 -0.5907621270231207
 -1.5181120314853693
 -0.595695702898257
 0
 0
 0
 0
 0
 0
 0
 0
 0
 0
 0
 0
 0
 0
 0
 0
 -0.08337169780000053
 -1.0169354442687997
 -0.0946264412946185
 0
 0
 0
 0
 0
 0
 0
 0
 0
 0
 0
 0
 0
 0
 0
 0
 0
 0
 0
 0
 0
 0
 0
 0
 0
 0
 0
 0
 0
 0
 0
 0
 0
 0
 0
 0
 0
 0
 0
 0
 0
 0
 0
 0
 0
 0
 0
 0
 0
 0
 0
 0
 0
 0
 0
 0
 0
 0
 0
 0
 0
 0
 0
 0
 0
 0
 0
 0
 0
 0
 0
 0
 0
 0
 0
 0
 0
 0
 0
 0
 0
 0
 0
 0
 0
 0
 0
 0
 0
 0
 0
 0
 0
 0
 0
 0
 0
 0
 0
 0
 0
 0
 0
 0
 0
 0
 0
 0
 0
 0
 0
 0
 0
 0
 0
 0
 0
 0
 0
 0
 0
 0
 0
 0
 0
 0
 0
 0
 0
 0
 0
 0
 0
 0
 0
 0
 0
 0
 0
 0
 0
 0
 0
 0
 0
 0
 0
 0
 0
 0
 0
 0
 0
 0
 0
 0
 0
 0
 0
 0
 0
 0
 0
 0
 0
 0
 0
 0
 0
 0
 0
 0
 0
 0
 0
 0
 0
 0
 0
 0
 0
 0
 0
 0
 0
 0
 0
 0
 0
 0
 0
 0
 0
 0
 0
 0
 0
 0
 0
 0
 0
 0
 0
 0
 0
 0
 0
 0
 0
 0
 0
 0
 0
 0
 0
 0
 0
 0
 0
 0
 0
 0
 0
 0
 0
 0
 0
 0
 0
 0
 0
 0
 0
 0
 0
 0
 0
 0
 0
 0
 0
 0
 0
 0
 0
 0
 0
 0
 0
 0
 0
 0
 0
 0
 0
 0
 0
 0
 0
 0
 0
 0
 0
 0
 0
 0
 0
 0
 0
 0
 0
 0
 0
 0
 0
 0
 0
 0
 -0.7805892565972528
 -0.37977666763610074
 0
 0
 0
 0
 0
 0
 0
 0
 0
 0
 0
 0
 0
 0
 0
 0
 -0.38213398001097687
 -1.4908812381823875
 -1.235452287964221
 -0.14057603207383274
 0
 0
 0
 0
 0
 0
 0
 0
 0
 0
 0
 0
 0
 0
 0
 -0.4532628432981465
 -1.7134971041623555
 -1.6394964049148566
 -1.0910629112141006
 0
 0
 0
 0
 0
 0
 0
 0
 0
 0
 0
 0
 0
 0
 0
 -0.0957733849100375
 -1.4709017854008737
 -1.7849122600448553
 -1.859862027124926
 -0.8682452290789033
 0
 0
 0
 0
 0
 0
 0
 0
 0
 0
 0
 0
 0
 0
 0
 -0.8025470340591863
 -1.8255118931317948
 -2.323285951063056
 -1.4342919404939067
 0
 0
 0
 0
 0
 0
 0
 0
 0
 0
 0
 0
 0
 0
 0
 0
 -1.6492923454700161
 -2.3303977782744143
 -1.6653737263195731
 -0.6764624271205468
 0
 0
 0
 0
 0
 0
 0
 0
 0
 0
 0
 0
 0
 0
 0
 -0.9871944844145739
 -1.7819321280155114
 -1.6178050997912061
 -1.1357250189700343
 0
 0
 0
 0
 0
 0
 0
 0
 0
 0
 0
 0
 0
 0
 0
 0
 -0.6964061923788503
 -1.3326974320774472
 -1.208296578617177
 -0.20785229102182612
 0
 0
 0
 0
 0
 0
 0
 0
 0
 0
 0
 0
 0
 0
 0
 0
 -0.6741177725426661
 -1.0799065422485752
 -1.2671153989220292
 -0.3450170416647893
 0
 0
 0
 0
 0
 0
 0
 0
 0
 0
 0
 0
 0
 0
 0
 0
 -1.250647208800686
 -2.063507871324811
 -1.1534392702838057
 0
 0
 0
 0
 0
 0
 0
 0
 0
 0
 0
 0
 0
 0
 0
 0
 -1.3577875824518424
 -2.2803731992523124
 -1.3663827801055035
 0
 0
 0
 0
 0
 0
 0
 0
 0
 0
 0
 0
 0
 0
 0
 0
 -0.8453279061073093
 -1.7786423652429137
 -0.8638747811837524
 0
 0
 0
 0
 0
 0
 0
 0
 0
 0
 0
 0
 0
 0
 0
 0
 0
 -0.4736158256725673
 0
 0
 0
 0
 0
 0
 0
 0
 0
 0
 0
 0
 0
 0
 0
 0
 0
 0
 0
 0
 0
 0
 0
 0
 0
 0
 0
 0
 0
 0
 0
 0
 0
 0
 0
 0
 0
 0
 0
 0
 0
 0
 0
 0
 0
 0
 0
 0
 0
 0
 0
 0
 0
 0
 0
 0
 0
 0
 0
 0
 0
 0
 0
 0
 0
 0
 0
 0
 0
 0
 0
 0
 0
 0
 0
 0
 0
 0
 0
 0
 0
 0
 0
 0
 0
 0
 0
 0
 0
 0
 0
 0
 0
 0
 0
 0
 0
 0
 0
 0
 0
 0
 0
 0
 0
 0
 0
 0
 0
 0
 0
 0
 0
 0
 0
 0
 0
 0
 0
 0
 0
 0
 0
 0
 0
 0
 0
 0
 0
 0
 0
 0
 0
 0
 0
 0
 0
 0
 0
 0
 0
 0
 0
 0
 0
 0
 0
 0
 0
 0
 0
 0
 0
 0
 0
 0
 0
 0
 0
 0
 0
 0
 0
 0
 0
 0
 0
 0
 0
 0
 0
 0
 0
 0
 0
 0
 0
 0
 0
 0
 0
 0
 0
 0
 0
 0
 0
 0
 0
 0
 0
 0
 0
 0
 0
 0
 0
 0
 0
 0
 0
 0
 0
 0
 0
 0
 0
 0
 0
 0
 0
 0
 0
 0
 0
 0
 0
 0
 0
 0
 0
 0
 0
 0
 0
 0
 0
 0
 0
 0
 0
 0
 0
 0
 0
 0
 0
 0
 0
 0
 -0.21742031558820152
 -0.6843291831500764
 -0.007725130168632077
 0
 0
 0
 0
 0
 0
 0
 0
 0
 0
 0
 0
 0
 0
 0
 0
 -1.0916788369812496
 -1.83935230841442
 -1.4151818972678116
 -0.12514583167310533
 0
 0
 0
 0
 0
 0
 0
 0
 0
 0
 0
 0
 0
 0
 0
 -1.485021490458851
 -2.495698854084348
 -2.266778781404807
 -1.3941823847140702
 -0.2110531570885552
 0
 0
 0
 0
 0
 0
 0
 0
 0
 0
 0
 0
 0
 0
 -1.4736036287660443
 -2.6866361702475077
 -2.6736087118721015
 -2.288562511312845
 -1.2559429963119078
 0
 0
 0
 0
 0
 0
 0
 0
 0
 0
 0
 0
 0
 0
 -1.062683319396009
 -2.4281288780337844
 -2.8087589044803396
 -2.9517632572978645
 -2.0139871706242065
 -0.36774084233661775
 0
 0
 0
 0
 0
 0
 0
 0
 0
 0
 0
 0
 0
 -0.1890005733867337
 -1.753861729859664
 -2.816743736507018
 -3.333473810357755
 -2.5017193917346736
 -1.1996846148798888
 0
 0
 0
 0
 0
 0
 0
 0
 0
 0
 0
 0
 0
 0
 -0.8070541491655376
 -2.6088636480041334
 -3.3000854559813924
 -2.706622068461643
 -1.8622889676109242
 -0.39757537689347977
 0
 0
 0
 0
 0
 0
 0
 0
 0
 0
 0
 0
 0
 0
 -1.9296397641084404
 -2.7409740647419873
 -2.6603695151117552
 -2.2440104614500624
 -0.7490070799128592
 0
 0
 0
 0
 0
 0
 0
 0
 0
 0
 0
 0
 0
 0
 -0.5720223049692041
 -1.669343382426522
 -2.3692183233358133
 -2.2300451576117464
 -1.0336867032326102
 -0.10707042189821969
 0
 0
 0
 0
 0
 0
 0
 0
 0
 0
 0
 0
 0
 0
 -0.3136045804360492
 -1.6743586602606149
 -1.8715985266788584
 -1.7114466973129767
 -0.8679863466124234
 0
 0
 0
 0
 0
 0
 0
 0
 0
 0
 0
 0
 0
 0
 0
 -0.5088942725822356
 -1.7050503008472884
 -2.4172955494418877
 -1.5531896705947617
 0
 0
 0
 0
 0
 0
 0
 0
 0
 0
 0
 0
 0
 0
 0
 0
 -1.7097914391812106
 -2.622265046250093
 -1.735829132777222
 0
 0
 0
 0
 0
 0
 0
 0
 0
 0
 0
 0
 0
 0
 0
 0
 -1.1859906092298784
 -2.118937730053503
 -1.228607667617319
 0
 0
 0
 0
 0
 0
 0
 0
 0
 0
 0
 0
 0
 0
 0
 0
 0
 -0.8136345782034455
 0
 0
 0
 0
 0
 0
 0
 0
 0
 0
 0
 0
 0
 0
 0
 0
 0
 0
 0
 0
 0
 0
 0
 0
 0
 0
 0
 0
 0
 0
 0
 0
 0
 0
 0
 0
 0
 0
 0
 0
 0
 0
 0
 0
 0
 0
 0
 0
 0
 0
 0
 0
 0
 0
 0
 0
 0
 0
 0
 0
 0
 0
 0
 0
 0
 0
 0
 0
 0
 0
 0
 0
 0
 0
 0
 0
 0
 0
 0
 0
 0
 0
 0
 0
 0
 0
 0
 0
 0
 0
 0
 0
 0
 0
 0
 0
 0
 0
 0
 0
 0
 0
 0
 0
 0
 0
 0
 0
 0
 0
 0
 0
 0
 0
 0
 0
 0
 0
 0
 0
 0
 0
 0
 0
 0
 0
 0
 0
 0
 0
 0
 0
 0
 0
 0
 0
 0
 0
 0
 0
 0
 0
 0
 0
 0
 0
 0
 0
 0
 0
 0
 0
 0
 0
 0
 0
 0
 0
 0
 0
 0
 0
 0
 0
 0
 0
 0
 0
 0
 0
 0
 0
 0
 0
 0
 0
 0
 0
 0
 0
 0
 0
 0
 0
 0
 0
 0
 0
 0
 0
 0
 0
 0
 0
 0
 0
 0
 0
 0
 0
 0
 0
 0
 0
 0
 0
 0
 0
 0
 0
 0
 0
 0
 0
 0
 0
 0
 0
 0
 0
 0
 0
 0
 0
 0
 0
 0
 0
 0
 0
 0
 0
 0
 0
 0
 0
 0
 0
 0
 0
 -1.383299717232072
 -1.5943683473471406
 -0.8628677228785024
 0
 0
 0
 0
 0
 0
 0
 0
 0
 0
 0
 0
 0
 0
 0
 -0.5449253882736391
 -2.1418278801393473
 -2.61287083565404
 -2.222367884878575
 -1.3350527974487187
 -0.08813734561226916
 0
 0
 0
 0
 0
 0
 0
 0
 0
 0
 0
 0
 0
 -0.5452605259911749
 -2.3680037671911274
 -3.147471086892984
 -3.042885611734195
 -2.55107735533481
 -1.5359185709919023
 0
 0
 0
 0
 0
 0
 0
 0
 0
 0
 0
 0
 0
 0
 -2.164189891842587
 -3.2459175408137346
 -3.423862903610165
 -3.3344971103034338
 -2.4878863233329476
 -1.1046983295430541
 0
 0
 0
 0
 0
 0
 0
 0
 0
 0
 0
 0
 0
 -1.5886779788321004
 -2.9261170426830976
 -3.502959490526865
 -3.801888930028042
 -3.0770243772648547
 -2.029236623700765
 -0.8228980588825232
 0
 0
 0
 0
 0
 0
 0
 0
 0
 0
 0
 0
 -0.6205788033217656
 -2.218385530211534
 -3.4055446278980215
 -3.987899243439964
 -3.394052637994661
 -2.665430668947616
 -1.6891737912347597
 -0.31011730642482505
 0
 0
 0
 0
 0
 0
 0
 0
 0
 0
 0
 0
 -1.2493155799634286
 -3.0931241106585157
 -3.828778433087807
 -3.4938423154902205
 -3.0646359860462224
 -2.1913839001150617
 -1.189677142416996
 0
 0
 0
 0
 0
 0
 0
 0
 0
 0
 0
 0
 -0.13202992967008775
 -2.350396340949829
 -3.2246689038811542
 -3.4001669290012018
 -3.210527053840762
 -2.356791245187469
 -1.68344447749765
 -0.4926607544624879
 0
 0
 0
 0
 0
 0
 0
 0
 0
 0
 0
 0
 -0.9661369526847645
 -2.18399859972401
 -3.064191265245591
 -3.013377401583436
 -2.2097360048210657
 -1.8186152933831865
 -0.9513816651690066
 0
 0
 0
 0
 0
 0
 0
 0
 0
 0
 0
 0
 0
 -0.8911528762816561
 -2.3081178426614537
 -2.397738674371846
 -2.0135557436433915
 -1.7938283539268696
 -1.2441637810828903
 0
 0
 0
 0
 0
 0
 0
 0
 0
 0
 0
 0
 0
 0
 -0.9866161964896545
 -1.6992828033936602
 -2.2139842024333465
 -1.8576767631106463
 -1.413884568501362
 -0.5101540604600636
 0
 0
 0
 0
 0
 0
 0
 0
 0
 0
 0
 0
 0
 0
 -1.4190110233256288
 -2.31711655446908
 -1.7668971353923872
 -1.3758671740974364
 -0.8858177835436569
 0
 0
 0
 0
 0
 0
 0
 0
 0
 0
 0
 0
 0
 0
 -0.855646260029002
 -1.794901905737837
 -1.1908881651923808
 -1.1279495746697021
 -1.021481116535723
 0
 0
 0
 0
 0
 0
 0
 0
 0
 0
 0
 0
 0
 0
 0
 -0.48489413550249516
 -0.027719525188697247
 -0.6660644067292214
 -1.0172137522218891
 -0.02878040074852173
 0
 0
 0
 0
 0
 0
 0
 0
 0
 0
 0
 0
 0
 0
 0
 0
 -0.10576471613974014
 -0.9118821528722627
 -0.1463242470998285
 0
 0
 0
 0
 0
 0
 0
 0
 0
 0
 0
 0
 0
 0
 0
 0
 0
 -0.3497900198956323
 0
 0
 0
 0
 0
 0
 0
 0
 0
 0
 0
 0
 0
 0
 0
 0
 0
 0
 0
 0
 0
 0
 0
 0
 0
 0
 0
 0
 0
 0
 0
 0
 0
 0
 0
 0
 0
 0
 0
 0
 0
 0
 0
 0
 0
 0
 0
 0
 0
 0
 0
 0
 0
 0
 0
 0
 0
 0
 0
 0
 0
 0
 0
 0
 0
 0
 0
 0
 0
 0
 0
 0
 0
 0
 0
 0
 0
 0
 0
 0
 0
 0
 0
 0
 0
 0
 0
 0
 0
 0
 0
 0
 0
 0
 0
 0
 0
 0
 0
 0
 0
 0
 0
 0
 0
 0
 0
 0
 0
 0
 0
 0
 0
 0
 0
 0
 0
 0
 0
 0
 0
 0
 0
 0
 0
 0
 0
 0
 0
 0
 0
 0
 0
 0
 0
 0
 0
 0
 0
 0
 0
 0
 0
 0
 0
 0
 0
 0
 0
 0
 0
 0
 0
 0
 0
 0
 0
 0
 0
 0
 0
 0
 0
 0
 0
 0
 0
 0
 0
 0
 0
 0
 0
 0
 0
 0
 0
 0
 0
 0
 -0.6101699673276118
 -0.48073519319893343
 0
 0
 0
 0
 0
 0
 0
 0
 0
 0
 0
 0
 0
 0
 0
 0
 -0.8435030989932342
 -2.0093998454167545
 -2.0409708085550555
 -1.4621368963301
 -0.5854923821156568
 0
 0
 0
 0
 0
 0
 0
 0
 0
 0
 0
 0
 0
 0
 -1.4745368286862028
 -2.7178675761226376
 -3.0011087152710942
 -2.7970837400030337
 -2.185902640806286
 -1.0161858406217839
 0
 0
 0
 0
 0
 0
 0
 0
 0
 0
 0
 0
 0
 -1.4589943279316433
 -2.850605052647465
 -3.454265096103768
 -3.563499590938094
 -3.271400136179718
 -2.381575002153233
 -1.0356075298742944
 0
 0
 0
 0
 0
 0
 0
 0
 0
 0
 0
 0
 -0.8186241271948109
 -2.494305098606012
 -3.456163378255959
 -3.869882888937564
 -3.9399659122153388
 -3.3021286006971637
 -2.3627016953441125
 -1.073073472622914
 0
 0
 0
 0
 0
 0
 0
 0
 0
 0
 0
 0
 -1.7227967470082577
 -3.0381577923273175
 -3.842996011301432
 -4.266499274890053
 -3.8384728278220637
 -3.262319629847142
 -2.2900925071272304
 -0.7099431424373055
 0
 0
 0
 0
 0
 0
 0
 0
 0
 0
 0
 -0.5884993054804903
 -2.249526921354728
 -3.599052741275905
 -4.281630020177854
 -4.054564261162064
 -3.787545055601395
 -3.0839211389191963
 -1.8766184714682081
 -0.23862185103137357
 0
 0
 0
 0
 0
 0
 0
 0
 0
 0
 0
 -1.2195755826404966
 -3.1321351564186832
 -3.9660015198783336
 -4.021424133811279
 -3.992534770417535
 -3.5186219052916226
 -2.716748787253377
 -1.424359926560241
 0
 0
 0
 0
 0
 0
 0
 0
 0
 0
 0
 -0.034030331230480826
 -2.2740282317130474
 -3.275451402865621
 -3.795296313682625
 -3.9076658037669594
 -3.6175675864508046
 -3.1937589304691354
 -2.1957952560820804
 -0.28047382172280244
 0
 0
 0
 0
 0
 0
 0
 0
 0
 0
 0
 -0.8305083244479965
 -2.24332970748487
 -3.340554841448519
 -3.5041562428625808
 -3.3623923414437256
 -3.2997926228470185
 -2.6357632964262177
 -1.1032029223257664
 0
 0
 0
 0
 0
 0
 0
 0
 0
 0
 0
 0
 -0.9921930500686367
 -2.489718136818544
 -2.6916276814280353
 -2.76503118357006
 -3.1228042585924367
 -2.875403091870674
 -1.7972060907579195
 -0.0632274363044818
 0
 0
 0
 0
 0
 0
 0
 0
 0
 0
 0
 0
 -1.0652194604345242
 -1.5668733287540944
 -2.1663268082336993
 -2.8389520823614776
 -2.9685867132559585
 -2.313644884515197
 -0.8269586862945442
 0
 0
 0
 0
 0
 0
 0
 0
 0
 0
 0
 0
 0
 -0.8068219826169578
 -1.8193074906723625
 -2.383569480431624
 -2.841111111187689
 -2.5636346673712485
 -1.217433323414637
 0
 0
 0
 0
 0
 0
 0
 0
 0
 0
 0
 0
 0
 -0.1292371887757806
 -1.1510509959029118
 -1.6096036227759871
 -2.490251290128649
 -2.531563634450184
 -1.3306471734620775
 0
 0
 0
 0
 0
 0
 0
 0
 0
 0
 0
 0
 0
 0
 0
 -0.5451260262301902
 -1.9405493367328885
 -2.349542133870533
 -1.4031723497152022
 0
 0
 0
 0
 0
 0
 0
 0
 0
 0
 0
 0
 0
 0
 0
 0
 -1.3168655424137192
 -2.132526170505052
 -1.384227213984821
 0
 0
 0
 0
 0
 0
 0
 0
 0
 0
 0
 0
 0
 0
 0
 0
 -0.5348503905587068
 -1.5344280735342304
 -0.8464386457652617
 0
 0
 0
 0
 0
 0
 0
 0
 0
 0
 0
 0
 0
 0
 0
 0
 0
 -0.2162361847274603
 0
 0
 0
 0
 0
 0
 0
 0
 0
 0
 0
 0
 0
 0
 0
 0
 0
 0
 0
 0
 0
 0
 0
 0
 0
 0
 0
 0
 0
 0
 0
 0
 0
 0
 0
 0
 0
 0
 0
 0
 0
 0
 0
 0
 0
 0
 0
 0
 0
 0
 0
 0
 0
 0
 0
 0
 0
 0
 0
 0
 0
 0
 0
 0
 0
 0
 0
 0
 0
 0
 0
 0
 0
 0
 0
 0
 0
 0
 0
 0
 0
 0
 0
 0
 0
 0
 0
 0
 0
 0
 0
 0
 0
 0
 0
 0
 0
 0
 0
 0
 0
 0
 0
 0
 0
 0
 0
 0
 0
 0
 0
 0
 0
 0
 0
 0
 0
 0
 0
 0
 0
 0
 0
 0
 0
 0
 0
 0
 0
 0
 0
 0
 0
 0
 0
 0
 0
 0
 0
 0
 0
 0
 0
 0
 0
 0
 0
 0
 0
 0
 0
 0
 0
 0
 0
 0
 0
 0
 0
 0
 0
 -0.8063728004442865
 -0.5544399590538927
 0
 0
 0
 0
 0
 0
 0
 0
 0
 0
 0
 0
 0
 0
 0
 0
 -1.2373347223875042
 -2.199200829695717
 -2.132293286013712
 -1.867120576826264
 -1.3996161166615222
 -0.1729375606418806
 0
 0
 0
 0
 0
 0
 0
 0
 0
 0
 0
 0
 0
 -1.8664423110447936
 -2.892223512904942
 -3.1025888108590847
 -3.1825392130692354
 -2.816818164874637
 -1.743061740540786
 -0.1004005450024561
 0
 0
 0
 0
 0
 0
 0
 0
 0
 0
 0
 0
 -1.8462528525094335
 -2.9894109498715293
 -3.5404059642815326
 -3.897844000185141
 -3.729923783355872
 -2.9339227189360884
 -1.8290250213741226
 -0.44754000409603023
 0
 0
 0
 0
 0
 0
 0
 0
 0
 0
 0
 -1.1933483406324923
 -2.5567003035595723
 -3.492070351319142
 -4.121403650811314
 -4.254434434109641
 -3.7914506447737786
 -3.1574752317329455
 -2.1156553409082735
 -0.5147089221232353
 0
 0
 0
 0
 0
 0
 0
 0
 0
 0
 0
 -1.6432078841457631
 -2.987077464640948
 -3.974026895368455
 -4.4619947084588425
 -4.310765957221272
 -4.037887558504107
 -3.267710591593997
 -1.9193966427184606
 -0.0832809478471539
 0
 0
 0
 0
 0
 0
 0
 0
 0
 0
 -0.32355857701656987
 -2.0885320708294968
 -3.57448482612702
 -4.362362221277111
 -4.492929149509651
 -4.506187964767926
 -4.002879827870987
 -2.99360455914651
 -1.5443790182253938
 0
 0
 0
 0
 0
 0
 0
 0
 0
 0
 0
 -0.9488073182440413
 -2.9358993936679925
 -3.9240735402073383
 -4.36770347047902
 -4.610037646433641
 -4.389556155728041
 -3.7757179662852387
 -2.676439731051902
 -0.7207308854988854
 0
 0
 0
 0
 0
 0
 0
 0
 0
 0
 0
 -1.920340938327362
 -3.131330695319013
 -3.9882139393248464
 -4.383998647825313
 -4.453054374499861
 -4.233682396861792
 -3.4384219381187835
 -1.7852034913969517
 0
 0
 0
 0
 0
 0
 0
 0
 0
 0
 0
 -0.37435558613581144
 -2.05414710824094
 -3.3607725398626993
 -3.8235782811148127
 -4.171982895820274
 -4.345981987960866
 -3.878638114772987
 -2.622463429620515
 -0.7414664115197942
 0
 0
 0
 0
 0
 0
 0
 0
 0
 0
 0
 -0.7770510717163059
 -2.3699929904583925
 -2.8641448369510245
 -3.5163024493763135
 -4.168068911476818
 -4.096803092506421
 -3.281315204734913
 -1.7785598128883526
 0
 0
 0
 0
 0
 0
 0
 0
 0
 0
 0
 0
 -0.8411792940846858
 -1.4899212178019425
 -2.6256105983982474
 -3.82469098595893
 -4.141507954896413
 -3.7139424567051424
 -2.4281508090616803
 -0.07729912278766093
 0
 0
 0
 0
 0
 0
 0
 0
 0
 0
 0
 0
 -0.14656477812245683
 -1.7355375873030061
 -3.252212541891037
 -3.9424886683162246
 -3.8470906895325463
 -2.700679200351905
 -0.41592504720871126
 0
 0
 0
 0
 0
 0
 0
 0
 0
 0
 0
 0
 0
 -0.6204999779899625
 -2.341570457826805
 -3.4733239261694875
 -3.662030365789681
 -2.6560111705553213
 -0.5161287828712329
 0
 0
 0
 0
 0
 0
 0
 0
 0
 0
 0
 0
 0
 0
 -1.192535234273672
 -2.779135393734717
 -3.2755097576680168
 -2.475402925367444
 -0.5430655145877239
 0
 0
 0
 0
 0
 0
 0
 0
 0
 0
 0
 0
 0
 0
 0
 -2.0225774869410014
 -2.8708214954543
 -2.241137540354149
 -0.4539128425891743
 0
 0
 0
 0
 0
 0
 0
 0
 0
 0
 0
 0
 0
 0
 0
 -1.1671904379807074
 -2.1900525511883213
 -1.616516688098053
 0
 0
 0
 0
 0
 0
 0
 0
 0
 0
 0
 0
 0
 0
 0
 0
 0
 -0.8480183741628409
 -0.3032753803866495
 0
 0
 0
 0
 0
 0
 0
 0
 0
 0
 0
 0
 0
 0
 0
 0
 0
 0
 0
 0
 0
 0
 0
 0
 0
 0
 0
 0
 0
 0
 0
 0
 0
 0
 0
 0
 0
 0
 0
 0
 0
 0
 0
 0
 0
 0
 0
 0
 0
 0
 0
 0
 0
 0
 0
 0
 0
 0
 0
 0
 0
 0
 0
 0
 0
 0
 0
 0
 0
 0
 0
 0
 0
 0
 0
 0
 0
 0
 0
 0
 0
 0
 0
 0
 0
 0
 0
 0
 0
 0
 0
 0
 0
 0
 0
 0
 0
 0
 0
 0
 0
 0
 0
 0
 0
 0
 0
 0
 0
 0
 0
 0
 0
 0
 0
 0
 0
 0
 0
 0
 0
 0
 0
 0
 0
 0
 0
 0
 0
 0
 0
 0
 0
 0
 0
 0
 0
 0
 0
 0
 0
 0
 0
 0
 0
 0
 0
 0
 0
 0
 0
 0
 0
 0
 0
 0
 0
 0
 0
 0
 -0.6352309239976819
 -0.32917896518861767
 -0.24092306833044042
 -0.20891338988085195
 0
 0
 0
 0
 0
 0
 0
 0
 0
 0
 0
 0
 0
 0
 -1.2104621825927095
 -2.028071892246344
 -1.9477646698498194
 -2.137684468879552
 -2.048510314793882
 -0.9954403076316378
 0
 0
 0
 0
 0
 0
 0
 0
 0
 0
 0
 0
 0
 -1.8388914315948588
 -2.7193750145664675
 -2.959683009486106
 -3.397539374087546
 -3.305582418807524
 -2.3570659676557115
 -0.7431361837143085
 0
 0
 0
 0
 0
 0
 0
 0
 0
 0
 0
 0
 -1.8170295368606144
 -2.8081448502504074
 -3.4222296367636167
 -4.061746208147752
 -4.053255319506548
 -3.334515197293044
 -2.3248516478329586
 -1.1840704099304222
 0
 0
 0
 0
 0
 0
 0
 0
 0
 0
 0
 -1.1594896482927535
 -2.348448860114094
 -3.372803314255221
 -4.217582549518464
 -4.408505378615082
 -4.056305896320819
 -3.5988357587514344
 -2.806991598239313
 -1.517175921994034
 0
 0
 0
 0
 0
 0
 0
 0
 0
 0
 0
 -1.3638806340351346
 -2.831275543216088
 -3.9617277841957197
 -4.470141453129739
 -4.523188944541852
 -4.448464404029409
 -3.9102488609536232
 -2.84464820489356
 -1.2377704488263257
 0
 0
 0
 0
 0
 0
 0
 0
 0
 0
 0
 -1.8457800814088463
 -3.4028410456034104
 -4.265875192304027
 -4.679904085278988
 -4.880297363170971
 -4.5949569689008705
 -3.826691504599122
 -2.58324435444327
 -0.5957736358374417
 0
 0
 0
 0
 0
 0
 0
 0
 0
 0
 -0.5562160670300358
 -2.5761872617042822
 -3.745132061309965
 -4.499113357985286
 -4.931613230032408
 -4.935184512374653
 -4.537893858042638
 -3.645706478396751
 -1.9329830849067573
 0
 0
 0
 0
 0
 0
 0
 0
 0
 0
 0
 -1.3663089842664196
 -2.867033744284912
 -3.9978709864799615
 -4.632308000809823
 -4.965931447527705
 -4.968403391017469
 -4.387049753999177
 -2.98363380139073
 -0.7825229655537012
 0
 0
 0
 0
 0
 0
 0
 0
 0
 0
 0
 -1.6907478242293736
 -3.190001747837001
 -3.9802174429531547
 -4.6753058402874155
 -5.08780255655883
 -4.825344671215184
 -3.8155278936724155
 -2.1302227474680038
 0
 0
 0
 0
 0
 0
 0
 0
 0
 0
 0
 -0.2911072019331833
 -2.015719763647011
 -2.933235434174131
 -4.034735519310864
 -4.91954943574191
 -5.025507266663595
 -4.440373171671231
 -3.1112323788369753
 -0.8793707214882209
 0
 0
 0
 0
 0
 0
 0
 0
 0
 0
 0
 -0.3501347309522753
 -1.4869489922137191
 -3.1343223505437017
 -4.549435315845969
 -5.026078242516557
 -4.811642573441469
 -3.710534740186148
 -1.5821781101500125
 0
 0
 0
 0
 0
 0
 0
 0
 0
 0
 0
 0
 0
 -2.091235819326604
 -3.9278014082500654
 -4.77313649771761
 -4.873068867821012
 -3.9464972903012905
 -1.9699043005835941
 0
 0
 0
 0
 0
 0
 0
 0
 0
 0
 0
 0
 0
 -0.6832080981416855
 -2.9584266554471803
 -4.229708311285726
 -4.60666928130723
 -3.872139714980343
 -2.148090787597609
 0
 0
 0
 0
 0
 0
 0
 0
 0
 0
 0
 0
 0
 0
 -1.7262627172262306
 -3.427927843555236
 -4.086951462127341
 -3.601359183397191
 -2.2055769749160854
 -0.2587445040335883
 0
 0
 0
 0
 0
 0
 0
 0
 0
 0
 0
 0
 0
 -0.36446652294190507
 -2.521799913953937
 -3.4837195572884445
 -3.2062420602227713
 -2.090910303835611
 -0.5932444810328237
 0
 0
 0
 0
 0
 0
 0
 0
 0
 0
 0
 0
 0
 0
 -1.5459873516070752
 -2.6731247305387678
 -2.4878881125164787
 -1.6242406261633429
 -0.5327646738812541
 0
 0
 0
 0
 0
 0
 0
 0
 0
 0
 0
 0
 0
 0
 -0.11531177020273198
 -1.3009369811269949
 -1.2286982342039714
 -0.7306979471100767
 0
 0
 0
 0
 0
 0
 0
 0
 0
 0
 0
 0
 0
 0
 0
 0
 0
 0
 0
 0
 0
 0
 0
 0
 0
 0
 0
 0
 0
 0
 0
 0
 0
 0
 0
 0
 0
 0
 0
 0
 0
 0
 0
 0
 0
 0
 0
 0
 0
 0
 0
 0
 0
 0
 0
 0
 0
 0
 0
 0
 0
 0
 0
 0
 0
 0
 0
 0
 0
 0
 0
 0
 0
 0
 0
 0
 0
 0
 0
 0
 0
 0
 0
 0
 0
 0
 0
 0
 0
 0
 0
 0
 0
 0
 0
 0
 0
 0
 0
 0
 0
 0
 0
 0
 0
 0
 0
 0
 0
 0
 0
 0
 0
 0
 0
 0
 0
 0
 0
 0
 0
 0
 0
 0
 0
 0
 0
 0
 0
 0
 0
 0
 0
 0
 0
 0
 0
 0
 0
 0
 0
 0
 0
 0
 0
 0
 0
 0
 0
 0
 0
 0
 0
 0
 0
 0
 0
 0
 0
 -0.0339547257734889
 0
 -0.5929425600173888
 -0.7747706298313428
 0
 0
 0
 0
 0
 0
 0
 0
 0
 0
 0
 0
 0
 0
 -0.7156333583978842
 -1.4311333421806474
 -1.5498316901340017
 -2.326620952453238
 -2.4962011822978463
 -1.5560173760804679
 0
 0
 0
 0
 0
 0
 0
 0
 0
 0
 0
 0
 0
 -1.3438997140717035
 -2.131154980121549
 -2.5942972420928596
 -3.4731437949364725
 -3.6366176360756484
 -2.8079991931354407
 -1.2346025663142353
 0
 0
 0
 0
 0
 0
 0
 0
 0
 0
 0
 0
 -1.321611576326931
 -2.2339990647566914
 -3.094488260502076
 -4.070174601583584
 -4.258786177910995
 -3.6154437639257626
 -2.6320243777881203
 -1.7228276355500922
 -0.5445353122129619
 0
 0
 0
 0
 0
 0
 0
 0
 0
 0
 -0.6628214675949975
 -1.7953123675411486
 -3.0860737848955964
 -4.173241722625792
 -4.4552501583133095
 -4.153785835983139
 -3.791821483950188
 -3.2897633098040933
 -2.3036853341191454
 -0.6058330788833022
 0
 0
 0
 0
 0
 0
 0
 0
 0
 0
 -0.8386061169782764
 -2.5835139071573456
 -3.837855868178284
 -4.336408106992253
 -4.5032821769347295
 -4.584120884323654
 -4.347521435141989
 -3.577620706066795
 -2.1807818870104727
 -0.04695208353160396
 0
 0
 0
 0
 0
 0
 0
 0
 0
 0
 -1.601419150240556
 -3.1321104570194915
 -3.9928851892362545
 -4.607228024840849
 -4.980315888829197
 -4.9842344199986455
 -4.48405250311927
 -3.4373670860510392
 -1.6425887774218522
 0
 0
 0
 0
 0
 0
 0
 0
 0
 0
 -0.19447383188367873
 -2.110367032109127
 -3.40859245608618
 -4.384541295026579
 -5.001390421037385
 -5.274569778670746
 -5.1243916663448665
 -4.433723448860874
 -2.927951603009454
 -0.3841012165865454
 0
 0
 0
 0
 0
 0
 0
 0
 0
 0
 -0.7230848454786409
 -2.489210508817445
 -3.803400669536252
 -4.669544364939891
 -5.267422657431155
 -5.521513304520363
 -5.149448319848662
 -3.959080832890643
 -1.9357863453544368
 0
 0
 0
 0
 0
 0
 0
 0
 0
 0
 0
 -1.1954278662230777
 -2.8514803375350057
 -3.97782136412149
 -4.970774650279285
 -5.6447124002339635
 -5.582215483446797
 -4.777162379094408
 -3.2414461866453905
 -1.0089777484937335
 0
 0
 0
 0
 0
 0
 0
 0
 0
 0
 0
 -1.483109924433398
 -2.9002037895126103
 -4.362861553045856
 -5.483832567550106
 -5.76649483146064
 -5.376501901910442
 -4.204178240848985
 -2.1470491304249357
 0
 0
 0
 0
 0
 0
 0
 0
 0
 0
 0
 0
 -1.4843245241504883
 -3.493334927378343
 -5.0850638055937
 -5.730499796555976
 -5.715831618776324
 -4.808128169119071
 -2.922480442750506
 -0.0500059782148341
 0
 0
 0
 0
 0
 0
 0
 0
 0
 0
 0
 0
 -2.412055125630001
 -4.4191935049301625
 -5.4411372320682645
 -5.752125882138342
 -5.070979488604178
 -3.3972995345901866
 -0.8063743383429447
 0
 0
 0
 0
 0
 0
 0
 0
 0
 0
 0
 0
 -0.9264661798209977
 -3.42029802693376
 -4.866240124694594
 -5.468077493688746
 -5.032904930954583
 -3.637845240025629
 -1.4180741494845224
 0
 0
 0
 0
 0
 0
 0
 0
 0
 0
 0
 0
 0
 -2.152105248453946
 -4.013094663758937
 -4.897827109394752
 -4.759200734932774
 -3.697004284654465
 -1.9021294858584206
 0
 0
 0
 0
 0
 0
 0
 0
 0
 0
 0
 0
 0
 -0.7142986621038627
 -2.9783225175959194
 -4.152411643163552
 -4.292404241963472
 -3.5482783407671956
 -2.1576321503756795
 0
 0
 0
 0
 0
 0
 0
 0
 0
 0
 0
 0
 0
 0
 -1.8461244337996447
 -3.208895379773108
 -3.5291838888491025
 -3.0770475400831714
 -2.0426234861960504
 0
 0
 0
 0
 0
 0
 0
 0
 0
 0
 0
 0
 0
 0
 -0.35857657155092504
 -1.8425533401335024
 -2.375160634020534
 -2.252790142358208
 -1.4732537847088407
 0
 0
 0
 0
 0
 0
 0
 0
 0
 0
 0
 0
 0
 0
 0
 -0.04713035114912145
 -0.9667422923221975
 -1.1126846504441046
 -0.40199719581507587
 0
 0
 0
 0
 0
 0
 0
 0
 0
 0
 0
 0
 0
 0
 0
 0
 0
 0
 0
 0
 0
 0
 0
 0
 0
 0
 0
 0
 0
 0
 0
 0
 0
 0
 0
 0
 0
 0
 0
 0
 0
 0
 0
 0
 0
 0
 0
 0
 0
 0
 0
 0
 0
 0
 0
 0
 0
 0
 0
 0
 0
 0
 0
 0
 0
 0
 0
 0
 0
 0
 0
 0
 0
 0
 0
 0
 0
 0
 0
 0
 0
 0
 0
 0
 0
 0
 0
 0
 0
 0
 0
 0
 0
 0
 0
 0
 0
 0
 0
 0
 0
 0
 0
 0
 0
 0
 0
 0
 0
 0
 0
 0
 0
 0
 0
 0
 0
 0
 0
 0
 0
 0
 0
 0
 0
 0
 0
 0
 0
 0
 0
 0
 0
 0
 0
 0
 0
 0
 0
 0
 0
 -0.9465950289426726
 -1.0812068590475512
 -0.0381957174518881
 0
 0
 0
 0
 0
 0
 0
 0
 0
 0
 0
 0
 0
 0
 -0.30242349257346746
 -1.233002154908779
 -2.4722591918984556
 -2.7060869743487093
 -1.8281528298357737
 -0.027142755026039467
 0
 0
 0
 0
 0
 0
 0
 0
 0
 0
 0
 0
 -0.18741968611921855
 -1.0166100977751205
 -2.165853515311551
 -3.4451934225781207
 -3.758991060227828
 -3.040143933504252
 -1.601257862155241
 -0.2022869736199322
 0
 0
 0
 0
 0
 0
 0
 0
 0
 0
 0
 -0.16540002132921394
 -1.1579186880275163
 -2.620780837543667
 -3.9351144256375408
 -4.298929995204437
 -3.754880822329288
 -2.8336710688014453
 -2.1658707664572283
 -1.2030761267738663
 0
 0
 0
 0
 0
 0
 0
 0
 0
 0
 0
 -0.8035176929475041
 -2.638901084862546
 -3.984185493098445
 -4.386556723474018
 -4.118985609248911
 -3.8150016637863144
 -3.645835043019006
 -2.9249928365265205
 -1.4184800834357336
 0
 0
 0
 0
 0
 0
 0
 0
 0
 0
 -0.010111939430306194
 -2.219834508436775
 -3.6054334119308464
 -4.0959290787890845
 -4.271375918706237
 -4.496822867512057
 -4.651985828812979
 -4.160940824109749
 -2.9474595492783964
 -0.9470471234390283
 0
 0
 0
 0
 0
 0
 0
 0
 0
 0
 -1.3231664130109797
 -2.7941921695393903
 -3.540843360921892
 -4.243561453582665
 -4.84208653138532
 -5.2424571806093905
 -5.011047476918257
 -4.137654070854696
 -2.485800840946297
 0
 0
 0
 0
 0
 0
 0
 0
 0
 0
 0
 -1.5598335858402503
 -2.814717130795467
 -3.9606138013396546
 -4.849146893252671
 -5.482363574286133
 -5.589565139069917
 -5.078792980784379
 -3.7418993751138228
 -1.3656926278119927
 0
 0
 0
 0
 0
 0
 0
 0
 0
 0
 0
 -1.847844435387091
 -3.351428399439576
 -4.520628485638575
 -5.433191989614786
 -5.952133226334576
 -5.7714285414287945
 -4.76366355437107
 -2.8876976854733334
 -0.469955829918808
 0
 0
 0
 0
 0
 0
 0
 0
 0
 0
 -0.4870811941649258
 -2.360305267490003
 -3.8345975179162757
 -5.132164266454681
 -6.076484607058928
 -6.200889875449473
 -5.573441166939213
 -4.167220607556111
 -2.0307297616949462
 0
 0
 0
 0
 0
 0
 0
 0
 0
 0
 0
 -0.9032971319771947
 -2.7784378191054966
 -4.564757552943771
 -5.92262128523474
 -6.377212286971913
 -6.159847663919341
 -5.130712255543635
 -3.2181051635687856
 -0.2887827417039315
 0
 0
 0
 0
 0
 0
 0
 0
 0
 0
 0
 -1.4331024373574044
 -3.7174708614862473
 -5.498106837379442
 -6.319047802190972
 -6.490774153747351
 -5.762449071172263
 -4.063616142371712
 -1.3529961966960338
 0
 0
 0
 0
 0
 0
 0
 0
 0
 0
 0
 0
 -2.5729367708881323
 -4.790513795159461
 -6.013058011731397
 -6.533309308362998
 -6.070553393826757
 -4.601896470014583
 -2.1532688426514177
 0
 0
 0
 0
 0
 0
 0
 0
 0
 0
 0
 0
 -1.0070133085252415
 -3.778370067893187
 -5.440340470933986
 -6.266553628993491
 -6.073962438015741
 -4.869989691635638
 -2.748729757300544
 0
 0
 0
 0
 0
 0
 0
 0
 0
 0
 0
 0
 0
 -2.5192110404313297
 -4.5834961572266755
 -5.69375331941286
 -5.80670538958179
 -4.9100880537350955
 -3.1722361099273275
 -0.14115792649782755
 0
 0
 0
 0
 0
 0
 0
 0
 0
 0
 0
 0
 -1.0495335717526686
 -3.4696766521101425
 -4.878201062876561
 -5.302397378050253
 -4.7212234452017725
 -3.3577598595111775
 -0.7161857438420967
 0
 0
 0
 0
 0
 0
 0
 0
 0
 0
 0
 0
 0
 -2.193783401821748
 -3.85133960146315
 -4.518832092861281
 -4.22938500302059
 -3.190160538233041
 -0.8186206168309429
 0
 0
 0
 0
 0
 0
 0
 0
 0
 0
 0
 0
 0
 -0.6706256639852306
 -2.533506990162368
 -3.4393162953876635
 -3.4312397513418835
 -2.6167750907750698
 -0.3941942812757855
 0
 0
 0
 0
 0
 0
 0
 0
 0
 0
 0
 0
 0
 0
 -0.9919680188936555
 -2.1817263484791223
 -2.360126352785846
 -1.604288592379687
 0
 0
 0
 0
 0
 0
 0
 0
 0
 0
 0
 0
 0
 0
 0
 0
 -0.6661783209367762
 -0.9002195657392038
 -0.10704248038978648
 0
 0
 0
 0
 0
 0
 0
 0
 0
 0
 0
 0
 0
 0
 0
 0
 0
 0
 0
 0
 0
 0
 0
 0
 0
 0
 0
 0
 0
 0
 0
 0
 0
 0
 0
 0
 0
 0
 0
 0
 0
 0
 0
 0
 0
 0
 0
 0
 0
 0
 0
 0
 0
 0
 0
 0
 0
 0
 0
 0
 0
 0
 0
 0
 0
 0
 0
 0
 0
 0
 0
 0
 0
 0
 0
 0
 0
 0
 0
 0
 0
 0
 0
 0
 0
 0
 0
 0
 0
 0
 0
 0
 0
 0
 0
 0
 0
 0
 0
 0
 0
 0
 0
 0
 0
 0
 0
 0
 0
 0
 0
 0
 0
 0
 0
 0
 0
 0
 0
 0
 0
 -0.08256584811210388
 -1.2519551216039586
 -1.0728398463959685
 0
 0
 0
 0
 0
 0
 0
 0
 0
 0
 0
 0
 0
 0
 0
 0
 -1.2807380605475167
 -2.5188796214390985
 -2.547199054302017
 -1.6582560873009493
 -0.2319456105485891
 0
 0
 0
 0
 0
 0
 0
 0
 0
 0
 0
 0
 0
 0
 -1.9514319867589265
 -3.2709659774667568
 -3.503426656862131
 -2.8866197783523404
 -1.8572358224146495
 -0.9348525218343964
 0
 0
 0
 0
 0
 0
 0
 0
 0
 0
 0
 0
 -0.02845466776922656
 -2.193617435077588
 -3.5898692576249633
 -3.979191509403406
 -3.6062531314393746
 -3.0326166694661305
 -2.62791331078422
 -1.732486855971202
 -0.10986985536503191
 0
 0
 0
 0
 0
 0
 0
 0
 0
 0
 0
 -2.0891043920707775
 -3.5302954327593437
 -4.010185468356864
 -3.919428792148884
 -3.8605674110525134
 -3.9436385891398977
 -3.3872275430285086
 -2.0711696933544372
 0
 0
 0
 0
 0
 0
 0
 0
 0
 0
 0
 -1.6494770567601842
 -3.0951250096320786
 -3.6346535758557206
 -3.9407560778885413
 -4.395113181162473
 -4.863892163132689
 -4.584134459789445
 -3.5520243168602708
 -1.6613897902467984
 0
 0
 0
 0
 0
 0
 0
 0
 0
 0
 -0.7863359243541472
 -2.2311971542128344
 -2.927375849606401
 -3.7629168514823235
 -4.662694879931194
 -5.404695102387432
 -5.391415249753447
 -4.678058291618418
 -3.150392510050751
 -0.5095085382370534
 0
 0
 0
 0
 0
 0
 0
 0
 0
 0
 -0.8680071814617598
 -2.0191332248101883
 -3.41298320052882
 -4.665480690369698
 -5.6084021540144375
 -5.923270939941098
 -5.571263184478295
 -4.407174297153302
 -2.2369274164963118
 0
 0
 0
 0
 0
 0
 0
 0
 0
 0
 0
 -0.9617717671745618
 -2.8514357994621573
 -4.372027460693065
 -5.53523441115332
 -6.259704468018883
 -6.254916454914202
 -5.452114385898001
 -3.7605191914471074
 -1.417781742806934
 0
 0
 0
 0
 0
 0
 0
 0
 0
 0
 0
 -1.955271689638158
 -3.722793030252019
 -5.238441661411384
 -6.3905859963557266
 -6.702492721409891
 -6.27961268350543
 -5.027636863392621
 -2.9829230825961703
 0
 0
 0
 0
 0
 0
 0
 0
 0
 0
 0
 -0.5520655868489044
 -2.7061980353907282
 -4.704810386712405
 -6.257265531721903
 -6.900667939481167
 -6.876961728095946
 -6.004664125525206
 -4.224292140006811
 -1.41437598313993
 0
 0
 0
 0
 0
 0
 0
 0
 0
 0
 0
 -1.4154162277542426
 -3.874039552040939
 -5.839916034836127
 -6.856513435626519
 -7.225075486735675
 -6.67776810300845
 -5.138433783165888
 -2.5534713018960398
 0
 0
 0
 0
 0
 0
 0
 0
 0
 0
 0
 0
 -2.683659954507924
 -5.125784269826672
 -6.56622658181983
 -7.296955051892047
 -7.036896719528725
 -5.728462008369991
 -3.3862806372551795
 0
 0
 0
 0
 0
 0
 0
 0
 0
 0
 0
 0
 -1.0497282642794552
 -4.115834593337098
 -6.016199602515371
 -7.060152712334269
 -7.0731081591793785
 -6.007486231728917
 -3.9565141278683846
 -0.37655585499590494
 0
 0
 0
 0
 0
 0
 0
 0
 0
 0
 0
 0
 -2.866618360640344
 -5.1680666892744656
 -6.491617154885742
 -6.794300387844169
 -6.009895249007972
 -4.304276287407072
 -1.2305669062343014
 0
 0
 0
 0
 0
 0
 0
 0
 0
 0
 0
 0
 -1.3692932730282683
 -3.9983045225460048
 -5.621704893044488
 -6.234790604404099
 -5.758373731378562
 -4.396364045118668
 -1.7387264631685335
 0
 0
 0
 0
 0
 0
 0
 0
 0
 0
 0
 0
 0
 -2.5975612270098916
 -4.5256882713215845
 -5.415054280947986
 -5.221261421117085
 -4.151286099544823
 -1.8121003158525832
 0
 0
 0
 0
 0
 0
 0
 0
 0
 0
 0
 0
 0
 -1.075015451438552
 -3.2664561977302373
 -4.385560776495779
 -4.425713322993461
 -3.561259361361537
 -1.435824229301855
 0
 0
 0
 0
 0
 0
 0
 0
 0
 0
 0
 0
 0
 0
 -1.9093965264803625
 -3.2254122978180773
 -3.410398905406164
 -2.619369982660186
 -0.6708236220913992
 0
 0
 0
 0
 0
 0
 0
 0
 0
 0
 0
 0
 0
 0
 -0.3244389305230424
 -1.78617351239307
 -2.0354693633584633
 -1.247828807843935
 0
 0
 0
 0
 0
 0
 0
 0
 0
 0
 0
 0
 0
 0
 0
 0
 0
 -0.26230864326114656
 0
 0
 0
 0
 0
 0
 0
 0
 0
 0
 0
 0
 0
 0
 0
 0
 0
 0
 0
 0
 0
 0
 0
 0
 0
 0
 0
 0
 0
 0
 0
 0
 0
 0
 0
 0
 0
 0
 0
 0
 0
 0
 0
 0
 0
 0
 0
 0
 0
 0
 0
 0
 0
 0
 0
 0
 0
 0
 0
 0
 0
 0
 0
 0
 0
 0
 0
 0
 0
 0
 0
 0
 0
 0
 0
 0
 0
 0
 0
 0
 0
 0
 0
 0
 0
 -0.095586332064725
 0
 0
 0
 0
 0
 0
 0
 0
 0
 0
 0
 0
 0
 0
 0
 0
 0
 -0.5577277772540672
 -1.6311043711193216
 -1.1132664933152734
 0
 0
 0
 0
 0
 0
 0
 0
 0
 0
 0
 0
 0
 0
 0
 0
 -1.4414063672217114
 -2.560819839351664
 -2.2499781568294592
 -1.2012575029106038
 -0.46127060874358605
 0
 0
 0
 0
 0
 0
 0
 0
 0
 0
 0
 0
 0
 0
 -1.8045759598012632
 -3.003027144431057
 -2.984285576125367
 -2.4351601453282514
 -2.0989026775706883
 -1.5835497207557783
 -0.1507883910974499
 0
 0
 0
 0
 0
 0
 0
 0
 0
 0
 0
 0
 -1.7516653031223308
 -3.060226396480486
 -3.3406710943531843
 -3.193739880199068
 -3.213897717201604
 -3.0046226025311658
 -2.041964160212041
 -0.5054867539766281
 0
 0
 0
 0
 0
 0
 0
 0
 0
 0
 0
 -1.3969468915383665
 -2.8091543765924527
 -3.3122667203778677
 -3.5330824857094525
 -3.9127403601088604
 -4.094044670442765
 -3.582160576777972
 -2.4398111279731785
 -0.3899789487550578
 0
 0
 0
 0
 0
 0
 0
 0
 0
 0
 -0.8143325286513514
 -2.266174455556831
 -2.902838870670818
 -3.5395637345486826
 -4.2997352742235115
 -4.877364947455073
 -4.7304727304049194
 -3.897812213901445
 -2.163654843974495
 0
 0
 0
 0
 0
 0
 0
 0
 0
 0
 0
 -1.3503418152956348
 -2.1644172181582624
 -3.322965680158978
 -4.4667481403390905
 -5.349829207836834
 -5.511646273325622
 -4.990128605510424
 -3.6245669739767603
 -1.1986285746388585
 0
 0
 0
 0
 0
 0
 0
 0
 0
 0
 0
 -1.2331006927804609
 -2.984573794185639
 -4.44427580906226
 -5.52656060788188
 -6.026854999571138
 -5.858133490924529
 -4.889385676837556
 -2.9676988304194847
 -0.5125938975855497
 0
 0
 0
 0
 0
 0
 0
 0
 0
 0
 -0.21247423747919036
 -2.5025717091458155
 -4.170461582717989
 -5.454022782057058
 -6.363006927618041
 -6.548676734267046
 -5.966727231366948
 -4.491891935255193
 -2.2859124088601224
 0
 0
 0
 0
 0
 0
 0
 0
 0
 0
 0
 -1.6818166957084166
 -3.5481339933190803
 -5.176800155267521
 -6.514935217604371
 -7.032837605876985
 -6.829964525295222
 -5.754302002986544
 -3.8230307092740636
 -0.8790731037871353
 0
 0
 0
 0
 0
 0
 0
 0
 0
 0
 -0.31194022207685634
 -2.554207916942776
 -4.663739268000938
 -6.418875955381559
 -7.282119322898307
 -7.460966942077301
 -6.745954457789171
 -5.086218833156796
 -2.381551456046152
 0
 0
 0
 0
 0
 0
 0
 0
 0
 0
 0
 -1.2751257827691225
 -3.844230601615175
 -6.048969453565293
 -7.29152275447828
 -7.842891914253203
 -7.450771524809498
 -6.037158928246689
 -3.5589881310701683
 0
 0
 0
 0
 0
 0
 0
 0
 0
 0
 0
 0
 -2.6638700967498163
 -5.388962385855772
 -7.049297061895807
 -7.94576781306003
 -7.84344706540417
 -6.656591429719031
 -4.411302053994299
 -0.40173747979560126
 0
 0
 0
 0
 0
 0
 0
 0
 0
 0
 0
 -1.04673352138132
 -4.427724083013914
 -6.52598068005068
 -7.727842475025882
 -7.897408455632895
 -6.942135840684695
 -4.9599778228840785
 -1.3536956656651142
 0
 0
 0
 0
 0
 0
 0
 0
 0
 0
 0
 0
 -3.190419397286046
 -5.675482566318015
 -7.157942614376
 -7.604219680593506
 -6.913240212374579
 -5.230839949066239
 -2.078983242530649
 0
 0
 0
 0
 0
 0
 0
 0
 0
 0
 0
 0
 -1.663775711744644
 -4.473798121843402
 -6.249753328302912
 -6.9906435103894715
 -6.5934581756378545
 -5.213821093768798
 -2.5219083726963776
 0
 0
 0
 0
 0
 0
 0
 0
 0
 0
 0
 0
 0
 -3.0065196487413335
 -5.0870480373270155
 -6.107362017158092
 -5.979855796224062
 -4.874066514114025
 -2.619310898822347
 0
 0
 0
 0
 0
 0
 0
 0
 0
 0
 0
 0
 0
 -1.4654731975087998
 -3.803817507764194
 -5.041354589421616
 -5.126947850940482
 -4.259224380180444
 -2.4058633599474577
 -0.19597457134669405
 0
 0
 0
 0
 0
 0
 0
 0
 0
 0
 0
 0
 0
 -2.457731494322527
 -3.87087430175046
 -4.114513671545664
 -3.4124336267849813
 -1.9560401628023012
 -0.22267637462980794
 0
 0
 0
 0
 0
 0
 0
 0
 0
 0
 0
 0
 0
 -0.8887779609081612
 -2.476851654835377
 -2.827516902276903
 -2.2302931728638677
 -1.146605926325301
 0
 0
 0
 0
 0
 0
 0
 0
 0
 0
 0
 0
 0
 0
 0
 -0.7540691057915669
 -1.1727232473800768
 -0.646914199847318
 0
 0
 0
 0
 0
 0
 0
 0
 0
 0
 0
 0
 0
 0
 0
 0
 0
 0
 0
 0
 0
 0
 0
 0
 0
 0
 0
 0
 0
 0
 0
 0
 0
 0
 0
 0
 0
 0
 0
 0
 0
 0
 0
 0
 0
 0
 0
 0
 0
 0
 0
 0
 0
 0
 0
 0
 0
 0
 0
 0
 0
 0
 0
 0
 0
 0
 0
 0
 0
 0
 0
 0
 0
 0
 0
 0
 0
 0
 0
 0
 0
 0
 0
 0
 -0.4351447638005226
 0
 0
 0
 0
 0
 0
 0
 0
 0
 0
 0
 0
 0
 0
 0
 0
 0
 -0.8074127826118023
 -1.849664573051121
 -1.1909173814400829
 0
 0
 0
 0
 0
 0
 0
 0
 0
 0
 0
 0
 0
 0
 0
 0
 -1.5231254417373847
 -2.583041247817352
 -2.0294952943217224
 -0.7110474091285051
 -0.5869181403083186
 -0.09655004137414558
 0
 0
 0
 0
 0
 0
 0
 0
 0
 0
 0
 0
 0
 -1.6580249667907863
 -2.7591791930557106
 -2.4370842223943248
 -1.8909941965306656
 -2.1928487474785445
 -1.8514617230899377
 -0.3746021609640344
 0
 0
 0
 0
 0
 0
 0
 0
 0
 0
 0
 0
 -1.3066473775859526
 -2.4944096287194784
 -2.546156945644668
 -2.6714755317856103
 -3.237266057325618
 -3.121253710230614
 -2.1145899010677516
 -0.6472857620882664
 0
 0
 0
 0
 0
 0
 0
 0
 0
 0
 0
 -0.5931854572669364
 -1.9204437717556688
 -2.391310055573218
 -3.0429777435025844
 -3.8281315572094625
 -4.0336407057886765
 -3.5472656930677733
 -2.56711512265007
 -0.6902652214372322
 0
 0
 0
 0
 0
 0
 0
 0
 0
 0
 0
 -1.1580576888046696
 -1.9686795794194332
 -3.0852588252661137
 -4.08858536637416
 -4.675319734711453
 -4.649377969376127
 -4.029675643936085
 -2.4802120041644864
 0
 0
 0
 0
 0
 0
 0
 0
 0
 0
 0
 -0.14996279402517665
 -1.3556611195555286
 -2.9349012763877855
 -4.153363088068558
 -5.0689399497889855
 -5.423034175325808
 -5.123920882491566
 -3.9355417599675304
 -1.728832640266572
 0
 0
 0
 0
 0
 0
 0
 0
 0
 0
 0
 -0.6978909282501906
 -2.680805627460365
 -4.082764861693653
 -5.220706822796808
 -5.9491952308103615
 -5.9854647492704744
 -5.189696795903293
 -3.482421957672125
 -1.242857371770155
 0
 0
 0
 0
 0
 0
 0
 0
 0
 0
 0
 -2.2192372380931777
 -3.7929488154182343
 -5.159169149651236
 -6.303154503804349
 -6.679188876542018
 -6.277388596744597
 -4.993513124391926
 -2.9390251413504656
 0
 0
 0
 0
 0
 0
 0
 0
 0
 0
 0
 -1.3512021667366856
 -3.167646101403526
 -4.907936199919634
 -6.4787965064372
 -7.191198967488864
 -7.170687067648404
 -6.2578019781856415
 -4.447557560724257
 -1.5966271578151066
 0
 0
 0
 0
 0
 0
 0
 0
 0
 0
 0
 -2.181990786840486
 -4.413472037060314
 -6.4204262788842374
 -7.490204897068754
 -7.838590782240581
 -7.264599564184023
 -5.711413287921541
 -3.0884866364044496
 0
 0
 0
 0
 0
 0
 0
 0
 0
 0
 0
 -0.907319881041265
 -3.6077412215228115
 -6.107386537964357
 -7.5573252200370185
 -8.253709513881006
 -7.988546974839797
 -6.67044940933862
 -4.271136310994172
 -0.06936938925246494
 0
 0
 0
 0
 0
 0
 0
 0
 0
 0
 0
 -2.459932682249857
 -5.521526165139271
 -7.363728287139523
 -8.37949210712686
 -8.396464650180459
 -7.298012914313397
 -5.13103341250708
 -1.2375872242798396
 0
 0
 0
 0
 0
 0
 0
 0
 0
 0
 0
 -0.9039239016391951
 -4.629424010781794
 -6.862033737329048
 -8.172577819706524
 -8.458439595626624
 -7.589077583586123
 -5.674852379509135
 -2.095910417066249
 0
 0
 0
 0
 0
 0
 0
 0
 0
 0
 0
 0
 -3.4165295473674426
 -6.010988858486243
 -7.606698627185705
 -8.162812822059848
 -7.552713378160646
 -5.90795626490757
 -2.7003554691297067
 0
 0
 0
 0
 0
 0
 0
 0
 0
 0
 0
 0
 -1.887849262258439
 -4.810453389270625
 -6.689521651404706
 -7.5254617481593735
 -7.198310057146309
 -5.823190390068312
 -3.0695326925989947
 -0.011442587536819815
 0
 0
 0
 0
 0
 0
 0
 0
 0
 0
 0
 -0.11095581171271185
 -3.3381537654011684
 -5.481545691229236
 -6.589800806959332
 -6.529669722901374
 -5.427201765031077
 -3.2046647020361805
 -0.675135264034707
 0
 0
 0
 0
 0
 0
 0
 0
 0
 0
 0
 0
 -1.7384424140042736
 -4.105661539968015
 -5.4412998373086285
 -5.614187031412346
 -4.813961307563739
 -3.158952397024228
 -1.1753364817262701
 0
 0
 0
 0
 0
 0
 0
 0
 0
 0
 0
 0
 -0.08957831169195174
 -2.6456285024432837
 -4.182767937366015
 -4.565271271722272
 -4.047591175500817
 -2.9086646786109585
 -1.32440552886196
 0
 0
 0
 0
 0
 0
 0
 0
 0
 0
 0
 0
 0
 -1.0232649182375981
 -2.7747743391859743
 -3.309545912389188
 -2.9840978042565354
 -2.212676175813555
 -0.8220609919879625
 0
 0
 0
 0
 0
 0
 0
 0
 0
 0
 0
 0
 0
 0
 -1.098228707190568
 -1.7126172106306035
 -1.4910397290048456
 -0.910615834153691
 0
 0
 0
 0
 0
 0
 0
 0
 0
 0
 0
 0
 0
 0
 0
 0
 0
 0
 0
 0
 0
 0
 0
 0
 0
 0
 0
 0
 0
 0
 0
 0
 0
 0
 0
 0
 0
 0
 0
 0
 0
 0
 0
 0
 0
 0
 0
 0
 0
 0
 0
 0
 0
 0
 0
 0
 0
 0
 0
 0
 0
 0
 0
 0
 0
 0
 0
 0
 0
 0
 0
 0
 0
 0
 0
 0
 0
 0
 0
 0
 0
 0
 0
 -0.3701542940435196
 0
 0
 0
 0
 0
 0
 0
 0
 0
 0
 0
 0
 0
 0
 0
 0
 0
 -0.7052322537583819
 -1.7487503670139697
 -1.0865755705204139
 0
 0
 0
 0
 0
 0
 0
 0
 0
 0
 0
 0
 0
 0
 0
 0
 -1.353433936810493
 -2.4149139181083754
 -1.8360500970098625
 -0.3596667174694925
 -0.4440617181716071
 -0.04918952958481526
 0
 0
 0
 0
 0
 0
 0
 0
 0
 0
 0
 0
 0
 -1.3781980310252209
 -2.4799839621355577
 -2.080726044462689
 -1.4096792865207508
 -2.020095616814422
 -1.7792250654775001
 -0.3588793610418044
 0
 0
 0
 0
 0
 0
 0
 0
 0
 0
 0
 0
 -0.844200907420884
 -2.0352236100839027
 -1.9684636574488827
 -2.1340329070496518
 -3.01732939724274
 -2.986493767308848
 -2.0313529747817363
 -0.6345342930559115
 0
 0
 0
 0
 0
 0
 0
 0
 0
 0
 0
 0
 -1.181277482656368
 -1.6127675033512716
 -2.5012623706268773
 -3.5407129609201577
 -3.789142538295697
 -3.379051884841455
 -2.524801277366741
 -0.7675186702354768
 0
 0
 0
 0
 0
 0
 0
 0
 0
 0
 0
 -0.07914187017363261
 -1.1578315635306575
 -2.62261726755142
 -3.720239663629042
 -4.303852244691519
 -4.426763005765329
 -3.987436955025288
 -2.5886189257215397
 -0.023077738038564277
 0
 0
 0
 0
 0
 0
 0
 0
 0
 0
 0
 -0.852172300675071
 -2.6414189002331714
 -3.711451782534483
 -4.60594193332639
 -5.190025071385531
 -5.090528904556545
 -4.051923448831966
 -2.0299915890794837
 0
 0
 0
 0
 0
 0
 0
 0
 0
 0
 0
 -0.6025030430861946
 -2.503820370146964
 -3.5852951198408576
 -4.728503915437106
 -5.731454224258054
 -5.95127308687517
 -5.299833918983429
 -3.7714479372115868
 -1.683655453366681
 0
 0
 0
 0
 0
 0
 0
 0
 0
 0
 0
 -1.9944463508941173
 -3.2417194249281778
 -4.686654405094094
 -6.105055036793891
 -6.649000222504647
 -6.400399770334298
 -5.280825674992821
 -3.350233738044171
 -0.38542572145996346
 0
 0
 0
 0
 0
 0
 0
 0
 0
 0
 -0.9644929416139476
 -2.5764497548070207
 -4.46786491061681
 -6.304123195577356
 -7.1909538565193545
 -7.327969734342689
 -6.55762564161979
 -4.8520557178634425
 -2.0781007320095943
 0
 0
 0
 0
 0
 0
 0
 0
 0
 0
 0
 -1.5879324398846766
 -3.9949557790551165
 -6.288741741553189
 -7.542871912505442
 -8.033926740203572
 -7.581437507112473
 -6.117174926247108
 -3.5624579417085567
 0
 0
 0
 0
 0
 0
 0
 0
 0
 0
 0
 -0.32581867943642173
 -3.213285414415779
 -6.040990551708379
 -7.665248595549693
 -8.478080346364894
 -8.318724615235567
 -7.077615054182647
 -4.745767401922967
 -0.6737829130734987
 0
 0
 0
 0
 0
 0
 0
 0
 0
 0
 0
 -2.123246429494804
 -5.531891726202378
 -7.511619122481224
 -8.62108387353275
 -8.734834487243338
 -7.708549369726085
 -5.6125888402928865
 -1.838125584995086
 0
 0
 0
 0
 0
 0
 0
 0
 0
 0
 0
 -0.6735064812909295
 -4.703930440246924
 -7.027355444482989
 -8.424306149735148
 -8.803269201764884
 -8.00792430041324
 -6.162614464896391
 -2.66128079671883
 0
 0
 0
 0
 0
 0
 0
 0
 0
 0
 0
 0
 -3.519625345881842
 -6.185511928185077
 -7.870201112518783
 -8.514834945445099
 -7.979655715139525
 -6.387882311227726
 -3.1913748215434747
 0
 0
 0
 0
 0
 0
 0
 0
 0
 0
 0
 0
 -2.020794635740952
 -5.0131974932622105
 -6.964333231696401
 -7.878064001596127
 -7.621224448503856
 -6.280033825753126
 -3.485663279940521
 -0.3557678123506012
 0
 0
 0
 0
 0
 0
 0
 0
 0
 0
 0
 -0.334996874229212
 -3.5733912754523525
 -5.738701857338265
 -6.922079725802462
 -6.937485432768717
 -5.868841915308497
 -3.6059028304823713
 -1.0625973960856987
 0
 0
 0
 0
 0
 0
 0
 0
 0
 0
 0
 0
 -1.9174567191978387
 -4.272149017695733
 -5.715818623915404
 -5.994709879057282
 -5.2556186376856875
 -3.6083989707675164
 -1.6516722228734402
 0
 0
 0
 0
 0
 0
 0
 0
 0
 0
 0
 0
 -0.07402651425386608
 -2.658852926011794
 -4.361757660713867
 -4.895914666353406
 -4.4896268808397375
 -3.406866756313045
 -1.8415810804929418
 0
 0
 0
 0
 0
 0
 0
 0
 0
 0
 0
 0
 0
 -0.9322378614338405
 -2.8804791434044406
 -3.5963931822419344
 -3.4285987949507026
 -2.7311397210019965
 -1.3493164751814586
 0
 0
 0
 0
 0
 0
 0
 0
 0
 0
 0
 0
 0
 0
 -1.1875751212279315
 -1.9850178926919781
 -1.9413003141768765
 -1.4347967629770846
 -0.1227062101726073
 0
 0
 0
 0
 0
 0
 0
 0
 0
 0
 0
 0
 0
 0
 0
 0
 0
 0
 0
 0
 0
 0
 0
 0
 0
 0
 0
 0
 0
 0
 0
 0
 0
 0
 0
 0
 0
 0
 0
 0
 0
 0
 0
 0
 0
 0
 0
 0
 0
 0
 0
 0
 0
 0
 0
 0
 0
 0
 0
 0
 0
 0
 0
 0
 0
 0
 0
 0
 0
 0
 0
 0
 0
 0
 0
 0
 0
 0
 0
 0
 0
 0
 0
 0
 0
 0
 0
 0
 0
 0
 0
 0
 0
 0
 0
 0
 0
 0
 0
 0
 -0.20383135080311732
 -1.2957705575117817
 -0.8045181253649343
 0
 0
 0
 0
 0
 0
 0
 0
 0
 0
 0
 0
 0
 0
 0
 0
 -0.8500499300828368
 -2.0167003626187316
 -1.7371592013770538
 -0.40830949183936305
 0
 0
 0
 0
 0
 0
 0
 0
 0
 0
 0
 0
 0
 0
 0
 -0.8827245943490434
 -2.1927618608694637
 -2.201843452296834
 -1.3170487841231475
 -1.5527786621441733
 -1.4759973146377119
 -0.2618759092934049
 0
 0
 0
 0
 0
 0
 0
 0
 0
 0
 0
 0
 -0.3869598678056061
 -1.9402457618773168
 -2.2603036216085375
 -1.8405265695112734
 -2.544691964199102
 -2.716583947953219
 -1.9170468381633476
 -0.5112396498971474
 0
 0
 0
 0
 0
 0
 0
 0
 0
 0
 0
 0
 -1.328331605192771
 -1.9253985473854245
 -2.0613109592095302
 -3.057518117824447
 -3.4845218498014106
 -3.1768093075200428
 -2.3272912904657277
 -0.606319973680125
 0
 0
 0
 0
 0
 0
 0
 0
 0
 0
 0
 -0.34315153871389725
 -1.2905634302718028
 -2.1979485763487006
 -3.217050948229282
 -3.8939417202591784
 -4.134121528755046
 -3.7659578365488544
 -2.4626055151278816
 -0.07007391511753802
 0
 0
 0
 0
 0
 0
 0
 0
 0
 0
 0
 -0.7989576845173412
 -2.3593891451867908
 -3.175778621562194
 -4.0754908235828875
 -4.855706706615698
 -4.873846089794011
 -3.951015537247727
 -2.103403570496533
 -0.0012829556813240828
 0
 0
 0
 0
 0
 0
 0
 0
 0
 0
 -0.5556988366350177
 -2.2942727470866364
 -2.9940818809684577
 -4.143462029888472
 -5.394662732799887
 -5.741147981132237
 -5.21814657720474
 -3.8576125364463847
 -1.8884127128099069
 0
 0
 0
 0
 0
 0
 0
 0
 0
 0
 0
 -1.726007090852229
 -2.566343790912315
 -4.121839146016539
 -5.779892191438162
 -6.457625325809371
 -6.353327738097422
 -5.3814400708173284
 -3.5522586521610506
 -0.658000951948825
 0
 0
 0
 0
 0
 0
 0
 0
 0
 0
 -0.5202986744506948
 -1.832686598259201
 -3.9389717082038933
 -6.006843912208771
 -7.045977416842291
 -7.324460143346741
 -6.676515399021515
 -5.0588362031490774
 -2.352645024904141
 0
 0
 0
 0
 0
 0
 0
 0
 0
 0
 0
 -0.8559261876545827
 -3.497340780271381
 -6.050718466797976
 -7.458508074585211
 -8.066643213025065
 -7.715653725833724
 -6.326639849718081
 -3.835951188079714
 0
 0
 0
 0
 0
 0
 0
 0
 0
 0
 0
 0
 -2.77134563927894
 -5.880249871314348
 -7.630771808957159
 -8.533736799819815
 -8.462551217939087
 -7.288277735771178
 -5.021079708922453
 -1.0501335046695628
 0
 0
 0
 0
 0
 0
 0
 0
 0
 0
 0
 -1.794963820527359
 -5.442601236250297
 -7.506406093215806
 -8.69003461826699
 -8.885236544759849
 -7.923847117732944
 -5.895156398824422
 -2.231212520567504
 0
 0
 0
 0
 0
 0
 0
 0
 0
 0
 0
 -0.5233027707195479
 -4.663665395340723
 -7.036358185311247
 -8.505207671789455
 -8.962471164416744
 -8.234940401401492
 -6.4554774941098305
 -3.0599436436873217
 0
 0
 0
 0
 0
 0
 0
 0
 0
 0
 0
 0
 -3.5053145666789085
 -6.213435786204028
 -7.970151024470881
 -8.68893532790042
 -8.223182097644527
 -6.688121744848462
 -3.5657433187550156
 -0.060931020741882946
 0
 0
 0
 0
 0
 0
 0
 0
 0
 0
 0
 -2.0537892336814423
 -5.086587903322827
 -7.090007605194385
 -8.070591563979157
 -7.879952800296988
 -6.584391913383809
 -3.804284975448587
 -0.6053701181316526
 0
 0
 0
 0
 0
 0
 0
 0
 0
 0
 0
 -0.46733188261981695
 -3.6972603802185215
 -5.876364724869369
 -7.12782057960034
 -7.21088305604255
 -6.179039978254347
 -3.8562012322068915
 -1.1871625204623557
 0
 0
 0
 0
 0
 0
 0
 0
 0
 0
 0
 0
 -2.0168764162536457
 -4.368083470478332
 -5.914708735935459
 -6.2722626119683715
 -5.5501535792771755
 -3.7900698225823213
 -1.7451604593677903
 0
 0
 0
 0
 0
 0
 0
 0
 0
 0
 0
 0
 -0.01021135226817016
 -2.642643524586978
 -4.5087730867662525
 -5.1288504026045825
 -4.7218672768644865
 -3.537073873252279
 -1.9304193616997951
 0
 0
 0
 0
 0
 0
 0
 0
 0
 0
 0
 0
 0
 -0.8050980470273936
 -2.9393612393866784
 -3.7458492975235984
 -3.5900496094711016
 -2.8357663554688024
 -1.4367834702604423
 0
 0
 0
 0
 0
 0
 0
 0
 0
 0
 0
 0
 0
 0
 -1.2201764940475242
 -2.0934368481430212
 -2.0668774191035073
 -1.5299944236012069
 -0.2095719821653148
 0
 0
 0
 0
 0
 0
 0
 0
 0
 0
 0
 0
 0
 0
 0
 -0.11035811202312296
 -0.10712594805479547
 0
 0
 0
 0
 0
 0
 0
 0
 0
 0
 0
 0
 0
 0
 0
 0
 0
 0
 0
 0
 0
 0
 0
 0
 0
 0
 0
 0
 0
 0
 0
 0
 0
 0
 0
 0
 0
 0
 0
 0
 0
 0
 0
 0
 0
 0
 0
 0
 0
 0
 0
 0
 0
 0
 0
 0
 0
 0
 0
 0
 0
 0
 0
 0
 0
 0
 0
 0
 0
 0
 0
 0
 0
 0
 0
 0
 0
 0
 0
 0
 0
 0
 0
 0
 -0.5264954924159744
 -0.5811044622308428
 0
 0
 0
 0
 0
 0
 0
 0
 0
 0
 0
 0
 0
 0
 0
 0
 0
 -1.548698737931396
 -1.873341977727402
 -0.7621199080198391
 0
 0
 0
 0
 0
 0
 0
 0
 0
 0
 0
 0
 0
 0
 0
 -0.2315659611878811
 -2.0947933764897133
 -2.608373347787129
 -1.6105313763816715
 -0.9170578519421175
 -1.224116059858666
 -0.2872300307393836
 0
 0
 0
 0
 0
 0
 0
 0
 0
 0
 0
 0
 -0.10216295965454947
 -2.2016454581176035
 -2.8260510636014082
 -1.9593775524302144
 -2.007499302430154
 -2.5958582735617943
 -1.9044558093259987
 -0.29265489183243076
 0
 0
 0
 0
 0
 0
 0
 0
 0
 0
 0
 0
 -1.854356165726398
 -2.543018958877864
 -1.9294008549526085
 -2.6100706776335567
 -3.3913097967644097
 -3.0358722696135807
 -1.9548325268413782
 -0.13071177473507234
 0
 0
 0
 0
 0
 0
 0
 0
 0
 0
 0
 -0.9927431338360524
 -1.7787794506266446
 -1.815271537606698
 -2.801298990065254
 -3.728535921826963
 -3.8433657396305785
 -3.3234685504995642
 -2.028918325505172
 0
 0
 0
 0
 0
 0
 0
 0
 0
 0
 0
 0
 -0.797883894469904
 -1.8766212299380411
 -2.7016416138435506
 -3.768186292748399
 -4.4644958547516245
 -4.429039217466016
 -3.582517598731437
 -1.9426236456514392
 0
 0
 0
 0
 0
 0
 0
 0
 0
 0
 0
 -0.17989365557963666
 -1.7930097448396944
 -2.416561999126645
 -3.7287908441490334
 -4.964244121656815
 -5.327585749597634
 -4.93092875026693
 -3.7511360429299057
 -1.8889655343276468
 0
 0
 0
 0
 0
 0
 0
 0
 0
 0
 0
 -1.1902776638484012
 -1.9324657362652893
 -3.698210449103277
 -5.35224142644361
 -6.106467147116918
 -6.145353408386407
 -5.306914519357758
 -3.56336848923418
 -0.7319097425560255
 0
 0
 0
 0
 0
 0
 0
 0
 0
 0
 0
 -1.2463748699307198
 -3.545136442678948
 -5.625387993372287
 -6.774590403663759
 -7.170157936820006
 -6.6199846480669535
 -5.077122485056686
 -2.4386518461491535
 0
 0
 0
 0
 0
 0
 0
 0
 0
 0
 0
 -0.41985135732850587
 -3.1539007737282327
 -5.754702927952431
 -7.253104572440662
 -7.940240940627935
 -7.668439994476485
 -6.346937636240245
 -3.9248452020598332
 0
 0
 0
 0
 0
 0
 0
 0
 0
 0
 0
 0
 -2.530010437354071
 -5.6685705418853125
 -7.462149229906296
 -8.420343172837475
 -8.421148758629494
 -7.310865963101847
 -5.111922431204382
 -1.2195602048789045
 0
 0
 0
 0
 0
 0
 0
 0
 0
 0
 0
 -1.7214332510099837
 -5.28673568631687
 -7.352693761527468
 -8.586270682373721
 -8.851256964454958
 -7.953790021863809
 -5.991406398697422
 -2.429701481748296
 0
 0
 0
 0
 0
 0
 0
 0
 0
 0
 0
 -0.6525712650026367
 -4.536054411785518
 -6.893880223072189
 -8.41739432403642
 -8.942005953013643
 -8.279628353311121
 -6.562067647848009
 -3.2919368772437414
 0
 0
 0
 0
 0
 0
 0
 0
 0
 0
 0
 0
 -3.396188142730362
 -6.099802746294655
 -7.91005729443267
 -8.691345955507382
 -8.289715527095096
 -6.810261172358444
 -3.814642467678415
 -0.5092891505161994
 0
 0
 0
 0
 0
 0
 0
 0
 0
 0
 0
 -1.9888664051667293
 -5.028486327746533
 -7.069076835105434
 -8.10715112921725
 -7.974827693435387
 -6.726752953210794
 -4.026732747703919
 -0.8579863130175944
 0
 0
 0
 0
 0
 0
 0
 0
 0
 0
 0
 -0.46519604407046167
 -3.6942909900575396
 -5.897859770093916
 -7.207946230188956
 -7.33982281178688
 -6.3356150723412235
 -3.9780038891241034
 -1.1251099691439856
 0
 0
 0
 0
 0
 0
 0
 0
 0
 0
 0
 0
 -2.0303052997918947
 -4.418638399598996
 -6.037251076666226
 -6.424893932922284
 -5.677490054295907
 -3.727491649009484
 -1.442372897399375
 0
 0
 0
 0
 0
 0
 0
 0
 0
 0
 0
 0
 0
 -2.6948267614547348
 -4.644181501858268
 -5.254670902411223
 -4.747062640891241
 -3.2907450655660213
 -1.538366155168676
 0
 0
 0
 0
 0
 0
 0
 0
 0
 0
 0
 0
 0
 -0.8560076604263207
 -3.056671773538543
 -3.802616898267887
 -3.4858678931646354
 -2.489253436619043
 -1.0221125831586697
 0
 0
 0
 0
 0
 0
 0
 0
 0
 0
 0
 0
 0
 0
 -1.4273221557885512
 -2.16333619379526
 -1.8986534762467366
 -1.1472250764561114
 0
 0
 0
 0
 0
 0
 0
 0
 0
 0
 0
 0
 0
 0
 0
 0
 -0.3307859868799863
 0
 0
 0
 0
 0
 0
 0
 0
 0
 0
 0
 0
 0
 0
 0
 0
 0
 0
 0
 0
 0
 0
 0
 0
 0
 0
 0
 0
 0
 0
 0
 0
 0
 0
 0
 0
 0
 0
 0
 0
 0
 0
 0
 0
 0
 0
 0
 0
 0
 0
 0
 0
 0
 0
 0
 0
 0
 0
 0
 0
 0
 0
 0
 0
 0
 0
 0
 0
 0
 0
 0
 0
 0
 0
 0
 0
 0
 0
 0
 0
 0
 0
 0
 0
 0
 -0.030837226176469557
 -0.612628694447384
 0
 0
 0
 0
 0
 0
 0
 0
 0
 0
 0
 0
 0
 0
 0
 0
 0
 -1.4150237320858743
 -2.063906387823768
 -1.0183273834410977
 0
 0
 0
 0
 0
 0
 0
 0
 0
 0
 0
 0
 0
 0
 0
 0
 -2.1968556854728236
 -2.8766036790929377
 -1.8553227755904018
 -0.642047101227905
 -1.240337236177946
 -0.36875091175479824
 0
 0
 0
 0
 0
 0
 0
 0
 0
 0
 0
 0
 -0.11760108907468592
 -2.4351784942559194
 -3.1293001813571513
 -2.15659239198226
 -1.8540047169636704
 -2.678915650001234
 -1.9084160317526937
 0
 0
 0
 0
 0
 0
 0
 0
 0
 0
 0
 0
 0
 -2.1512909407066356
 -2.8540098982970727
 -2.003729115605746
 -2.543469165146787
 -3.4822141383425427
 -2.899326028386791
 -1.3843799345711165
 0
 0
 0
 0
 0
 0
 0
 0
 0
 0
 0
 0
 -1.3118827438704264
 -2.0357380456975918
 -1.5467286313746822
 -2.736353169871542
 -3.7781513723136984
 -3.5439948841036326
 -2.6404235543961097
 -1.2363470949039277
 0
 0
 0
 0
 0
 0
 0
 0
 0
 0
 0
 0
 -0.7053023417986957
 -1.1212744346088845
 -2.5072956664079067
 -3.7263386464139074
 -4.047579475793825
 -3.7587338820424607
 -2.950213042176265
 -1.5975917771970733
 0
 0
 0
 0
 0
 0
 0
 0
 0
 0
 0
 0
 -0.7850309815510474
 -2.0184107907699005
 -3.5948404307845694
 -4.510256690500789
 -4.751765344103992
 -4.4811458130339386
 -3.493579788193685
 -1.7317389998370434
 0
 0
 0
 0
 0
 0
 0
 0
 0
 0
 0
 -0.11445127732492999
 -1.5115346330237234
 -3.5519834806560056
 -4.9227778899078745
 -5.659227905726631
 -5.814689757088054
 -5.079463985606079
 -3.4040488440189955
 -0.6322853964409312
 0
 0
 0
 0
 0
 0
 0
 0
 0
 0
 0
 -1.064560797612784
 -3.4432675782004187
 -5.263381959158875
 -6.426339743961469
 -6.8829004452908435
 -6.393446380465452
 -4.911973274182486
 -2.346777688206677
 0
 0
 0
 0
 0
 0
 0
 0
 0
 0
 0
 -0.49647959972960365
 -3.1191206915404583
 -5.4739159123913455
 -6.951351986997931
 -7.6570211562828
 -7.436146401285539
 -6.177771806418675
 -3.8323409808174684
 0
 0
 0
 0
 0
 0
 0
 0
 0
 0
 0
 0
 -2.582457701947763
 -5.449458661190581
 -7.170066204313988
 -8.132219656022277
 -8.187692363800641
 -7.141810661953778
 -5.012652250469775
 -1.1663073920200207
 0
 0
 0
 0
 0
 0
 0
 0
 0
 0
 0
 -1.8920672428403602
 -5.104102179978858
 -7.057940654580916
 -8.302321907742746
 -8.625213296658545
 -7.789999130948804
 -5.88610551069386
 -2.4085502628873545
 0
 0
 0
 0
 0
 0
 0
 0
 0
 0
 0
 -0.965189811538413
 -4.374992606648973
 -6.609311346039122
 -8.155252792531527
 -8.733427686471343
 -8.1279497125553
 -6.460129830916005
 -3.327421441573305
 -0.1696884607995468
 0
 0
 0
 0
 0
 0
 0
 0
 0
 0
 0
 -3.254543097952002
 -5.854933796401292
 -7.686916760389569
 -8.512591692938317
 -8.160649388286233
 -6.7278528477748685
 -3.9050093628010094
 -0.8489735895896535
 0
 0
 0
 0
 0
 0
 0
 0
 0
 0
 0
 -1.862328200074347
 -4.840339449649592
 -6.898275164603607
 -7.9749807336202085
 -7.881672816092866
 -6.67490115171031
 -4.127449945400796
 -1.1231289849346213
 0
 0
 0
 0
 0
 0
 0
 0
 0
 0
 0
 -0.3116635574621345
 -3.547330311464334
 -5.790054032453053
 -7.136763226424095
 -7.288817214532381
 -6.3018241176307646
 -3.9923079875477736
 -1.0635407675107018
 0
 0
 0
 0
 0
 0
 0
 0
 0
 0
 0
 0
 -1.913919169303929
 -4.37968439304519
 -6.027129829192063
 -6.405842250914141
 -5.621905985623595
 -3.5169677336713328
 -0.8417172669280664
 0
 0
 0
 0
 0
 0
 0
 0
 0
 0
 0
 0
 0
 -2.7248974657215363
 -4.684955278222004
 -5.245520544568714
 -4.615017577376982
 -2.7514525439339614
 -0.5772588952399031
 0
 0
 0
 0
 0
 0
 0
 0
 0
 0
 0
 0
 0
 -1.0140220321903106
 -3.203619764023254
 -3.830836074377456
 -3.254415694759879
 -1.6862412434972907
 0
 0
 0
 0
 0
 0
 0
 0
 0
 0
 0
 0
 0
 0
 0
 -1.833009746675355
 -2.3741114923649222
 -1.6702511536530134
 -0.22739732075284103
 0
 0
 0
 0
 0
 0
 0
 0
 0
 0
 0
 0
 0
 0
 0
 -0.3548023729001475
 -0.7937190600293684
 0
 0
 0
 0
 0
 0
 0
 0
 0
 0
 0
 0
 0
 0
 0
 0
 0
 0
 0
 0
 0
 0
 0
 0
 0
 0
 0
 0
 0
 0
 0
 0
 0
 0
 0
 0
 0
 0
 0
 0
 0
 0
 0
 0
 0
 0
 0
 0
 0
 0
 0
 0
 0
 0
 0
 0
 0
 0
 0
 0
 0
 0
 0
 0
 0
 0
 0
 0
 0
 0
 0
 0
 0
 0
 0
 0
 0
 0
 0
 0
 0
 0
 0
 0
 0
 0
 -0.24224587847237444
 0
 0
 0
 0
 0
 0
 0
 0
 0
 0
 0
 0
 0
 0
 0
 0
 0
 -1.0232744611985805
 -1.7107758014696426
 -0.6715757763769838
 0
 0
 0
 0
 0
 0
 0
 0
 0
 0
 0
 0
 0
 0
 0
 0
 -1.8345923357873275
 -2.530862812662411
 -1.5080672315248753
 -0.251886817698324
 -0.8929865003149597
 -0.0026694758036249766
 0
 0
 0
 0
 0
 0
 0
 0
 0
 0
 0
 0
 0
 -2.086270071682569
 -2.7866536974107987
 -1.80729172006909
 -1.5167860952328898
 -2.365049148062985
 -1.5301625912511598
 0
 0
 0
 0
 0
 0
 0
 0
 0
 0
 0
 0
 0
 -1.8081277022531719
 -2.5114269259084914
 -1.6470425873403363
 -2.2691094710042474
 -3.208389682213925
 -2.494508456436966
 -0.6954829982006352
 0
 0
 0
 0
 0
 0
 0
 0
 0
 0
 0
 0
 -0.9704075568552053
 -1.682212308708885
 -1.1284257887250915
 -2.520464251497632
 -3.546572767042667
 -3.1030784591367153
 -1.9066306547603675
 -0.427904394890227
 0
 0
 0
 0
 0
 0
 0
 0
 0
 0
 0
 0
 -0.2610486866695485
 -0.46960439468755233
 -2.320208362387765
 -3.5299585372505815
 -3.593853798216001
 -3.0918195731459948
 -2.3492791826093695
 -1.1756824351575306
 0
 0
 0
 0
 0
 0
 0
 0
 0
 0
 0
 0
 0
 -1.8057832400752902
 -3.426320607130748
 -4.091812611890105
 -4.206811062954566
 -4.028047986712322
 -3.1141505395948004
 -1.3418824552870419
 0
 0
 0
 0
 0
 0
 0
 0
 0
 0
 0
 0
 -1.3215126850765566
 -3.430098952855835
 -4.5546056253128135
 -5.211303395419922
 -5.418074739861646
 -4.70637599620725
 -3.031990765092255
 -0.2908561380079142
 0
 0
 0
 0
 0
 0
 0
 0
 0
 0
 0
 -1.0148149141041891
 -3.3749878729906557
 -4.930450010480809
 -6.025862982426515
 -6.49341386392593
 -6.013459235554098
 -4.554235580226004
 -2.0490407884794273
 0
 0
 0
 0
 0
 0
 0
 0
 0
 0
 0
 -0.5619154972361331
 -3.08914601022261
 -5.169901501760776
 -6.568792136757132
 -7.257050005190886
 -7.048041548863548
 -5.827729675852306
 -3.54540747407784
 0
 0
 0
 0
 0
 0
 0
 0
 0
 0
 0
 0
 -2.581131397639796
 -5.183927835023722
 -6.792511184075
 -7.720150580163277
 -7.795674668087636
 -6.793099559893401
 -4.713455796066251
 -0.8527150340826397
 0
 0
 0
 0
 0
 0
 0
 0
 0
 0
 0
 -1.9456143014940963
 -4.886675031874177
 -6.683378766601739
 -7.889606335167249
 -8.236165186894624
 -7.439397417427628
 -5.568314765935442
 -2.1072116934925686
 0
 0
 0
 0
 0
 0
 0
 0
 0
 0
 0
 -1.1376761547925156
 -4.220803064885388
 -6.256540247519306
 -7.763409913662833
 -8.35698848583439
 -7.779617045207808
 -6.1375610112481365
 -3.0911208573144444
 -0.06305553316710899
 0
 0
 0
 0
 0
 0
 0
 0
 0
 0
 0
 -3.173328520267961
 -5.546729538608319
 -7.333783695046437
 -8.162646590194568
 -7.829908204383508
 -6.429301932062641
 -3.754826176264433
 -0.8455742069635139
 0
 0
 0
 0
 0
 0
 0
 0
 0
 0
 0
 -1.7930991200646185
 -4.5692908682277
 -6.592481354403187
 -7.667461048648571
 -7.586341886675676
 -6.417962432137017
 -4.0322106666916016
 -1.1688210134541315
 0
 0
 0
 0
 0
 0
 0
 0
 0
 0
 0
 -0.13867052904309496
 -3.287816291689488
 -5.532024183998629
 -6.8758649794070195
 -7.0310583065572265
 -6.074223705553813
 -3.8813903041275255
 -1.021550805540226
 0
 0
 0
 0
 0
 0
 0
 0
 0
 0
 0
 0
 -1.6580686797471476
 -4.15885173705302
 -5.802710625028186
 -6.181690942748226
 -5.412280349074622
 -3.317735001922289
 -0.4642536405252091
 0
 0
 0
 0
 0
 0
 0
 0
 0
 0
 0
 0
 0
 -2.5417859425733367
 -4.510273789713465
 -5.0794257097786115
 -4.4415421175763194
 -2.3900549992060123
 0
 0
 0
 0
 0
 0
 0
 0
 0
 0
 0
 0
 0
 0
 -0.9727258587756031
 -3.1832933846821216
 -3.80540047587239
 -3.16133013488476
 -1.1328654326947705
 0
 0
 0
 0
 0
 0
 0
 0
 0
 0
 0
 0
 0
 0
 0
 -2.0260791558071176
 -2.5408885048434895
 -1.7055845415548188
 0
 0
 0
 0
 0
 0
 0
 0
 0
 0
 0
 0
 0
 0
 0
 0
 -0.65804392151668
 -1.0794021414811503
 -0.03864481825955757
 0
 0
 0
 0
 0
 0
 0
 0
 0
 0
 0
 0
 0
 0
 0
 0
 0
 0
 0
 0
 0
 0
 0
 0
 0
 0
 0
 0
 0
 0
 0
 0
 0
 0
 0
 0
 0
 0
 0
 0
 0
 0
 0
 0
 0
 0
 0
 0
 0
 0
 0
 0
 0
 0
 0
 0
 0
 0
 0
 0
 0
 0
 0
 0
 0
 0
 0
 0
 0
 0
 0
 0
 0
 0
 0
 0
 0
 0
 0
 0
 0
 0
 0
 0
 0
 0
 0
 0
 0
 0
 0
 0
 0
 0
 0
 0
 0
 0
 0
 0
 0
 0
 0
 -0.2414017419822212
 -0.9409043969096578
 0
 0
 0
 0
 0
 0
 0
 0
 0
 0
 0
 0
 0
 0
 0
 0
 0
 -1.0619376978655408
 -1.7632222893679135
 -0.7406413517096748
 0
 -0.16048088030382246
 0
 0
 0
 0
 0
 0
 0
 0
 0
 0
 0
 0
 0
 0
 -1.3176744992656175
 -2.0199526270037795
 -1.0429042235352988
 -0.8184912689243982
 -1.6771341940468396
 -0.8105248905409752
 0
 0
 0
 0
 0
 0
 0
 0
 0
 0
 0
 0
 0
 -1.0412541486880755
 -1.7447694483900795
 -0.895928560774907
 -1.6435267092699117
 -2.5817718697210674
 -1.8064740524425753
 0
 0
 0
 0
 0
 0
 0
 0
 0
 0
 0
 0
 0
 -0.20401534024748358
 -0.9120385547685625
 -0.4016398696146499
 -1.973672680218007
 -2.9941162784977955
 -2.465102334932639
 -1.12082428823964
 0
 0
 0
 0
 0
 0
 0
 0
 0
 0
 0
 0
 0
 0
 0
 -1.8523269436905965
 -3.0755893948007227
 -3.0583323699571823
 -2.474663716684759
 -1.8498699392852371
 -0.7093232243326932
 0
 0
 0
 0
 0
 0
 0
 0
 0
 0
 0
 0
 0
 -1.4230544664093738
 -3.1001395603091613
 -3.6756678334853907
 -3.7141104906273625
 -3.57641980649218
 -2.6316495986988038
 -0.7539906679994237
 0
 0
 0
 0
 0
 0
 0
 0
 0
 0
 0
 0
 -1.051047478595974
 -3.199871470072151
 -4.189445835654099
 -4.742213231992099
 -4.946252691042952
 -4.203324053933052
 -2.4779389336884403
 0
 0
 0
 0
 0
 0
 0
 0
 0
 0
 0
 0
 -0.8164828284798489
 -3.1636833280135592
 -4.542100253215862
 -5.542971776192095
 -6.0007463639556935
 -5.500916348097947
 -4.03160720709907
 -1.5622777529353877
 0
 0
 0
 0
 0
 0
 0
 0
 0
 0
 0
 -0.364337678904036
 -2.8486367229861225
 -4.757177986019407
 -6.08792433560442
 -6.755655193631606
 -6.532866414869746
 -5.324316110429537
 -3.082731672084093
 0
 0
 0
 0
 0
 0
 0
 0
 0
 0
 0
 0
 -2.316835321803799
 -4.800654834717255
 -6.334354380112321
 -7.216823492729178
 -7.280834287024437
 -6.29886213470318
 -4.25204637262776
 -0.35505729596136426
 0
 0
 0
 0
 0
 0
 0
 0
 0
 0
 0
 -1.7209092437879567
 -4.575449238334022
 -6.258392112825479
 -7.392253249594357
 -7.726488529487918
 -6.9505773094508685
 -5.102948707010055
 -1.615874815143389
 0
 0
 0
 0
 0
 0
 0
 0
 0
 0
 0
 -1.0355042478853118
 -4.016362719710998
 -5.880036869069288
 -7.28900249844914
 -7.862775010072506
 -7.301721450890657
 -5.681350653450098
 -2.6576924532433983
 0
 0
 0
 0
 0
 0
 0
 0
 0
 0
 0
 -0.021406871546840733
 -3.0851254280427884
 -5.221540977803721
 -6.89726466668018
 -7.699602955147485
 -7.378748021428883
 -6.007243167852764
 -3.400431020675505
 -0.5167697816835322
 0
 0
 0
 0
 0
 0
 0
 0
 0
 0
 0
 -1.7508013387106178
 -4.275632700748421
 -6.203888553341035
 -7.251094683998924
 -7.175974268783343
 -6.040330500999024
 -3.7387236590902946
 -0.9174411289300757
 0
 0
 0
 0
 0
 0
 0
 0
 0
 0
 0
 -0.049394809858368305
 -3.0215235668526397
 -5.198943662106048
 -6.508484795286265
 -6.657908284655756
 -5.725084527659654
 -3.611014868950349
 -0.7989106285737755
 0
 0
 0
 0
 0
 0
 0
 0
 0
 0
 0
 0
 -1.432529640732973
 -3.87592871944853
 -5.4706727628508975
 -5.837381242048136
 -5.084663388222998
 -3.037150075110169
 -0.15615603750849694
 0
 0
 0
 0
 0
 0
 0
 0
 0
 0
 0
 0
 0
 -2.283597289859646
 -4.20395623239462
 -4.781586216279527
 -4.168989428707548
 -2.082117902479234
 0
 0
 0
 0
 0
 0
 0
 0
 0
 0
 0
 0
 0
 0
 -0.7225238901442381
 -2.9219781847406683
 -3.586219904309335
 -2.9842565240196706
 -0.8028551818316538
 0
 0
 0
 0
 0
 0
 0
 0
 0
 0
 0
 0
 0
 0
 0
 -1.8014008320480759
 -2.363745907695825
 -1.588616220382682
 0
 0
 0
 0
 0
 0
 0
 0
 0
 0
 0
 0
 0
 0
 0
 0
 -0.44179639562278084
 -0.8988335485399359
 0
 0
 0
 0
 0
 0
 0
 0
 0
 0
 0
 0
 0
 0
 0
 0
 0
 0
 0
 0
 0
 0
 0
 0
 0
 0
 0
 0
 0
 0
 0
 0
 0
 0
 0
 0
 0
 0
 0
 0
 0
 0
 0
 0
 0
 0
 0
 0
 0
 0
 0
 0
 0
 0
 0
 0
 0
 0
 0
 0
 0
 0
 0
 0
 0
 0
 0
 0
 0
 0
 0
 0
 0
 0
 0
 0
 0
 0
 0
 0
 0
 0
 0
 0
 0
 0
 0
 0
 0
 0
 0
 0
 0
 0
 0
 0
 0
 0
 0
 0
 0
 0
 0
 0
 0
 0
 0
 0
 0
 0
 0
 0
 0
 0
 0
 0
 0
 0
 0
 0
 0
 0
 0
 0
 -0.5570551285897336
 0
 0
 0
 0
 0
 0
 0
 0
 0
 0
 0
 0
 0
 0
 0
 0
 0
 -0.11129736994614703
 -0.8140161802734909
 0
 0
 -0.6162114803951289
 0
 0
 0
 0
 0
 0
 0
 0
 0
 0
 0
 0
 0
 0
 0
 -0.5389407466436111
 0
 -0.6703713506915197
 -1.6104780188254644
 -0.8091177382673802
 0
 0
 0
 0
 0
 0
 0
 0
 0
 0
 0
 0
 0
 0
 0
 0
 -1.0993236362089869
 -2.131472034008543
 -1.6141037388179464
 -0.336622567251073
 0
 0
 0
 0
 0
 0
 0
 0
 0
 0
 0
 0
 0
 0
 0
 -1.089416404247106
 -2.3797191231099015
 -2.447316125639442
 -1.9672444119975276
 -1.438208979916019
 -0.19052123512437014
 0
 0
 0
 0
 0
 0
 0
 0
 0
 0
 0
 0
 0
 -0.8303830309532909
 -2.628267645182871
 -3.260483559870498
 -3.3035637679947643
 -3.1250419296917427
 -2.0608375419133935
 -0.009232491842809054
 0
 0
 0
 0
 0
 0
 0
 0
 0
 0
 0
 0
 -0.6614906666106641
 -2.867866036077734
 -3.8304544903830022
 -4.282188895618181
 -4.409873072640444
 -3.5826574196385765
 -1.7629487781258923
 0
 0
 0
 0
 0
 0
 0
 0
 0
 0
 0
 0
 -0.4952239660152262
 -2.8443895381872917
 -4.118066910748972
 -4.994458868676131
 -5.403174660200187
 -4.852565739669451
 -3.34235551588314
 -0.8801957461304344
 0
 0
 0
 0
 0
 0
 0
 0
 0
 0
 0
 0
 -2.454810525220367
 -4.242397919332266
 -5.504870459674242
 -6.138294483580083
 -5.875647516495391
 -4.6540637950036725
 -2.432697613355261
 0
 0
 0
 0
 0
 0
 0
 0
 0
 0
 0
 0
 -1.8348536180509125
 -4.294397743136883
 -5.788104312190377
 -6.60766521680746
 -6.6266366200020554
 -5.646073672463648
 -3.6224412717258954
 0
 0
 0
 0
 0
 0
 0
 0
 0
 0
 0
 0
 -1.2634422586326606
 -4.171412472631237
 -5.787236949250811
 -6.806675128918006
 -7.087021122273536
 -6.319549946586308
 -4.495194190601619
 -0.9619298649573524
 0
 0
 0
 0
 0
 0
 0
 0
 0
 0
 0
 -0.7174704984615099
 -3.754381585677744
 -5.494180876207517
 -6.741379699441353
 -7.253582069929435
 -6.701887419767184
 -5.105868953248381
 -2.056404863308609
 0
 0
 0
 0
 0
 0
 0
 0
 0
 0
 0
 0
 -2.948903768350398
 -4.900048581771612
 -6.3980452321734145
 -7.136629414314938
 -6.821612199591404
 -5.476233103725429
 -2.8629835005561572
 0
 0
 0
 0
 0
 0
 0
 0
 0
 0
 0
 0
 -1.6778052522374045
 -3.992611531583372
 -5.762152440102928
 -6.746488233370596
 -6.668709512027734
 -5.551255773373876
 -3.249932766937845
 -0.39659275837113483
 0
 0
 0
 0
 0
 0
 0
 0
 0
 0
 0
 0
 -2.7907969565986805
 -4.834317684614969
 -6.074344863657638
 -6.199693890579365
 -5.258190719081177
 -3.146913115353337
 -0.33961672020343947
 0
 0
 0
 0
 0
 0
 0
 0
 0
 0
 0
 0
 -1.294113548069448
 -3.6141316773935497
 -5.109800135904274
 -5.417916112816142
 -4.6264967610908165
 -2.579020395267248
 0
 0
 0
 0
 0
 0
 0
 0
 0
 0
 0
 0
 0
 0
 -2.1074925334804133
 -3.8750669520369723
 -4.383058437583322
 -3.7383390058996104
 -1.635636287784032
 0
 0
 0
 0
 0
 0
 0
 0
 0
 0
 0
 0
 0
 0
 -0.48195767738457107
 -2.5251710165817425
 -3.1778784775357574
 -2.600978025198039
 -0.3993666135093683
 0
 0
 0
 0
 0
 0
 0
 0
 0
 0
 0
 0
 0
 0
 0
 -1.2856837072077694
 -1.8934237619691299
 -1.2061924723147284
 0
 0
 0
 0
 0
 0
 0
 0
 0
 0
 0
 0
 0
 0
 0
 0
 0
 -0.36259499246311044
 0
 0
 0
 0
 0
 0
 0
 0
 0
 0
 0
 0
 0
 0
 0
 0
 0
 0
 0
 0
 0
 0
 0
 0
 0
 0
 0
 0
 0
 0
 0
 0
 0
 0
 0
 0
 0
 0
 0
 0
 0
 0
 0
 0
 0
 0
 0
 0
 0
 0
 0
 0
 0
 0
 0
 0
 0
 0
 0
 0
 0
 0
 0
 0
 0
 0
 0
 0
 0
 0
 0
 0
 0
 0
 0
 0
 0
 0
 0
 0
 0
 0
 0
 0
 0
 0
 0
 0
 0
 0
 0
 0
 0
 0
 0
 0
 0
 0
 0
 0
 0
 0
 0
 0
 0
 0
 0
 0
 0
 0
 0
 0
 0
 0
 0
 0
 0
 0
 0
 0
 0
 0
 0
 0
 0
 0
 0
 0
 0
 0
 0
 0
 0
 0
 0
 0
 0
 0
 0
 0
 0
 0
 0
 0
 0
 0
 0
 0
 0
 0
 0
 0
 0
 0
 0
 0
 0
 0
 0
 0
 0
 0
 0
 0
 0
 -0.15360032138853796
 0
 0
 0
 0
 0
 0
 0
 0
 0
 0
 0
 0
 0
 0
 0
 0
 0
 0
 -0.8507304128839479
 -0.5128765713128907
 0
 0
 0
 0
 0
 0
 0
 0
 0
 0
 0
 0
 0
 0
 0
 0
 0
 -1.3976504391511222
 -1.7320287710117164
 -1.48708026611612
 -0.9899350115651773
 0
 0
 0
 0
 0
 0
 0
 0
 0
 0
 0
 0
 0
 0
 0
 -1.9762476986442081
 -2.763541423966621
 -2.879261194514031
 -2.621973299707239
 -1.4043343827712613
 0
 0
 0
 0
 0
 0
 0
 0
 0
 0
 0
 0
 0
 -0.10031709552135126
 -2.380079712902818
 -3.392644849533882
 -3.793199099745575
 -3.8064490286975055
 -2.860568034634432
 -0.9132076420276709
 0
 0
 0
 0
 0
 0
 0
 0
 0
 0
 0
 0
 -0.01707358078955501
 -2.37986656651312
 -3.620172697623393
 -4.383428278168726
 -4.704302471193974
 -4.068815802751898
 -2.4777160082886276
 0
 0
 0
 0
 0
 0
 0
 0
 0
 0
 0
 0
 0
 -1.905800576691819
 -3.6252447367479883
 -4.8265526079667795
 -5.39863386663739
 -5.060625908959599
 -3.7924959175981092
 -1.5622328386855902
 0
 0
 0
 0
 0
 0
 0
 0
 0
 0
 0
 0
 -1.1535158497368192
 -3.685871548133955
 -5.166547827513837
 -5.889881042869401
 -5.818057453872676
 -4.81416109481343
 -2.803178308659044
 0
 0
 0
 0
 0
 0
 0
 0
 0
 0
 0
 0
 -0.6529542842985618
 -3.722028958949692
 -5.294233657307826
 -6.149614808520724
 -6.317969104246011
 -5.539661857606884
 -3.737327212792299
 -0.15251902026819408
 0
 0
 0
 0
 0
 0
 0
 0
 0
 0
 0
 -0.3383078120385523
 -3.4887361079199257
 -5.128347580639223
 -6.157178572296774
 -6.546358887222114
 -5.9845646845898735
 -4.408248268074918
 -1.2863832090714729
 0
 0
 0
 0
 0
 0
 0
 0
 0
 0
 0
 0
 -2.8153277281132043
 -4.615475866529223
 -5.881246763453184
 -6.49626574249389
 -6.163012010631329
 -4.827187939865647
 -2.1263842290539348
 0
 0
 0
 0
 0
 0
 0
 0
 0
 0
 0
 0
 -1.6162754063418951
 -3.7521998669307326
 -5.308118696442515
 -6.174715598266307
 -6.0692281711255
 -4.937892339646126
 -2.5348461735606946
 0
 0
 0
 0
 0
 0
 0
 0
 0
 0
 0
 0
 0
 -2.6044813707160426
 -4.47351344779103
 -5.609860330648534
 -5.682151433529889
 -4.67078268787874
 -2.4385584617450453
 0
 0
 0
 0
 0
 0
 0
 0
 0
 0
 0
 0
 0
 -1.2231418869021269
 -3.424641010565953
 -4.800283456012657
 -4.990544370663357
 -4.050648403871407
 -1.8647771376574447
 0
 0
 0
 0
 0
 0
 0
 0
 0
 0
 0
 0
 0
 0
 -2.147219831847913
 -3.683599197979195
 -3.9855327675953314
 -3.1543225939103623
 -0.9234465185766796
 0
 0
 0
 0
 0
 0
 0
 0
 0
 0
 0
 0
 0
 0
 -0.6348880310808589
 -2.2568034487770765
 -2.6813367444533984
 -1.9866759888556267
 0
 0
 0
 0
 0
 0
 0
 0
 0
 0
 0
 0
 0
 0
 0
 0
 -0.7071238270158009
 -1.1924033050458638
 -0.5227641761699644
 0
 0
 0
 0
 0
 0
 0
 0
 0
 0
 0
 0
 0
 0
 0
 0
 0
 0
 0
 0
 0
 0
 0
 0
 0
 0
 0
 0
 0
 0
 0
 0
 0
 0
 0
 0
 0
 0
 0
 0
 0
 0
 0
 0
 0
 0
 0
 0
 0
 0
 0
 0
 0
 0
 0
 0
 0
 0
 0
 0
 0
 0
 0
 0
 0
 0
 0
 0
 0
 0
 0
 0
 0
 0
 0
 0
 0
 0
 0
 0
 0
 0
 0
 0
 0
 0
 0
 0
 0
 0
 0
 0
 0
 0
 0
 0
 0
 0
 0
 0
 0
 0
 0
 0
 0
 0
 0
 0
 0
 0
 0
 0
 0
 0
 0
 0
 0
 0
 0
 0
 0
 0
 0
 0
 0
 0
 0
 0
 0
 0
 0
 0
 0
 0
 0
 0
 0
 0
 0
 0
 0
 0
 0
 0
 0
 0
 0
 0
 0
 0
 0
 0
 0
 0
 0
 0
 0
 0
 0
 0
 0
 0
 0
 0
 0
 0
 0
 0
 0
 0
 0
 0
 0
 0
 0
 0
 0
 0
 0
 0
 0
 0
 0
 0
 0
 0
 0
 0
 0
 0
 0
 0
 0
 0
 0
 0
 0
 0
 0
 0
 0
 0
 0
 0
 0
 0
 0
 0
 0
 0
 0
 0
 0
 0
 0
 0
 0
 0
 0
 0
 0
 -0.1086281535548217
 -0.7914815230468193
 -0.7946393360840691
 -0.3110369570151672
 0
 0
 0
 0
 0
 0
 0
 0
 0
 0
 0
 0
 0
 0
 0
 -1.0484457088887993
 -2.006277596823163
 -2.233638090638552
 -1.9426996674264894
 -0.6294003937255512
 0
 0
 0
 0
 0
 0
 0
 0
 0
 0
 0
 0
 0
 0
 -1.608313259383368
 -2.704107090163144
 -3.135125697416628
 -3.0896040746681006
 -2.055402441576998
 0
 0
 0
 0
 0
 0
 0
 0
 0
 0
 0
 0
 0
 0
 -1.6568551762430204
 -2.9300659095831145
 -3.6709831178350303
 -3.9157239778074695
 -3.176635450883561
 -1.463428697556333
 0
 0
 0
 0
 0
 0
 0
 0
 0
 0
 0
 0
 0
 -1.1491885384622096
 -2.9029116737330636
 -4.089355971419323
 -4.564270975498137
 -4.10438442527106
 -2.747767038797601
 -0.46786642829194847
 0
 0
 0
 0
 0
 0
 0
 0
 0
 0
 0
 0
 -0.3664534725340971
 -3.064357839090139
 -4.520970071897693
 -5.0994031641216395
 -4.882560099039133
 -3.8195874887882884
 -1.7970544929010055
 0
 0
 0
 0
 0
 0
 0
 0
 0
 0
 0
 0
 -0.17168673681523217
 -3.3200174491836734
 -4.811184937219373
 -5.474999365804581
 -5.472090421091405
 -4.63750417217562
 -2.828205274358732
 0
 0
 0
 0
 0
 0
 0
 0
 0
 0
 0
 0
 -0.16443430498966194
 -3.279542438809462
 -4.795501125625181
 -5.60220181435351
 -5.802197335246401
 -5.168418144721079
 -3.568942723751607
 -0.34019576806441165
 0
 0
 0
 0
 0
 0
 0
 0
 0
 0
 0
 0
 -2.7319367747972043
 -4.380898259051842
 -5.409958218435279
 -5.8255773820533285
 -5.402375346705066
 -4.022404204880927
 -1.165002457797221
 0
 0
 0
 0
 0
 0
 0
 0
 0
 0
 0
 0
 -1.6109485198965698
 -3.5692088068668175
 -4.892738326753878
 -5.569148076771096
 -5.37243299340631
 -4.16538831260757
 -1.546288286284648
 0
 0
 0
 0
 0
 0
 0
 0
 0
 0
 0
 0
 -0.02040144407076916
 -2.4564200840214294
 -4.148093813262667
 -5.1489780712771935
 -5.126277793576055
 -3.9667959715457792
 -1.415068598203212
 0
 0
 0
 0
 0
 0
 0
 0
 0
 0
 0
 0
 0
 -1.1799729884129588
 -3.3104781458103796
 -4.574570540055682
 -4.6197937775546976
 -3.430185738145349
 -0.807519853973762
 0
 0
 0
 0
 0
 0
 0
 0
 0
 0
 0
 0
 0
 0
 -2.3551316336476704
 -3.687176006748609
 -3.7280996625836096
 -2.541884730490061
 0
 0
 0
 0
 0
 0
 0
 0
 0
 0
 0
 0
 0
 0
 0
 -1.1331504387184115
 -2.376535417217056
 -2.3657610616844487
 -1.2507359475108224
 0
 0
 0
 0
 0
 0
 0
 0
 0
 0
 0
 0
 0
 0
 0
 0
 -0.6997347799746345
 -0.6308794670467517
 0
 0
 0
 0
 0
 0
 0
 0
 0
 0
 0
 0
 0
 0
 0
 0
 0
 0
 0
 0
 0
 0
 0
 0
 0
 0
 0
 0
 0
 0
 0
 0
 0
 0
 0
 0
 0
 0
 0
 0
 0
 0
 0
 0
 0
 0
 0
 0
 0
 0
 0
 0
 0
 0
 0
 0
 0
 0
 0
 0
 0
 0
 0
 0
 0
 0
 0
 0
 0
 0
 0
 0
 0
 0
 0
 0
 0
 0
 0
 0
 0
 0
 0
 0
 0
 0
 0
 0
 0
 0
 0
 0
 0
 0
 0
 0
 0
 0
 0
 0
 0
 0
 0
 0
 0
 0
 0
 0
 0
 0
 0
 0
 0
 0
 0
 0
 0
 0
 0
 0
 0
 0
 0
 0
 0
 0
 0
 0
 0
 0
 0
 0
 0
 0
 0
 0
 0
 0
 0
 0
 0
 0
 0
 0
 0
 0
 0
 0
 0
 0
 0
 0
 0
 0
 0
 0
 0
 0
 0
 0
 0
 0
 0
 0
 0
 0
 0
 0
 0
 0
 0
 0
 0
 0
 0
 0
 0
 0
 0
 0
 0
 0
 0
 0
 0
 0
 0
 0
 0
 0
 0
 0
 0
 0
 0
 0
 0
 0
 0
 0
 0
 0
 0
 0
 0
 0
 0
 0
 0
 0
 0
 0
 0
 0
 0
 0
 0
 0
 0
 0
 0
 0
 0
 0
 0
 0
 0
 0
 0
 0
 0
 0
 0
 0
 0
 0
 0
 0
 0
 0
 0
 0
 -0.7304119552017294
 -1.0860926285597188
 -0.8752720963859355
 0
 0
 0
 0
 0
 0
 0
 0
 0
 0
 0
 0
 0
 0
 0
 -0.31547301309197273
 -1.5096660900381984
 -2.074583178929183
 -2.1001509696463803
 -1.0605659859536658
 0
 0
 0
 0
 0
 0
 0
 0
 0
 0
 0
 0
 0
 0
 -0.41872422635546336
 -1.8474743729144896
 -2.7449166215791383
 -2.9742514630565653
 -2.1258718996363255
 -0.2560846919629114
 0
 0
 0
 0
 0
 0
 0
 0
 0
 0
 0
 0
 0
 0
 -2.0544324919575505
 -3.3173993932950374
 -3.657465185504508
 -3.0224321075209524
 -1.5375555485236587
 0
 0
 0
 0
 0
 0
 0
 0
 0
 0
 0
 0
 0
 0
 -2.503121624877987
 -3.876887952803038
 -4.2815671658569485
 -3.8927944303200768
 -2.7238566222521694
 -0.6197773694180269
 0
 0
 0
 0
 0
 0
 0
 0
 0
 0
 0
 0
 0
 -2.959561464051955
 -4.301977500985245
 -4.806469565283494
 -4.63148116712069
 -3.6684392926481557
 -1.7615048492713
 0
 0
 0
 0
 0
 0
 0
 0
 0
 0
 0
 0
 -0.15279275054110997
 -3.070240373515124
 -4.432499717962201
 -5.07536472431973
 -5.0723409879280865
 -4.276327601017881
 -2.552986198385482
 0
 0
 0
 0
 0
 0
 0
 0
 0
 0
 0
 0
 0
 -2.6411067961903374
 -4.144644037519204
 -4.9833628441424676
 -5.157974273684504
 -4.54111847295936
 -3.0066521012751855
 0
 0
 0
 0
 0
 0
 0
 0
 0
 0
 0
 0
 0
 -1.62104830902497
 -3.4204309974652904
 -4.539529304098638
 -4.970714763735319
 -4.572085609356019
 -3.182104094705678
 -0.2119258979591816
 0
 0
 0
 0
 0
 0
 0
 0
 0
 0
 0
 0
 -0.088568514516572
 -2.342674959815472
 -3.880074362236159
 -4.698105634571901
 -4.506180247343864
 -3.1422250819885784
 -0.0746602483910781
 0
 0
 0
 0
 0
 0
 0
 0
 0
 0
 0
 0
 0
 -1.140067027172889
 -3.2233701083643576
 -4.349889345057775
 -4.2374485683775
 -2.8303041162130356
 0
 0
 0
 0
 0
 0
 0
 0
 0
 0
 0
 0
 0
 0
 -0.15722520879165458
 -2.556014465155587
 -3.7125160241095
 -3.5387568830588654
 -2.0768961859256336
 0
 0
 0
 0
 0
 0
 0
 0
 0
 0
 0
 0
 0
 0
 0
 -1.591584167073611
 -2.6253580843622597
 -2.2882603240855266
 -0.7486490432360444
 0
 0
 0
 0
 0
 0
 0
 0
 0
 0
 0
 0
 0
 0
 0
 -0.15477351578255139
 -1.0794306863030894
 -0.5695845571619511
 0
 0
 0
 0
 0
 0
 0
 0
 0
 0
 0
 0
 0
 0
 0
 0
 0
 0
 0
 0
 0
 0
 0
 0
 0
 0
 0
 0
 0
 0
 0
 0
 0
 0
 0
 0
 0
 0
 0
 0
 0
 0
 0
 0
 0
 0
 0
 0
 0
 0
 0
 0
 0
 0
 0
 0
 0
 0
 0
 0
 0
 0
 0
 0
 0
 0
 0
 0
 0
 0
 0
 0
 0
 0
 0
 0
 0
 0
 0
 0
 0
 0
 0
 0
 0
 0
 0
 0
 0
 0
 0
 0
 0
 0
 0
 0
 0
 0
 0
 0
 0
 0
 0
 0
 0
 0
 0
 0
 0
 0
 0
 0
 0
 0
 0
 0
 0
 0
 0
 0
 0
 0
 0
 0
 0
 0
 0
 0
 0
 0
 0
 0
 0
 0
 0
 0
 0
 0
 0
 0
 0
 0
 0
 0
 0
 0
 0
 0
 0
 0
 0
 0
 0
 0
 0
 0
 0
 0
 0
 0
 0
 0
 0
 0
 0
 0
 0
 0
 0
 0
 0
 0
 0
 0
 0
 0
 0
 0
 0
 0
 0
 0
 0
 0
 0
 0
 0
 0
 0
 0
 0
 0
 0
 0
 0
 0
 0
 0
 0
 0
 0
 0
 0
 0
 0
 0
 0
 0
 0
 0
 0
 0
 0
 0
 0
 0
 0
 0
 0
 0
 0
 0
 0
 0
 0
 0
 0
 0
 0
 0
 0
 0
 0
 0
 0
 0
 0
 0
 0
 0
 0
 0
 0
 0
 0
 0
 0
 0
 0
 0
 0
 0
 0
 0
 0
 0
 0
 0
 0
 0
 0
 0
 -0.7569238222747421
 -0.8586833566689007
 0
 0
 0
 0
 0
 0
 0
 0
 0
 0
 0
 0
 0
 0
 0
 0
 -0.5740996296372565
 -1.6953661385669951
 -1.868232908466723
 -0.8906294513435311
 0
 0
 0
 0
 0
 0
 0
 0
 0
 0
 0
 0
 0
 0
 0
 -1.1546865220411675
 -2.4658032626584623
 -2.660422618323193
 -1.8748489989073907
 -0.326590844307999
 0
 0
 0
 0
 0
 0
 0
 0
 0
 0
 0
 0
 0
 0
 -1.8236396203586942
 -3.1098357069298963
 -3.3935910689365736
 -2.91035630665131
 -1.6719974783781293
 0
 0
 0
 0
 0
 0
 0
 0
 0
 0
 0
 0
 0
 0
 -2.38485032302228
 -3.629523844628805
 -4.059834029229033
 -3.792321539478893
 -2.7169669561442538
 -0.6851414817755348
 0
 0
 0
 0
 0
 0
 0
 0
 0
 0
 0
 0
 0
 -2.6041269335412522
 -3.9116223299565105
 -4.48522305526562
 -4.336861696146985
 -3.3783440678413683
 -1.498847722079799
 0
 0
 0
 0
 0
 0
 0
 0
 0
 0
 0
 0
 0
 -2.3046420713597655
 -3.7910472081256286
 -4.536677597534702
 -4.519768890513063
 -3.679968807992485
 -1.928791317158856
 0
 0
 0
 0
 0
 0
 0
 0
 0
 0
 0
 0
 0
 -1.428634628119858
 -3.186253290445949
 -4.189183902808252
 -4.42101684066222
 -3.751379684731412
 -2.1042087015416016
 0
 0
 0
 0
 0
 0
 0
 0
 0
 0
 0
 0
 0
 0
 -2.1199647670753183
 -3.5491299782432026
 -4.183978343033497
 -3.757783373640107
 -2.1934429365471084
 0
 0
 0
 0
 0
 0
 0
 0
 0
 0
 0
 0
 0
 0
 -0.9016840511020296
 -2.9420838406786727
 -3.917842302315207
 -3.6241726387569884
 -2.0765897819958106
 0
 0
 0
 0
 0
 0
 0
 0
 0
 0
 0
 0
 0
 0
 -0.1072434049918769
 -2.4770929889646336
 -3.4780283649908545
 -3.097413745957998
 -1.4746206346440554
 0
 0
 0
 0
 0
 0
 0
 0
 0
 0
 0
 0
 0
 0
 0
 -1.7096885449721864
 -2.608309011657002
 -2.0309045084828714
 -0.24415259150143065
 0
 0
 0
 0
 0
 0
 0
 0
 0
 0
 0
 0
 0
 0
 0
 -0.3772893790984533
 -1.2052008389712006
 -0.46639621315725144
 0
 0
 0
 0
 0
 0
 0
 0
 0
 0
 0
 0
 0
 0
 0
 0
 0
 0
 0
 0
 0
 0
 0
 0
 0
 0
 0
 0
 0
 0
 0
 0
 0
 0
 0
 0
 0
 0
 0
 0
 0
 0
 0
 0
 0
 0
 0
 0
 0
 0
 0
 0
 0
 0
 0
 0
 0
 0
 0
 0
 0
 0
 0
 0
 0
 0
 0
 0
 0
 0
 0
 0
 0
 0
 0
 0
 0
 0
 0
 0
 0
 0
 0
 0
 0
 0
 0
 0
 0
 0
 0
 0
 0
 0
 0
 0
 0
 0
 0
 0
 0
 0
 0
 0
 0
 0
 0
 0
 0
 0
 0
 0
 0
 0
 0
 0
 0
 0
 0
 0
 0
 0
 0
 0
 0
 0
 0
 0
 0
 0
 0
 0
 0
 0
 0
 0
 0
 0
 0
 0
 0
 0
 0
 0
 0
 0
 0
 0
 0
 0
 0
 0
 0
 0
 0
 0
 0
 0
 0
 0
 0
 0
 0
 0
 0
 0
 0
 0
 0
 0
 0
 0
 0
 0
 0
 0
 0
 0
 0
 0
 0
 0
 0
 0
 0
 0
 0
 0
 0
 0
 0
 0
 0
 0
 0
 0
 0
 0
 0
 0
 0
 0
 0
 0
 0
 0
 0
 0
 0
 0
 0
 0
 0
 0
 0
 0
 0
 0
 0
 0
 0
 0
 0
 0
 0
 0
 0
 0
 0
 0
 0
 0
 0
 0
 0
 0
 0
 0
 0
 0
 0
 0
 0
 0
 0
 0
 0
 0
 0
 0
 0
 0
 0
 0
 0
 0
 0
 0
 0
 0
 0
 0
 0
 0
 0
 0
 0
 0
 0
 0
 0
 0
 0
 0
 0
 0
 0
 0
 0
 0
 0
 -0.5647619695797044
 -0.6644393332760181
 0
 0
 0
 0
 0
 0
 0
 0
 0
 0
 0
 0
 0
 0
 0
 0
 -0.121106733402911
 -1.4413037921421186
 -1.5527325510005454
 -0.6811381893676014
 0
 0
 0
 0
 0
 0
 0
 0
 0
 0
 0
 0
 0
 0
 0
 -0.8885691439693888
 -2.153410961404999
 -2.406985407580388
 -1.8753148261457415
 -0.5821858127300281
 0
 0
 0
 0
 0
 0
 0
 0
 0
 0
 0
 0
 0
 0
 -1.5248351977696721
 -2.7892456300252144
 -3.234388482777762
 -2.8867536179533175
 -1.7006734864060826
 0
 0
 0
 0
 0
 0
 0
 0
 0
 0
 0
 0
 0
 0
 -1.8478716215533595
 -3.2276104470228946
 -3.821352832127099
 -3.548819400519829
 -2.4271566771518636
 -0.41123028470272516
 0
 0
 0
 0
 0
 0
 0
 0
 0
 0
 0
 0
 0
 -1.6917070259121143
 -3.250433889595114
 -3.993950101135198
 -3.8392036450336633
 -2.7978055135891466
 -0.8447502828662259
 0
 0
 0
 0
 0
 0
 0
 0
 0
 0
 0
 0
 0
 -0.992466051114369
 -2.7228995313964415
 -3.6840802629922917
 -3.7847422742352776
 -2.8977534923699677
 -1.012755671221595
 0
 0
 0
 0
 0
 0
 0
 0
 0
 0
 0
 0
 0
 0
 -1.6319531623798245
 -2.980544704577042
 -3.487092739043014
 -2.8689517777647415
 -1.1341424510376115
 0
 0
 0
 0
 0
 0
 0
 0
 0
 0
 0
 0
 0
 0
 -0.3334933808400642
 -2.3264385399813934
 -3.2007507654924394
 -2.7583473319369887
 -1.0991523395539398
 0
 0
 0
 0
 0
 0
 0
 0
 0
 0
 0
 0
 0
 0
 0
 -1.9747695024796181
 -2.8846365680086183
 -2.346211759701097
 -0.5888039448311453
 0
 0
 0
 0
 0
 0
 0
 0
 0
 0
 0
 0
 0
 0
 0
 -1.3160387900601211
 -2.1500437717918546
 -1.4260001048156807
 0
 0
 0
 0
 0
 0
 0
 0
 0
 0
 0
 0
 0
 0
 0
 0
 -0.03394996169616782
 -0.822360006888661
 0
 0
 0
 0
 0
 0
 0
 0
 0
 0
 0
 0
 0
 0
 0
 0
 0
 0
 0
 0
 0
 0
 0
 0
 0
 0
 0
 0
 0
 0
 0
 0
 0
 0
 0
 0
 0
 0
 0
 0
 0
 0
 0
 0
 0
 0
 0
 0
 0
 0
 0
 0
 0
 0
 0
 0
 0
 0
 0
 0
 0
 0
 0
 0
 0
 0
 0
 0
 0
 0
 0
 0
 0
 0
 0
 0
 0
 0
 0
 0
 0
 0
 0
 0
 0
 0
 0
 0
 0
 0
 0
 0
 0
 0
 0
 0
 0
 0
 0
 0
 0
 0
 0
 0
 0
 0
 0
 0
 0
 0
 0
 0
 0
 0
 0
 0
 0
 0
 0
 0
 0
 0
 0
 0
 0
 0
 0
 0
 0
 0
 0
 0
 0
 0
 0
 0
 0
 0
 0
 0
 0
 0
 0
 0
 0
 0
 0
 0
 0
 0
 0
 0
 0
 0
 0
 0
 0
 0
 0
 0
 0
 0
 0
 0
 0
 0
 0
 0
 0
 0
 0
 0
 0
 0
 0
 0
 0
 0
 0
 0
 0
 0
 0
 0
 0
 0
 0
 0
 0
 0
 0
 0
 0
 0
 0
 0
 0
 0
 0
 0
 0
 0
 0
 0
 0
 0
 0
 0
 0
 0
 0
 0
 0
 0
 0
 0
 0
 0
 0
 0
 0
 0
 0
 0
 0
 0
 0
 0
 0
 0
 0
 0
 0
 0
 0
 0
 0
 0
 0
 0
 0
 0
 0
 0
 0
 0
 0
 0
 0
 0
 0
 0
 0
 0
 0
 0
 0
 0
 0
 0
 0
 0
 0
 0
 0
 0
 0
 0
 0
 0
 0
 0
 0
 0
 0
 0
 0
 0
 0
 0
 0
 0
 0
 0
 0
 0
 0
 0
 0
 0
 0
 0
 0
 0
 0
 0
 0
 0
 0
 0
 0
 -0.10407518191257203
 -0.15555281461782577
 0
 0
 0
 0
 0
 0
 0
 0
 0
 0
 0
 0
 0
 0
 0
 0
 0
 -0.928224382423882
 -1.2168578840980127
 -0.636418769309743
 0
 0
 0
 0
 0
 0
 0
 0
 0
 0
 0
 0
 0
 0
 0
 -0.426785940770225
 -1.744955329870721
 -2.264798352242071
 -1.8153432772877434
 -0.45256120531708
 0
 0
 0
 0
 0
 0
 0
 0
 0
 0
 0
 0
 0
 0
 -0.9818022320196924
 -2.3619537821851697
 -3.012449881431359
 -2.611963366751521
 -1.2727784388388743
 0
 0
 0
 0
 0
 0
 0
 0
 0
 0
 0
 0
 0
 0
 -1.1922407645765185
 -2.518210786706584
 -3.272031807532934
 -2.990648934494672
 -1.7311758087387394
 0
 0
 0
 0
 0
 0
 0
 0
 0
 0
 0
 0
 0
 0
 -0.9946317575852879
 -2.0694217892089926
 -2.963293675222892
 -2.9385619911407543
 -1.848773447502876
 0
 0
 0
 0
 0
 0
 0
 0
 0
 0
 0
 0
 0
 0
 -0.2643171788136325
 -0.9952972235587039
 -2.1672421050979516
 -2.54466466393942
 -1.7365209044515098
 0
 0
 0
 0
 0
 0
 0
 0
 0
 0
 0
 0
 0
 0
 0
 0
 -1.420594345060099
 -2.201848624678772
 -1.605802817721341
 0
 0
 0
 0
 0
 0
 0
 0
 0
 0
 0
 0
 0
 0
 0
 0
 -1.1403567233634808
 -1.9841833790526318
 -1.3045436529652656
 0
 0
 0
 0
 0
 0
 0
 0
 0
 0
 0
 0
 0
 0
 0
 0
 -0.5525550864965547
 -1.3470889801584782
 -0.5171187628078009
 0
 0
 0
 0
 0
 0
 0
 0
 0
 0
 0
 0
 0
 0
 0
 0
 0
 -0.06664249360273367
 0
 0
 0
 0
 0
 0
 0
 0
 0
 0
 0
 0
 0
 0
 0
 0
 0
 0
 0
 0
 0
 0
 0
 0
 0
 0
 0
 0
 0
 0
 0
 0
 0
 0
 0
 0
 0
 0
 0
 0
 0
 0
 0
 0
 0
 0
 0
 0
 0
 0
 0
 0
 0
 0
 0
 0
 0
 0
 0
 0
 0
 0
 0
 0
 0
 0
 0
 0
 0
 0
 0
 0
 0
 0
 0
 0
 0
 0
 0
 0
 0
 0
 