23	11	21
 0.2	0.2	0.2
 -2.8	-9	-3
 0
 0
 0
 0
 0
 0
 0
 0
 0
 0
 0
 0
 0
 0
 0
 0
 0
 0
 0
 0
 0
 0
 0
 0
 0
 0
 0
 0
 0
 0
 0
 0
 0
 0
 0
 0
 0
 0
 0
 0
 0
 0
 0
 0
 0
 0
 0
 0
 0
 0
 0
 0
 0
 0
 0
 0
 0
 0
 0
 0
 0
 0
 0
 0
 0
 0
 0
 0
 0
 0
 0
 0
 0
 0
 0
 0
 0
 0
 0
 0
 0
 0
 0
 0
 0
 0
 0
 0
 0
 0
 0
 0
 0
 0
 0
 0
 0
 0
 0
 0
 0
 0
 0
 0
 0
 0
 0
 0
 0
 0
 0
 0
 0
 0
 0
 0
 0
 0
 0
 0
 0
 0
 0
 0
 0
 0
 0
 0
 0
 0
 0
 0
 0
 0
 0
 0
 0
 0
 0
 0
 0
 0
 0
 0
 0
 0
 0
 0
 0
 0
 0
 0
 0
 0
 0
 0
 0
 0
 0
 0
 0
 0
 0
 0
 0
 0
 0
 0
 0
 0
 0
 0
 0
 0
 0
 0
 0
 0
 0
 0
 0
 0
 0
 0
 0
 0
 0
 0
 0
 0
 0
 0
 0
 0
 0
 0
 0
 0
 0
 0
 0
 0
 0
 0
 0
 0
 0
 0
 0
 0
 0
 0
 0
 0
 0
 0
 0
 0
 0
 0
 0
 0
 0
 0
 0
 0
 0
 0
 0
 0
 0
 0
 0
 0
 0
 0
 0
 0
 0
 0
 0
 0
 0
 0
 0
 0
 0
 0
 0
 0
 0
 0
 0
 0
 0
 0
 0
 0
 0
 0
 0
 0
 0
 0
 0
 0
 0
 0
 0
 0
 0
 0
 0
 0
 0
 0
 0
 0
 0
 0
 0
 0
 0
 0
 0
 0
 0
 0
 0
 0
 0
 0
 0
 0
 0
 0
 0
 0
 0
 0
 0
 0
 0
 0
 0
 0
 0
 0
 0
 0
 0
 0
 0
 0
 0
 0
 0
 0
 0
 0
 0
 0
 0
 0
 0
 0
 0
 0
 0
 0
 0
 0
 0
 0
 0
 0
 0
 0
 0
 0
 0
 0
 0
 0
 0
 0
 0
 0
 0
 0
 0
 0
 0
 0
 0
 0
 0
 0
 0
 0
 0
 0
 0
 0
 0
 0
 0
 0
 0
 0
 0
 0
 0
 0
 0
 0
 0
 0
 0
 0
 0
 0
 0
 0
 0
 0
 0
 0
 0
 0
 0
 0
 0
 0
 0
 0
 0
 0
 0
 0
 0
 0
 0
 0
 0
 0
 0
 0
 0
 0
 0
 0
 0
 0
 0
 0
 0
 0
 0
 0
 0
 0
 0
 0
 0
 0
 0
 0
 0
 0
 0
 0
 0
 0
 0
 0
 0
 0
 0
 0
 0
 0
 0
 0
 0
 0
 0
 0
 0
 0
 0
 0
 0
 0
 0
 0
 0
 0
 0
 0
 0
 0
 0
 0
 0
 0
 0
 0
 0
 0
 0
 0
 0
 0
 0
 0
 0
 0
 0
 0
 0
 0
 0
 0
 0
 0
 0
 0
 0
 0
 0
 0
 0
 0
 0
 0
 0
 0
 0
 0
 0
 0
 0
 0
 0
 0
 0
 0
 0
 0
 0
 0
 0
 0
 0
 0
 0
 0
 0
 0
 0
 0
 0
 0
 0
 0
 0
 0
 0
 0
 0
 0
 0
 0
 0
 0
 0
 0
 0
 0
 0
 0
 0
 0
 0
 0
 0
 0
 0
 0
 0
 0
 0
 0
 0
 0
 0
 0
 0
 0
 0
 0
 0
 0
 0
 0
 0
 0
 0
 0
 0
 0
 0
 0
 0
 0
 0
 0
 0
 0
 0
 0
 0
 0
 0
 0
 0
 0
 0
 0
 0
 0
 0
 0
 0
 0
 0
 0
 0
 0
 0
 0
 0
 0
 0
 0
 0
 0
 0
 0
 0
 0
 0
 0
 0
 0
 0
 0
 0
 0
 0
 0
 0
 0
 0
 0
 0
 0
 0
 0
 0
 0
 0
 0
 0
 0
 0
 0
 0
 0
 0
 0
 0
 0
 0
 0
 0
 0
 0
 0
 0
 0
 0
 0
 0
 0
 0
 0
 0
 0
 0
 0
 0
 0
 0
 0
 0
 0
 0
 0
 0
 0
 0
 0
 0
 0
 0
 0
 0
 0
 0
 0
 0
 0
 0
 0
 0
 0
 0
 0
 0
 0
 0
 0
 0
 0
 0
 0
 0
 0
 0
 0
 0
 0
 0
 0
 0
 0
 0
 0
 0
 0
 0
 0
 0
 0
 0
 0
 0
 0
 0
 0
 0
 0
 0
 0
 0
 0
 0
 0
 0
 0
 0
 0
 0
 0
 0
 0
 0
 0
 0
 0
 0
 0
 0
 0
 0
 0
 0
 0
 0
 0
 0
 0
 0
 0
 0
 0
 0
 0
 0
 0
 0
 0
 0
 0
 0
 0
 0
 0
 0
 0
 0
 0
 0
 0
 0
 0
 0
 0
 0
 0
 0
 0
 0
 0
 0
 0
 0
 0
 0
 0
 0
 0
 0
 0
 0
 0
 0
 0
 0
 0
 0
 0
 0
 0
 0
 0
 0
 0
 0
 0
 0
 0
 0
 0
 0
 0
 0
 0
 0
 0
 0
 0
 0
 0
 0
 0
 0
 0
 0
 0
 0
 0
 0
 0
 0
 0
 0
 0
 0
 0
 0
 0
 0
 -0.05496090959731781
 0
 0
 0
 0
 0
 0
 0
 0
 0
 0
 0
 0
 0
 0
 0
 0
 0
 0
 0
 -0.6309688436313294
 -0.8333637562912601
 -0.47344692539155275
 0
 0
 0
 0
 0
 0
 0
 0
 0
 0
 0
 0
 0
 0
 0
 0
 0
 0
 0
 0
 0
 0
 0
 0
 0
 0
 0
 0
 0
 0
 0
 0
 0
 0
 0
 0
 0
 0
 0
 0
 0
 0
 0
 0
 0
 0
 0
 0
 0
 0
 0
 0
 0
 0
 0
 0
 0
 0
 0
 0
 0
 0
 0
 0
 0
 0
 0
 0
 0
 0
 0
 0
 0
 0
 0
 0
 0
 0
 0
 0
 0
 0
 0
 0
 0
 0
 0
 0
 0
 0
 0
 0
 0
 0
 0
 0
 0
 0
 0
 0
 0
 0
 0
 0
 0
 0
 0
 0
 0
 0
 0
 0
 0
 0
 0
 0
 0
 0
 0
 0
 0
 0
 0
 0
 0
 0
 0
 0
 0
 0
 0
 0
 0
 0
 0
 0
 0
 0
 0
 0
 0
 0
 0
 0
 0
 0
 0
 0
 0
 0
 0
 0
 0
 0
 0
 0
 0
 0
 0
 0
 0
 0
 0
 0
 0
 0
 0
 0
 0
 0
 0
 0
 0
 0
 0
 0
 0
 0
 0
 0
 0
 0
 0
 0
 0
 0
 0
 0
 0
 0
 0
 0
 0
 0
 0
 0
 0
 0
 0
 0
 0
 0
 0
 0
 0
 0
 -0.9687207787170529
 -1.7275084487622414
 -1.9299193658012004
 -1.5700751480954556
 -0.6628021474481303
 0
 0
 0
 0
 0
 0
 0
 0
 0
 0
 0
 0
 0
 0
 0
 -0.4385157093843519
 -1.7471288057464807
 -2.505912938962581
 -2.7083078563599248
 -2.3483910469552343
 -1.44079779162446
 -0.0220741518659473
 0
 0
 0
 0
 0
 0
 0
 0
 0
 0
 0
 0
 0
 0
 0
 0
 0
 0
 0
 0
 0
 0
 0
 0
 0
 0
 0
 0
 0
 0
 0
 0
 0
 0
 0
 0
 0
 0
 0
 0
 0
 0
 0
 0
 0
 0
 0
 0
 0
 0
 0
 0
 0
 0
 0
 0
 0
 0
 0
 0
 0
 0
 0
 0
 0
 0
 0
 0
 0
 0
 0
 0
 0
 0
 0
 0
 0
 0
 0
 0
 0
 0
 0
 0
 0
 0
 0
 0
 0
 0
 0
 0
 0
 0
 0
 0
 0
 0
 0
 0
 0
 0
 0
 0
 0
 0
 0
 0
 0
 0
 0
 0
 0
 0
 0
 0
 0
 0
 0
 0
 0
 0
 0
 0
 0
 0
 0
 0
 0
 0
 0
 0
 0
 0
 0
 0
 0
 0
 0
 0
 0
 0
 0
 0
 0
 0
 0
 0
 0
 0
 0
 0
 0
 0
 0
 0
 0
 0
 0
 0
 0
 0
 0
 0
 0
 0
 0
 0
 0
 0
 0
 0
 0
 0
 0
 0
 0
 0
 0
 0
 0
 0
 0
 0
 0
 0
 0
 0
 0
 0
 0
 0
 0
 0
 0
 0
 0
 0
 0
 0
 0
 0
 0
 -1.2621966109544145
 -2.5708146712897455
 -3.329618437090913
 -3.5321022545171
 -3.172589845355568
 -2.2667945961628693
 -0.8557439034413745
 0
 0
 0
 0
 0
 0
 0
 0
 0
 0
 0
 0
 0
 -0.22348075926824063
 -2.040604555649118
 -3.3492176537438194
 -4.10800179381705
 -4.310396742338455
 -3.9504800754419143
 -3.0428874665881955
 -1.6241667623183922
 0
 0
 0
 0
 0
 0
 0
 0
 0
 0
 0
 0
 0
 0
 0
 -0.2678418392058832
 -1.0266259709159415
 -1.2290208815003272
 -0.8691040411833173
 0
 0
 0
 0
 0
 0
 0
 0
 0
 0
 0
 0
 0
 0
 0
 0
 0
 0
 0
 0
 0
 0
 0
 0
 0
 0
 0
 0
 0
 0
 0
 0
 0
 0
 0
 0
 0
 0
 0
 0
 0
 0
 0
 0
 0
 0
 0
 0
 0
 0
 0
 0
 0
 0
 0
 0
 0
 0
 0
 0
 0
 0
 0
 0
 0
 0
 0
 0
 0
 0
 0
 0
 0
 0
 0
 0
 0
 0
 0
 0
 0
 0
 0
 0
 0
 0
 0
 0
 0
 0
 0
 0
 0
 0
 0
 0
 0
 0
 0
 0
 0
 0
 0
 0
 0
 0
 0
 0
 0
 0
 0
 0
 0
 0
 0
 0
 0
 0
 0
 0
 0
 0
 0
 0
 0
 0
 0
 0
 0
 0
 0
 0
 0
 0
 0
 0
 0
 0
 0
 0
 0
 0
 0
 0
 0
 0
 -0.036811451102377823
 -0.6207222784221207
 -0.6504485240893372
 -0.15699984010491175
 0
 0
 0
 0
 0
 0
 0
 0
 0
 0
 0
 0
 0
 0
 0
 0
 -0.49587559441328466
 -1.0874108566231682
 -1.4948415034057527
 -1.4896313443768294
 -1.0124894516630851
 -0.07582355173442501
 0
 0
 0
 0
 0
 0
 0
 0
 0
 0
 0
 -0.3881719957168963
 -2.2052989612673253
 -3.513929099537162
 -4.272780648669667
 -4.475481056461222
 -4.116956268866148
 -3.2155789232247316
 -1.8236460734187272
 0
 0
 0
 0
 0
 0
 0
 0
 0
 0
 0
 0
 0
 -1.1665802096738283
 -2.9837040070107586
 -4.2923171102487885
 -5.051101270693797
 -5.253496311919558
 -4.8935800724327985
 -3.9859894424025804
 -2.567278249646263
 -0.42111953119984147
 0
 0
 0
 0
 0
 0
 0
 0
 0
 0
 0
 0
 0
 0
 -1.2109412893331015
 -1.9697254210431652
 -2.172120331627551
 -1.812203491310541
 -0.9046100995762627
 0
 0
 0
 0
 0
 0
 0
 0
 0
 0
 0
 0
 0
 0
 0
 0
 0
 0
 0
 0
 0
 0
 0
 0
 0
 0
 0
 0
 0
 0
 0
 0
 0
 0
 0
 0
 0
 0
 0
 0
 0
 0
 0
 0
 0
 0
 0
 0
 0
 0
 0
 0
 0
 0
 0
 0
 0
 0
 0
 0
 0
 0
 0
 0
 0
 0
 0
 0
 0
 0
 0
 0
 0
 0
 0
 0
 0
 0
 0
 0
 0
 0
 0
 0
 0
 0
 0
 0
 0
 0
 0
 0
 0
 0
 0
 0
 0
 0
 0
 0
 0
 0
 0
 0
 0
 0
 0
 0
 0
 0
 0
 0
 0
 0
 0
 0
 0
 0
 0
 0
 0
 0
 0
 0
 0
 0
 0
 0
 0
 0
 0
 0
 0
 0
 0
 0
 0
 0
 0
 0
 0
 0
 0
 0
 -0.8537010841397015
 -2.002808569806234
 -2.589186798202508
 -2.626498546206561
 -2.1547380850946163
 -1.205738013776509
 0
 0
 0
 0
 0
 0
 0
 0
 0
 0
 0
 0
 0
 0
 -0.7342915061073372
 -1.8949347665830603
 -2.872412699433189
 -3.4229358803044683
 -3.471658233930887
 -3.0547368866418547
 -2.23703251657329
 -1.0886912393672397
 0
 0
 0
 0
 0
 0
 0
 0
 0
 0
 -0.8016327969794794
 -2.618771547294625
 -3.9274650718441677
 -4.686567539353804
 -4.890407308470172
 -4.537094572092262
 -3.6591224212636475
 -2.3671554888476165
 -0.8203080493054378
 0
 0
 0
 0
 0
 0
 0
 0
 0
 0
 0
 0
 -1.5800375811121068
 -3.3971613834650913
 -4.705774513712565
 -5.464558781356502
 -5.666954313752706
 -5.307040380054723
 -4.399460981126775
 -2.9808109501062203
 -0.8351977778542707
 0
 0
 0
 0
 0
 0
 0
 0
 0
 0
 0
 0
 0
 -0.315785563329678
 -1.6243986593109097
 -2.3831827910209746
 -2.5855777016053594
 -2.2256608612883495
 -1.318067469554073
 0
 0
 0
 0
 0
 0
 0
 0
 0
 0
 0
 0
 0
 0
 0
 0
 0
 0
 0
 0
 0
 0
 0
 0
 0
 0
 0
 0
 0
 0
 0
 0
 0
 0
 0
 0
 0
 0
 0
 0
 0
 0
 0
 0
 0
 0
 0
 0
 0
 0
 0
 0
 0
 0
 0
 0
 0
 0
 0
 0
 0
 0
 0
 0
 0
 0
 0
 0
 0
 0
 0
 0
 0
 0
 0
 0
 0
 0
 0
 0
 0
 0
 0
 0
 0
 0
 0
 0
 0
 0
 0
 0
 0
 0
 0
 0
 0
 0
 0
 0
 0
 0
 0
 0
 0
 0
 0
 0
 0
 0
 0
 0
 0
 0
 0
 0
 0
 0
 0
 0
 0
 0
 0
 0
 0
 0
 0
 0
 0
 0
 0
 0
 0
 0
 0
 0
 0
 0
 0
 0
 0
 0
 0
 -0.40977285689962883
 -2.104511356383678
 -3.255004223398589
 -3.845456124679577
 -3.8953667386849844
 -3.458331780390449
 -2.5948411818523867
 -1.3957544064665077
 -0.20076738259432325
 0
 0
 0
 0
 0
 0
 0
 0
 0
 0
 0
 0
 -1.4815950352246627
 -2.982167657025804
 -4.086888762756511
 -4.678844216325899
 -4.764930434832145
 -4.424451753501235
 -3.748159405519368
 -2.7911731497331878
 -1.5866824527172163
 0
 0
 0
 0
 0
 0
 0
 0
 0
 -0.703477313085453
 -2.5206586909946775
 -3.829581588335797
 -4.589592610151142
 -4.7975634615592275
 -4.463101283430951
 -3.6672922551015263
 -2.6741114495036253
 -1.8496662575381602
 -1.2878590440436266
 -0.5339129694153888
 0
 0
 0
 0
 0
 0
 0
 0
 0
 0
 -1.4818696896489083
 -3.298993510145899
 -4.607606738247069
 -5.366391395672333
 -5.568788735412131
 -5.208883548504081
 -4.301350221953004
 -2.882993631857826
 -0.7404815138078309
 0
 0
 0
 0
 0
 0
 0
 0
 0
 0
 0
 0
 0
 -0.21761766658354986
 -1.5262307625647806
 -2.285014894274846
 -2.4874098048592312
 -2.127492964542222
 -1.219899572807945
 0
 0
 0
 0
 0
 0
 0
 0
 0
 0
 0
 0
 0
 0
 0
 0
 0
 0
 0
 0
 0
 0
 0
 0
 0
 0
 0
 0
 0
 0
 0
 0
 0
 0
 0
 0
 0
 0
 0
 0
 0
 0
 0
 0
 0
 0
 0
 0
 0
 0
 0
 0
 0
 0
 0
 0
 0
 0
 0
 0
 0
 0
 0
 0
 0
 0
 0
 0
 0
 0
 0
 0
 0
 0
 0
 0
 0
 0
 0
 0
 0
 0
 0
 0
 0
 0
 0
 0
 0
 0
 0
 0
 0
 0
 0
 0
 0
 0
 0
 0
 0
 0
 0
 0
 0
 0
 0
 0
 0
 0
 0
 0
 0
 0
 0
 0
 0
 0
 0
 0
 0
 0
 0
 0
 0
 -0.01937027656955781
 -0.11237379553640992
 0
 0
 0
 0
 0
 0
 0
 0
 0
 0
 0
 0
 0
 0
 0
 0
 -1.1744338763105926
 -2.869912447596484
 -4.023506312745456
 -4.623779245346004
 -4.7031384827722595
 -4.341115897456776
 -3.639141208146237
 -2.7510985917187245
 -1.9788061448215708
 -1.2908202530518311
 -0.47117726029599005
 0
 0
 0
 0
 0
 0
 0
 0
 0
 -0.05542349657426815
 -2.054186265137584
 -3.6998584412856372
 -4.849757998268912
 -5.472689350492219
 -5.6237237405568425
 -5.417821221468317
 -4.935013907374275
 -4.163628108932722
 -3.0480952717860035
 -1.362932700577037
 0
 0
 0
 0
 0
 0
 0
 0
 -0.04344282223034668
 -1.8608054020713798
 -3.170703729953266
 -3.934578181538523
 -4.160059934086398
 -3.9029295171402625
 -3.3935488632851367
 -3.039290091937755
 -2.878674131655343
 -2.6053014992405172
 -1.9797192881612524
 -0.9003800941099991
 0
 0
 0
 0
 0
 0
 0
 0
 0
 -0.8217824085126715
 -2.638906306115064
 -3.9475199515200012
 -4.706306284548773
 -4.908711597344078
 -4.548847461782586
 -3.641561976066544
 -2.2251407447201665
 -0.10625777904885414
 0
 0
 0
 0
 0
 0
 0
 0
 0
 0
 0
 0
 0
 0
 -0.8661434589717096
 -1.6249275906817733
 -1.827322501266158
 -1.467405660949149
 -0.559812269214869
 0
 0
 0
 0
 0
 0
 0
 0
 0
 0
 0
 0
 0
 0
 0
 0
 0
 0
 0
 0
 0
 0
 0
 0
 0
 0
 0
 0
 0
 0
 0
 0
 0
 0
 0
 0
 0
 0
 0
 0
 0
 0
 0
 0
 0
 0
 0
 0
 0
 0
 0
 0
 0
 0
 0
 0
 0
 0
 0
 0
 0
 0
 0
 0
 0
 0
 0
 0
 0
 0
 0
 0
 0
 0
 0
 0
 0
 0
 0
 0
 0
 0
 0
 0
 0
 0
 0
 0
 0
 0
 0
 0
 0
 0
 0
 0
 0
 0
 0
 0
 0
 0
 0
 0
 0
 0
 0
 0
 0
 0
 0
 0
 0
 0
 0
 0
 0
 0
 0
 0
 0
 0
 0
 0
 0
 -0.5191853007649874
 -0.8263052337511843
 -0.8163681824577322
 -0.7889860523371031
 -1.09960374892637
 -1.3820013805802533
 -1.2502980227061151
 -0.5626735149815989
 0
 0
 0
 0
 0
 0
 0
 0
 0
 0
 -1.4228533094314688
 -3.114861654332213
 -4.272948970278953
 -4.894149206958598
 -5.033361187420442
 -4.800822910479096
 -4.3256227995452825
 -3.8109842696164806
 -3.477293379845469
 -3.103524985547836
 -2.3666108734533005
 -1.054984425837656
 0
 0
 0
 0
 0
 0
 0
 0
 -0.09642203332784316
 -2.2349044496147576
 -3.923141065312861
 -5.094564781788463
 -5.7575546725994915
 -6.006595003344473
 -5.966316860314294
 -5.655780977617578
 -5.007233877513668
 -3.9596656148358407
 -2.418148120158222
 -0.9019797256224154
 0
 0
 0
 0
 0
 0
 0
 0
 -0.6492472980328001
 -1.9632715642825764
 -2.7433458741583485
 -3.0395432096893824
 -3.045352012017022
 -3.126845851939188
 -3.379864318238071
 -3.5555519689193353
 -3.419531013811465
 -2.8539256788354526
 -1.7921347090031157
 -0.06413933452547038
 0
 0
 0
 0
 0
 0
 0
 0
 0
 -1.4263537998894638
 -2.734969218004261
 -3.493762767217484
 -3.696203942729111
 -3.336542561284772
 -2.4306988636574722
 -1.027589564382323
 0
 0
 0
 0
 0
 0
 0
 0
 0
 0
 0
 0
 0
 0
 0
 0
 -0.4123746635755312
 -0.614769574159916
 -0.25485273384291496
 0
 0
 0
 0
 0
 0
 0
 0
 0
 0
 0
 0
 0
 0
 0
 0
 0
 0
 0
 0
 0
 0
 0
 0
 0
 0
 0
 0
 0
 0
 0
 0
 0
 0
 0
 0
 0
 0
 0
 0
 0
 0
 0
 0
 0
 0
 0
 0
 0
 0
 0
 0
 0
 0
 0
 0
 0
 0
 0
 0
 0
 0
 0
 0
 0
 0
 0
 0
 0
 0
 0
 0
 0
 0
 0
 0
 0
 0
 0
 0
 0
 0
 0
 0
 0
 0
 0
 0
 0
 0
 0
 0
 0
 0
 0
 0
 0
 0
 0
 0
 0
 0
 0
 0
 0
 0
 0
 0
 0
 0
 0
 0
 0
 0
 0
 0
 0
 0
 0
 0
 0
 0
 0
 0
 0
 -0.3142762690954264
 -1.3127660187169
 -1.9350479075387756
 -2.174439191228369
 -2.2620805140625175
 -2.5687362280795094
 -2.8380581337416735
 -2.703784125042985
 -2.0160375124491785
 -0.7198950715170893
 0
 0
 0
 0
 0
 0
 0
 0
 0
 -1.3556593108856063
 -2.99404003176913
 -4.1396507488732475
 -4.808283951883878
 -5.08427294891883
 -5.06904085223364
 -4.871038868211895
 -4.73934488931019
 -4.73618428073745
 -4.512653408473642
 -3.807821291279405
 -2.5063966564377584
 -0.8353675228650035
 0
 0
 0
 0
 0
 0
 0
 0
 -1.9995150766002432
 -3.6755663899818103
 -4.8542780734629805
 -5.574220600565302
 -5.963614130994275
 -6.106030465082015
 -5.935815294226296
 -5.378102417178449
 -4.428352153119752
 -3.1622957531092672
 -1.9828276102197178
 -0.469746836922563
 0
 0
 0
 0
 0
 0
 0
 0
 -0.31812036268117083
 -1.1575343620812326
 -1.673699143220674
 -2.1959382833334775
 -2.841561665028433
 -3.448808095359713
 -3.8065387476972568
 -3.7495788808364408
 -3.2170393260358416
 -2.1660248834196785
 -0.4513898492599582
 0
 0
 0
 0
 0
 0
 0
 0
 0
 0
 -1.0697681605766078
 -1.8285897824938813
 -2.0311818813234055
 -1.672508305122978
 -0.775144663279205
 0
 0
 0
 0
 0
 0
 0
 0
 0
 0
 0
 0
 0
 0
 0
 0
 0
 0
 0
 0
 0
 0
 0
 0
 0
 0
 0
 0
 0
 0
 0
 0
 0
 0
 0
 0
 0
 0
 0
 0
 0
 0
 0
 0
 0
 0
 0
 0
 0
 0
 0
 0
 0
 0
 0
 0
 0
 0
 0
 0
 0
 0
 0
 0
 0
 0
 0
 0
 0
 0
 0
 0
 0
 0
 0
 0
 0
 0
 0
 0
 0
 0
 0
 0
 0
 0
 0
 0
 0
 0
 0
 0
 0
 0
 0
 0
 0
 0
 0
 0
 0
 0
 0
 0
 0
 0
 0
 0
 0
 0
 0
 0
 0
 0
 0
 0
 0
 0
 0
 0
 0
 0
 0
 0
 0
 0
 0
 0
 0
 0
 0
 0
 0
 0
 0
 0
 0
 0
 0
 0
 0
 0
 0
 0
 0
 -1.2538034047093705
 -2.3408454747648473
 -3.0405260966499608
 -3.305561823218388
 -3.3207348310440445
 -3.508100367591822
 -3.7316316924193336
 -3.5878916543760004
 -2.8990733742890735
 -1.6027124769209204
 0
 0
 0
 0
 0
 0
 0
 0
 0
 -1.7881481976834874
 -3.2552480199442857
 -4.294618791712435
 -4.969560630887633
 -5.363350719774788
 -5.485130449030162
 -5.404944639008019
 -5.435262382684056
 -5.557583056247238
 -5.38170035936028
 -4.686791087804274
 -3.3885522481285837
 -1.7179781038716784
 0
 0
 0
 0
 0
 0
 0
 0
 -1.9115915505245922
 -3.4270818457439667
 -4.4915073648306825
 -5.177780535193969
 -5.632931301652899
 -5.875753476409446
 -5.779138153861327
 -5.296317026836954
 -4.518461735046363
 -3.6267586235058795
 -2.70312572333306
 -1.321756616989541
 0
 0
 0
 0
 0
 0
 0
 0
 0
 0
 -0.3354413619396901
 -1.4015477387968627
 -2.3537893093488464
 -3.142249623013132
 -3.5938376308255684
 -3.5764423445988167
 -3.060574564772244
 -2.018621325378252
 -0.33068812490683186
 0
 0
 0
 0
 0
 0
 0
 0
 0
 0
 0
 0
 0
 0
 0
 0
 0
 0
 0
 0
 0
 0
 0
 0
 0
 0
 0
 0
 0
 0
 0
 0
 0
 0
 0
 0
 0
 0
 0
 0
 0
 0
 0
 0
 0
 0
 0
 0
 0
 0
 0
 0
 0
 0
 0
 0
 0
 0
 0
 0
 0
 0
 0
 0
 0
 0
 0
 0
 0
 0
 0
 0
 0
 0
 0
 0
 0
 0
 0
 0
 0
 0
 0
 0
 0
 0
 0
 0
 0
 0
 0
 0
 0
 0
 0
 0
 0
 0
 0
 0
 0
 0
 0
 0
 0
 0
 0
 0
 0
 0
 0
 0
 0
 0
 0
 0
 0
 0
 0
 0
 0
 0
 0
 0
 0
 0
 0
 0
 0
 0
 0
 0
 0
 0
 0
 0
 0
 0
 0
 0
 0
 0
 0
 0
 0
 0
 0
 0
 0
 0
 0
 0
 0
 0
 0
 0
 0
 0
 0
 -0.6859841930892889
 -2.0232002176845945
 -3.066782229490309
 -3.747214611380103
 -3.989068539301372
 -3.914040232460385
 -3.952519058399049
 -4.108734412568218
 -3.949857737413652
 -3.2592081156313335
 -1.9624455247479866
 -0.29209083041588624
 0
 0
 0
 0
 0
 0
 0
 -0.7616094557770365
 -2.632222584277699
 -4.011729483751727
 -4.949570329068605
 -5.533916675578537
 -5.8679115693832795
 -5.946145185372281
 -5.804974428043998
 -5.786585448865375
 -5.908244736517224
 -5.7382186514335345
 -5.045458687371803
 -3.748046488670178
 -2.0776006298292606
 0
 0
 0
 0
 0
 0
 0
 -0.6298200425821188
 -2.497634450863021
 -3.8509086921425926
 -4.711340940188011
 -5.145064863644528
 -5.328615819536928
 -5.395750480090309
 -5.244581660648786
 -4.830803255205032
 -4.32082730256654
 -3.7811525729292095
 -2.9974658043462292
 -1.6701410352958606
 0
 0
 0
 0
 0
 0
 0
 0
 0
 0
 -0.0007657915319079223
 -0.9997230994813391
 -1.7744901176077024
 -2.460274837462232
 -2.890008191406918
 -2.873963754917059
 -2.363331200353452
 -1.3361133312857572
 0
 0
 0
 0
 0
 0
 0
 0
 0
 0
 0
 0
 0
 0
 0
 0
 0
 0
 0
 0
 0
 0
 0
 0
 0
 0
 0
 0
 0
 0
 0
 0
 0
 0
 0
 0
 0
 0
 0
 0
 0
 0
 0
 0
 0
 0
 0
 0
 0
 0
 0
 0
 0
 0
 0
 0
 0
 0
 0
 0
 0
 0
 0
 0
 0
 0
 0
 0
 0
 0
 0
 0
 0
 0
 0
 0
 0
 0
 0
 0
 0
 0
 0
 0
 0
 0
 0
 0
 0
 0
 0
 0
 0
 0
 0
 0
 0
 0
 0
 0
 0
 0
 0
 0
 0
 0
 0
 0
 0
 0
 0
 0
 0
 0
 0
 0
 0
 0
 0
 0
 0
 0
 0
 0
 0
 0
 0
 0
 0
 0
 0
 0
 0
 0
 0
 0
 0
 0
 0
 0
 0
 0
 0
 0
 0
 0
 0
 0
 0
 0
 0
 0
 0
 0
 0
 0
 0
 0
 0
 0
 -1.0753481127860907
 -2.320506647701327
 -3.2909046670698734
 -3.930988154751927
 -4.14472405828565
 -3.9941719367481845
 -3.8827850155435533
 -3.9544629488457073
 -3.774607968348816
 -3.081337157570242
 -1.7839898147723257
 -0.11357028889378729
 0
 0
 0
 0
 0
 0
 0
 -1.257495215553762
 -3.11733916730715
 -4.471711714323859
 -5.359522706537817
 -5.858978875462597
 -6.0890770797108615
 -6.080894433842619
 -5.840734534274824
 -5.687907054284047
 -5.745132491489426
 -5.56110369685011
 -4.867083417786309
 -3.5695086499936144
 -1.8990571771531535
 0
 0
 0
 0
 0
 0
 0
 -1.1042478570899208
 -2.954919816347345
 -4.27614158225602
 -5.075533244746795
 -5.374033382177684
 -5.266561243498449
 -4.953430491625742
 -4.554815359453236
 -4.136320379042397
 -3.8635626005162806
 -3.5235468189468255
 -2.7959492939426047
 -1.487753073151377
 0
 0
 0
 0
 0
 0
 0
 0
 0
 0
 -0.2524908008513007
 -1.0768069439079246
 -1.4737516498966539
 -1.6651005108473576
 -1.8012854129467382
 -1.6912108265156434
 -1.1610291441138
 -0.16544341055655476
 0
 0
 0
 0
 0
 0
 0
 0
 0
 0
 0
 0
 0
 0
 0
 0
 0
 0
 0
 0
 0
 0
 0
 0
 0
 0
 0
 0
 0
 0
 0
 0
 0
 0
 0
 0
 0
 0
 0
 0
 0
 0
 0
 0
 0
 0
 0
 0
 0
 0
 0
 0
 0
 0
 0
 0
 0
 0
 0
 0
 0
 0
 0
 0
 0
 0
 0
 0
 0
 0
 0
 0
 0
 0
 0
 0
 0
 0
 0
 0
 0
 0
 0
 0
 0
 0
 0
 0
 0
 0
 0
 0
 0
 0
 0
 0
 0
 0
 0
 0
 0
 0
 0
 0
 0
 0
 0
 0
 0
 0
 0
 0
 0
 0
 0
 0
 0
 0
 0
 0
 0
 0
 0
 0
 0
 0
 0
 0
 0
 0
 0
 0
 0
 0
 0
 0
 0
 0
 0
 0
 0
 0
 0
 0
 0
 0
 0
 0
 0
 0
 0
 0
 0
 0
 0
 0
 0
 0
 0
 0
 -0.9700272455906847
 -2.124074975828132
 -3.007353587160377
 -3.593690561020566
 -3.776048896027653
 -3.5616416322593296
 -3.3008360739100833
 -3.2655470049951885
 -3.0557156842098934
 -2.358580361365742
 -1.0603646495283883
 0
 0
 0
 0
 0
 0
 0
 0
 -1.2432082780051816
 -3.0989217959645394
 -4.44009147778665
 -5.295064682980877
 -5.725859591408712
 -5.853327046021281
 -5.751357197453165
 -5.413035178849904
 -5.100005171435888
 -5.053564752465934
 -4.84157419419123
 -4.144150263624631
 -2.8458547436991855
 -1.1753273211901654
 0
 0
 0
 0
 0
 0
 0
 -1.089689433678303
 -2.938245147870765
 -4.254234229156685
 -5.040380069289148
 -5.3004499014577595
 -5.078665504946571
 -4.52191441208928
 -3.8324823647348687
 -3.253939057640234
 -3.048209636084673
 -2.77435508576927
 -2.0647898652046273
 -0.7627482268970649
 0
 0
 0
 0
 0
 0
 0
 0
 0
 0
 -0.2120953746687544
 -0.994201842492128
 -1.2507059038178747
 -1.0521254504063364
 -0.6249055686208767
 -0.15091355197445377
 0
 0
 0
 0
 0
 0
 0
 0
 0
 0
 0
 0
 0
 0
 0
 0
 0
 0
 0
 0
 0
 0
 0
 0
 0
 0
 0
 0
 0
 0
 0
 0
 0
 0
 0
 0
 0
 0
 0
 0
 0
 0
 0
 0
 0
 0
 0
 0
 0
 0
 0
 0
 0
 0
 0
 0
 0
 0
 0
 0
 0
 0
 0
 0
 0
 0
 0
 0
 0
 0
 0
 0
 0
 0
 0
 0
 0
 0
 0
 0
 0
 0
 0
 0
 0
 0
 0
 0
 0
 0
 0
 0
 0
 0
 0
 0
 0
 0
 0
 0
 0
 0
 0
 0
 0
 0
 0
 0
 0
 0
 0
 0
 0
 0
 0
 0
 0
 0
 0
 0
 0
 0
 0
 0
 0
 0
 0
 0
 0
 0
 0
 0
 0
 0
 0
 0
 0
 0
 0
 0
 0
 0
 0
 0
 0
 0
 0
 0
 0
 0
 0
 0
 0
 0
 0
 0
 0
 0
 0
 0
 0
 0
 -0.3525186024462341
 -1.4275253898680678
 -2.220908442239493
 -2.74387128596163
 -2.8917047681814942
 -2.6263293583166543
 -2.2326493488886863
 -2.0761398472601402
 -1.826948086132346
 -1.1245357174455215
 0
 0
 0
 0
 0
 0
 0
 0
 0
 -0.693026368801398
 -2.546233404736425
 -3.8787914247642057
 -4.710986195574261
 -5.0893777763509975
 -5.126001217011432
 -4.929555489945834
 -4.501076054564067
 -4.035023744796297
 -3.8639293582278977
 -3.6126066460863586
 -2.91004291030229
 -1.6106068538551495
 0
 0
 0
 0
 0
 0
 0
 0
 -0.5405507580816931
 -2.388582635254541
 -3.7028808732579575
 -4.484185658405348
 -4.729733899439846
 -4.463394980079132
 -3.7955148508432393
 -2.9157966192896883
 -2.1054817568123845
 -1.8164648566065922
 -1.5348301615088271
 -0.8277402288937399
 0
 0
 0
 0
 0
 0
 0
 0
 0
 0
 0
 0
 -0.4342928290003094
 -0.661870814210058
 -0.3491216363826002
 0
 0
 0
 0
 0
 0
 0
 0
 0
 0
 0
 0
 0
 0
 0
 0
 0
 0
 0
 0
 0
 0
 0
 0
 0
 0
 0
 0
 0
 0
 0
 0
 0
 0
 0
 0
 0
 0
 0
 0
 0
 0
 0
 0
 0
 0
 0
 0
 0
 0
 0
 0
 0
 0
 0
 0
 0
 0
 0
 0
 0
 0
 0
 0
 0
 0
 0
 0
 0
 0
 0
 0
 0
 0
 0
 0
 0
 0
 0
 0
 0
 0
 0
 0
 0
 0
 0
 0
 0
 0
 0
 0
 0
 0
 0
 0
 0
 0
 0
 0
 0
 0
 0
 0
 0
 0
 0
 0
 0
 0
 0
 0
 0
 0
 0
 0
 0
 0
 0
 0
 0
 0
 0
 0
 0
 0
 0
 0
 0
 0
 0
 0
 0
 0
 0
 0
 0
 0
 0
 0
 0
 0
 0
 0
 0
 0
 0
 0
 0
 0
 0
 0
 0
 0
 0
 0
 0
 0
 0
 0
 0
 0
 0
 0
 0
 -0.18874399999850766
 -0.8852565433140338
 -1.3283399380311973
 -1.43218146346356
 -1.1206438769324283
 -0.6040819612704409
 -0.3054830274404168
 -0.0012775302259759869
 0
 0
 0
 0
 0
 0
 0
 0
 0
 0
 0
 -1.4311636045453797
 -2.757262198486969
 -3.5718448363412922
 -3.9068803599805717
 -3.8578720007125002
 -3.557732095104117
 -3.034207453257503
 -2.4159979353689844
 -2.0945901579174064
 -1.7869253511704435
 -1.0765762256848266
 0
 0
 0
 0
 0
 0
 0
 0
 0
 0
 -1.2759807802566812
 -2.589265820132237
 -3.3676179788107174
 -3.6044741983044233
 -3.312027751123261
 -2.57699532313824
 -1.5652189421611933
 -0.5110732613664952
 -0.0424248382586887
 0
 0
 0
 0
 0
 0
 0
 0
 0
 0
 0
 0
 0
 0
 0
 0
 0
 0
 0
 0
 0
 0
 0
 0
 0
 0
 0
 0
 0
 0
 0
 0
 0
 0
 0
 0
 0
 0
 0
 0
 0
 0
 0
 0
 0
 0
 0
 0
 0
 0
 0
 0
 0
 0
 0
 0
 0
 0
 0
 0
 0
 0
 0
 0
 0
 0
 0
 0
 0
 0
 0
 0
 0
 0
 0
 0
 0
 0
 0
 0
 0
 0
 0
 0
 0
 0
 0
 0
 0
 0
 0
 0
 0
 0
 0
 0
 0
 0
 0
 0
 0
 0
 0
 0
 0
 0
 0
 0
 0
 0
 0
 0
 0
 0
 0
 0
 0
 0
 0
 0
 0
 0
 0
 0
 0
 0
 0
 0
 0
 0
 0
 0
 0
 0
 0
 0
 0
 0
 0
 0
 0
 0
 0
 0
 0
 0
 0
 0
 0
 0
 0
 0
 0
 0
 0
 0
 0
 0
 0
 0
 0
 0
 0
 0
 0
 0
 0
 0
 0
 0
 0
 0
 0
 0
 0
 0
 0
 0
 0
 0
 0
 0
 0
 0
 0
 0
 0
 0
 0
 0
 0
 0
 0
 0
 0
 0
 0
 0
 0
 0
 0
 0
 -1.1713312122139818
 -1.9740270312100447
 -2.278259597122421
 -2.1612618202606764
 -1.7647281100991976
 -1.1493636297691179
 -0.3951516605547525
 0
 0
 0
 0
 0
 0
 0
 0
 0
 0
 0
 0
 0
 0
 -1.0086085034205157
 -1.7851034804890378
 -2.016517470875112
 -1.7076582686854342
 -0.9288456938990093
 0
 0
 0
 0
 0
 0
 0
 0
 0
 0
 0
 0
 0
 0
 0
 0
 0
 0
 0
 0
 0
 0
 0
 0
 0
 0
 0
 0
 0
 0
 0
 0
 0
 0
 0
 0
 0
 0
 0
 0
 0
 0
 0
 0
 0
 0
 0
 0
 0
 0
 0
 0
 0
 0
 0
 0
 0
 0
 0
 0
 0
 0
 0
 0
 0
 0
 0
 0
 0
 0
 0
 0
 0
 0
 0
 0
 0
 0
 0
 0
 0
 0
 0
 0
 0
 0
 0
 0
 0
 0
 0
 0
 0
 0
 0
 0
 0
 0
 0
 0
 0
 0
 0
 0
 0
 0
 0
 0
 0
 0
 0
 0
 0
 0
 0
 0
 0
 0
 0
 0
 0
 0
 0
 0
 0
 0
 0
 0
 0
 0
 0
 0
 0
 0
 0
 0
 0
 0
 0
 0
 0
 0
 0
 0
 0
 0
 0
 0
 0
 0
 0
 0
 0
 0
 0
 0
 0
 0
 0
 0
 0
 0
 0
 0
 0
 0
 0
 0
 0
 0
 0
 0
 0
 0
 0
 0
 0
 0
 0
 0
 0
 0
 0
 0
 0
 0
 0
 0
 0
 0
 0
 0
 0
 0
 0
 0
 0
 0
 0
 0
 0
 0
 0
 0
 0
 0
 0
 0
 0
 0
 0
 0
 0
 0
 0
 0
 0
 0
 0
 0
 0
 0
 0
 0
 0
 0
 0
 0
 0
 0
 0
 0
 0
 0
 0
 0
 0
 0
 0
 0
 0
 0
 0
 0
 0
 0
 0
 0
 0
 0
 0
 0
 0
 0
 0
 0
 0
 0
 0
 0
 0
 0
 0
 0
 0
 0
 0
 0
 0
 0
 0
 0
 0
 0
 0
 0
 0
 0
 0
 0
 0
 0
 0
 0
 0
 0
 0
 0
 0
 0
 0
 0
 0
 0
 0
 0
 0
 0
 0
 0
 0
 0
 0
 0
 0
 0
 0
 0
 0
 0
 0
 0
 0
 0
 0
 0
 0
 0
 0
 0
 0
 0
 0
 0
 0
 0
 0
 0
 0
 0
 0
 0
 0
 0
 0
 0
 0
 0
 0
 0
 0
 0
 0
 0
 0
 0
 0
 0
 0
 0
 0
 0
 0
 0
 0
 0
 0
 0
 0
 0
 0
 0
 0
 0
 0
 0
 0
 0
 0
 0
 0
 0
 0
 0
 0
 0
 0
 0
 0
 0
 0
 0
 0
 0
 0
 0
 0
 0
 0
 0
 0
 0
 0
 0
 0
 0
 0
 0
 0
 0
 0
 0
 0
 0
 0
 0
 0
 0
 0
 0
 0
 0
 0
 0
 0
 0
 0
 0
 0
 0
 0
 0
 0
 0
 0
 0
 0
 0
 0
 0
 0
 0
 0
 0
 0
 0
 0
 0
 0
 0
 0
 0
 0
 0
 0
 0
 0
 0
 0
 0
 0
 0
 0
 0
 0
 0
 0
 0
 0
 0
 0
 0
 0
 0
 0
 0
 0
 0
 0
 0
 0
 0
 0
 0
 0
 0
 0
 0
 0
 0
 0
 0
 0
 0
 0
 0
 0
 0
 0
 0
 0
 0
 0
 0
 0
 0
 0
 0
 0
 0
 0
 0
 0
 0
 0
 0
 0
 0
 0
 0
 0
 0
 0
 0
 0
 0
 0
 0
 0
 0
 0
 0
 0
 0
 0
 0
 0
 0
 0
 0
 0
 0
 0
 0
 0
 0
 0
 0
 0
 0
 0
 0
 0
 0
 0
 0
 0
 0
 0
 0
 0
 0
 0
 0
 0
 0
 0
 0
 0
 0
 0
 0
 0
 0
 0
 0
 0
 0
 0
 0
 0
 0
 0
 0
 0
 0
 0
 0
 0
 0
 0
 0
 0
 0
 0
 0
 0
 0
 0
 0
 0
 0
 0
 0
 0
 0
 0
 0
 0
 0
 0
 0
 0
 0
 0
 0
 0
 0
 0
 0
 0
 0
 0
 0
 0
 0
 0
 0
 0
 0
 0
 0
 0
 0
 0
 0
 0
 0
 0
 0
 0
 0
 0
 0
 0
 0
 0
 0
 0
 0
 0
 0
 0
 0
 0
 0
 0
 0
 0
 0
 0
 0
 0
 0
 0
 0
 0
 0
 0
 0
 0
 0
 0
 0
 0
 0
 0
 0
 0
 0
 0
 0
 0
 0
 0
 0
 0
 0
 0
 0
 0
 0
 0
 0
 0
 0
 0
 0
 0
 0
 0
 0
 0
 0
 0
 0
 0
 0
 0
 0
 0
 0
 0
 0
 0
 0
 0
 0
 0
 0
 0
 0
 0
 0
 0
 0
 0
 0
 0
 0
 0
 0
 0
 0
 0
 0
 0
 0
 0
 0
 0
 0
 0
 0
 0
 0
 0
 0
 0
 0
 0
 0
 0
 0
 0
 0
 0
 0
 0
 0
 0
 0
 0
 0
 0
 0
 0
 0
 0
 0
 0
 0
 0
 0
 0
 0
 0
 0
 0
 0
 0
 0
 0
 0
 0
 0
 0
 0
 0
 0
 0
 0
 0
 0
 0
 0
 0
 0
 0
 0
 0
 0
 0
 0
 0
 0
 0
 0
 0
 0
 0
 0
 0
 0
 0
 0
 0
 0
 0
 0
 0
 0
 0
 0
 0
 0
 0
 0
 0
 0
 0
 0
 0
 0
 0
 0
 0
 0
 0
 0
 0
 0
 0
 0
 0
 0
 0
 0
 0
 0
 0
 0
 0
 0
 0
 0
 0
 0
 0
 0
 0
 0
 0
 0
 0
 0
 0
 0
 0
 0
 0
 0
 0
 0
 0
 0
 0
 0
 0
 0
 0
 0
 0
 0
 0
 0
 0
 0
 0
 0
 0
 0
 0
 0
 0
 0
 0
 0
 0
 0
 0
 0
 0
 0
 0
 0
 0
 0
 0
 0
 0
 0
 0
 0
 0
 0
 0
 0
 0
 0
 0
 0
 0
 0
 0
 0
 0
 0
 0
 0
 0
 0
 0
 0
 0
 0
 0
 0
 0
 0
 0
 0
 0
 0
 0
 0
 0
 0
 0
 0
 0
 0
 0
 0
 0
 0
 0
 0
 0
 0
 0
 0
 0
 0
 0
 0
 0
 0
 0
 0
 0
 0
 0
 0
 0
 0
 0
 0
 0
 0
 0
 0
 0
 0
 0
 0
 0
 0
 0
 0
 0
 0
 0
 0
 0
 0
 0
 0
 0
 0
 0
 0
 0
 0
 0
 0
 0
 0
 0
 0
 0
 0
 0
 0
 0
 0
 0
 0
 0
 0
 0
 0
 0
 0
 0
 0
 0
 0
 0
 