41 41 16
0.2 0.2 0.2
-4 -4 -5
0
0
0
0
0
0
0
0
0
0
0
0
0
0
0
0
0
0
0
0
0
0
0
0
0
0
0
0
0
0
0
0
0
0
0
0
0
0
0
0
0
0
0
0
0
0
0
0
0
0
0
0
0
0
0
0
0
0
0
0
0
0
0
0
0
0
0
0
0
0
0
0
0
0
0
0
0
0
0
0
0
0
0
0
0
0
0
0
0
0
0
0
0
0
0
0
0
0
0
0
0
0
0
0
0
0
0
0
0
0
0
0
0
0
0
0
0
0
0
0
0
0
0
0
0
0
0
0
0
0
0
0
0
0
0
0
0
0
0
0
0
0
0
0
0
0
0
0
0
0
0
0
0
0
0
0
0
0
0
0
0
0
0
0
0
0
0
0
0
0
0
0
0
0
0
0
0
0
0
0
0
0
0
0
0
0
0
0
0
0
0
0
0
0
0
0
0
0
0
0
0
0
0
0
0
0
0
0
0
0
0
0
0
0
0
0
0
0
0
0
0
0
0
0
0
0
0
0
0
0
0
0
0
0
0
0
0
0
0
0
0
0
0
0
0
0
0
0
0
0
0
0
0
0
0
0
0
0
0
0
0
0
0
0
0
0
-1.64391
-1.20293
0
0
0
0
0
0
0
0
0
0
0
0
0
0
-1.7055
-1.36341
0
0
0
0
0
0
0
0
0
0
0
0
0
-2.49796
-1.66395
-1.3021
0
0
0
0
0
0
0
0
0
0
0
0
0
-2.50834
-1.63804
-1.21625
0
0
0
0
0
0
0
0
0
0
0
0
0
-2.42506
-1.58983
0
0
0
0
0
0
0
0
0
0
0
0
0
0
-2.39783
-1.59318
0
0
0
0
0
0
0
0
0
0
0
0
0
0
-2.42338
-1.68359
0
0
0
0
0
0
0
0
0
0
0
0
0
0
0
-1.7675
0
0
0
0
0
0
0
0
0
0
0
0
0
0
0
-1.86208
0
0
0
0
0
0
0
0
0
0
0
0
0
0
0
-1.90337
0
0
0
0
0
0
0
0
0
0
0
0
0
0
0
0
0
0
0
0
0
0
0
0
0
0
0
0
0
0
0
0
0
0
0
0
0
0
0
0
0
0
0
0
0
0
0
0
0
0
0
0
0
0
0
0
0
0
0
0
0
0
0
0
0
0
0
0
0
0
0
0
0
0
0
0
0
0
0
0
0
0
0
0
0
0
0
0
0
0
0
0
0
0
0
0
0
0
0
0
0
0
0
0
0
0
0
0
0
0
0
0
0
0
0
0
0
0
0
0
0
0
0
0
0
0
0
0
0
0
0
0
0
0
0
0
0
0
0
0
0
0
0
0
0
0
0
0
0
0
0
0
0
0
0
0
0
0
0
0
0
0
0
0
0
0
0
0
0
0
0
0
0
0
0
0
0
0
0
0
0
0
0
0
0
0
0
0
0
0
0
0
0
0
0
0
0
0
0
0
0
0
0
0
0
0
0
0
0
0
0
0
0
0
0
0
0
0
0
0
0
0
0
0
0
0
0
0
0
0
0
0
0
0
0
0
0
0
0
0
0
0
0
0
0
0
0
0
0
0
0
0
0
0
0
0
0
0
0
0
0
0
0
0
0
0
0
0
0
0
0
0
0
0
0
0
0
0
0
0
0
0
0
0
0
0
0
0
0
0
0
0
0
0
0
0
0
0
0
0
0
0
0
0
0
0
0
0
0
0
0
0
0
0
0
0
0
0
0
0
0
0
0
0
0
0
0
0
0
0
0
0
0
0
0
0
0
0
0
0
0
0
0
0
0
0
0
0
0
0
0
0
0
0
0
0
0
0
0
0
0
0
0
0
0
0
0
0
0
0
0
0
0
0
0
0
0
0
0
0
0
0
0
0
0
0
0
0
0
0
0
0
0
0
0
0
0
0
0
0
0
0
0
0
0
0
0
0
0
0
0
0
0
0
0
0
0
0
0
0
0
0
0
0
0
0
0
0
0
0
0
0
0
0
0
0
0
0
0
0
0
0
0
0
0
0
0
0
0
0
0
0
0
0
0
0
0
0
0
0
0
0
0
0
0
0
0
0
0
0
0
0
0
0
0
0
0
0
0
0
0
0
0
0
0
0
0
0
0
0
0
0
0
0
0
-1.39696
-0.820965
0
0
0
0
0
0
0
0
0
0
0
0
0
-1.82842
-1.53713
-1.00268
0
0
0
0
0
0
0
0
0
0
0
0
-2.60037
-2.07818
-1.64704
-1.14918
0
0
0
0
0
0
0
0
0
0
0
0
-2.65643
-2.17342
-1.62274
-1.08648
0
0
0
0
0
0
0
0
0
0
0
0
-2.73016
-2.24787
-1.60215
-1.00174
0
0
0
0
0
0
0
0
0
0
0
0
-2.73742
-2.18043
-1.56144
-0.713356
0
0
0
0
0
0
0
0
0
0
0
0
-2.75173
-2.12591
-1.57135
0
0
0
0
0
0
0
0
0
0
0
0
0
-2.70354
-2.0728
-1.66373
0
0
0
0
0
0
0
0
0
0
0
0
0
-2.64397
-2.04388
-1.73356
0
0
0
0
0
0
0
0
0
0
0
0
0
0
-2.05113
-1.77752
0
0
0
0
0
0
0
0
0
0
0
0
0
0
-2.04911
-1.70155
0
0
0
0
0
0
0
0
0
0
0
0
0
0
-2.07891
-1.53362
0
0
0
0
0
0
0
0
0
0
0
0
0
0
0
0
0
0
0
0
0
0
0
0
0
0
0
0
0
0
0
0
0
0
0
0
0
0
0
0
0
0
0
0
0
0
0
0
0
0
0
0
0
0
0
0
0
0
0
0
0
0
0
0
0
0
0
0
0
0
0
0
0
0
0
0
0
0
0
0
0
0
0
0
0
0
0
0
0
0
0
0
0
0
0
0
0
0
0
0
0
0
0
0
0
0
0
0
0
0
0
0
0
0
0
0
0
0
0
0
0
0
0
0
0
0
0
0
0
0
0
0
0
0
0
0
0
0
0
0
0
0
0
0
0
0
0
0
0
0
0
0
0
0
0
0
0
0
0
0
0
0
0
0
0
0
0
0
0
0
0
0
0
0
0
0
0
0
0
0
0
0
0
0
0
0
0
0
0
0
0
0
0
0
0
0
0
0
0
0
0
0
0
0
0
0
0
0
0
0
0
0
0
0
0
0
0
0
0
0
0
0
0
0
0
0
0
0
0
0
0
0
0
0
0
0
0
0
0
0
0
0
0
0
0
0
0
0
0
0
0
0
0
0
0
0
0
0
0
0
0
0
0
0
0
0
0
0
0
0
0
0
0
0
0
0
0
0
0
0
0
0
0
0
0
0
0
0
0
0
0
0
0
0
0
0
0
0
0
0
0
0
0
0
0
0
0
0
0
0
0
0
0
0
0
0
0
0
0
0
0
0
0
0
0
0
0
0
0
0
0
0
0
0
0
0
0
0
0
0
0
0
0
0
0
0
0
0
0
0
0
0
0
0
0
0
0
0
0
0
0
0
0
0
0
0
0
0
0
0
0
0
0
0
0
0
0
0
0
0
0
0
0
0
0
0
0
0
0
0
0
0
0
0
0
0
0
0
0
0
0
0
0
0
0
0
0
0
0
0
0
0
0
0
0
0
0
0
0
0
0
0
0
0
0
0
0
0
0
0
0
0
0
0
0
0
0
0
0
0
0
0
0
0
0
0
0
0
0
0
0
0
0
0
0
0
0
0
0
0
0
0
0
-1.15412
0
0
0
0
0
0
0
0
0
0
0
0
0
-1.7872
-1.48379
-1.32615
-0.611831
0
0
0
0
0
0
0
0
0
0
0
0
-2.08942
-1.86204
-1.46109
-0.799845
0
0
0
0
0
0
0
0
0
0
0
-2.26405
-2.33652
-2.13021
-1.5799
-0.951572
0
0
0
0
0
0
0
0
0
0
0
-2.45689
-2.49416
-2.22651
-1.57065
-0.897468
0
0
0
0
0
0
0
0
0
0
0
-2.6239
-2.62276
-2.29846
-1.56222
-0.818042
0
0
0
0
0
0
0
0
0
0
0
-2.71043
-2.64504
-2.22454
-1.53188
-0.539744
0
0
0
0
0
0
0
0
0
0
0
-2.77993
-2.63978
-2.16249
-1.5454
-0.216131
0
0
0
0
0
0
0
0
0
0
0
-2.75933
-2.52948
-2.09325
-1.63277
0
0
0
0
0
0
0
0
0
0
0
0
-2.7155
-2.36164
-2.04578
-1.69097
0
0
0
0
0
0
0
0
0
0
0
0
-2.60226
-2.07678
-2.01717
-1.72368
0
0
0
0
0
0
0
0
0
0
0
0
0
-1.77426
-1.9392
-1.65053
0
0
0
0
0
0
0
0
0
0
0
0
0
0
-1.80593
-1.49456
0
0
0
0
0
0
0
0
0
0
0
0
0
0
-1.63157
-1.25951
0
0
0
0
0
0
0
0
0
0
0
0
0
0
0
0
0
0
0
0
0
0
0
0
0
0
0
0
0
0
0
0
0
0
0
0
0
0
0
0
0
0
0
0
0
0
0
0
0
0
0
0
0
0
0
0
0
0
0
0
0
0
0
0
0
0
0
0
0
0
0
0
0
0
0
0
0
0
0
0
0
0
0
0
0
0
0
0
0
0
0
0
0
0
0
0
0
0
0
0
0
0
0
0
0
0
0
0
0
0
0
0
0
0
0
0
0
0
0
0
0
0
0
0
0
0
0
0
0
0
0
0
0
0
0
0
0
0
0
0
0
0
0
0
0
0
0
0
0
0
0
0
0
0
0
0
0
0
0
0
0
0
0
0
0
0
0
0
0
0
0
0
0
0
0
0
0
0
0
0
0
0
0
0
0
0
0
0
0
0
0
0
0
0
0
0
0
0
0
0
0
0
0
0
0
0
0
0
0
0
0
0
0
0
0
0
0
0
0
0
0
0
0
0
0
0
0
0
0
0
0
0
0
0
0
0
0
0
0
0
0
0
0
0
0
0
0
0
0
0
0
0
0
0
0
0
0
0
0
0
0
0
0
0
0
0
0
0
0
0
0
0
0
0
0
0
0
0
0
0
0
0
0
0
0
0
0
0
0
0
0
0
0
0
0
0
0
0
0
0
0
0
0
0
0
0
0
0
0
0
0
0
0
0
0
0
0
0
0
0
0
0
0
0
0
0
0
0
0
0
0
0
0
0
0
0
0
0
0
0
0
0
0
0
0
0
0
0
0
0
0
0
0
0
0
0
0
0
0
0
0
0
0
0
0
0
0
0
0
0
0
0
0
0
0
0
0
0
0
0
0
0
0
0
0
0
0
0
0
0
0
0
0
0
0
0
0
0
0
0
0
0
0
0
0
0
0
0
0
0
0
0
0
0
0
0
0
0
0
0
0
0
0
0
0
0
0
0
0
0
0
-0.766194
0
0
0
0
0
0
0
0
0
0
0
0
0
-1.29633
-0.917396
-0.99255
-0.149085
0
0
0
0
0
0
0
0
0
0
0
0
-1.72029
-1.38538
-1.19713
-0.45204
0
0
0
0
0
0
0
0
0
0
0
-1.6049
-2.0621
-1.7703
-1.35701
-0.683557
0
0
0
0
0
0
0
0
0
0
0
-1.90524
-2.31105
-2.05557
-1.49772
-0.875139
0
0
0
0
0
0
0
0
0
0
0
-2.18632
-2.46213
-2.16824
-1.51096
-0.850843
0
0
0
0
0
0
0
0
0
0
0
-2.40081
-2.58513
-2.25014
-1.52024
-0.78651
0
0
0
0
0
0
0
0
0
0
0
-2.50362
-2.60285
-2.17542
-1.49892
-0.520236
0
0
0
0
0
0
0
0
0
0
0
-2.55835
-2.59556
-2.10302
-1.5103
-0.205034
0
0
0
0
0
0
0
0
0
0
0
-2.48726
-2.4826
-2.00731
-1.58342
0
0
0
0
0
0
0
0
0
0
0
0
-2.35043
-2.31291
-1.92702
-1.6214
0
0
0
0
0
0
0
0
0
0
0
0
-2.08981
-2.0127
-1.86377
-1.63105
0
0
0
0
0
0
0
0
0
0
0
0
-1.81554
-1.65756
-1.77268
-1.53326
0
0
0
0
0
0
0
0
0
0
0
0
0
0
-1.6517
-1.34258
0
0
0
0
0
0
0
0
0
0
0
0
0
0
-1.49362
-1.07816
0
0
0
0
0
0
0
0
0
0
0
0
0
0
-1.21029
0
0
0
0
0
0
0
0
0
0
0
0
0
0
0
0
0
0
0
0
0
0
0
0
0
0
0
0
0
0
0
0
0
0
0
0
0
0
0
0
0
0
0
0
0
0
0
0
0
0
0
0
0
0
0
0
0
0
0
0
0
0
0
0
0
0
0
0
0
0
0
0
0
0
0
0
0
0
0
0
0
0
0
0
0
0
0
0
0
0
0
0
0
0
0
0
0
0
0
0
0
0
0
0
0
0
0
0
0
0
0
0
0
0
0
0
0
0
0
0
0
0
0
0
0
0
0
0
0
0
0
0
0
0
0
0
0
0
0
0
0
0
0
0
0
0
0
0
0
0
0
0
0
0
0
0
0
0
0
0
0
0
0
0
0
0
0
0
0
0
0
0
0
0
0
0
0
0
0
0
0
0
0
0
0
0
0
0
0
0
0
0
0
0
0
0
0
0
0
0
0
0
0
0
0
0
0
0
0
0
0
0
0
0
0
0
0
0
0
0
0
0
0
0
0
0
0
0
0
0
0
0
0
0
0
0
0
0
0
0
0
0
0
0
0
0
0
0
0
0
0
0
0
0
0
0
0
0
0
0
0
0
0
0
0
0
0
0
0
0
0
0
0
0
0
0
0
0
0
0
0
0
0
0
0
0
0
0
0
0
0
0
0
0
0
0
0
0
0
0
0
0
0
0
0
0
0
0
0
0
0
0
0
0
0
0
0
0
0
0
0
0
0
0
0
0
0
0
0
0
0
0
0
0
0
0
0
0
0
0
0
0
0
0
0
0
0
0
0
0
0
0
0
0
0
0
0
0
0
0
0
0
0
0
0
0
0
0
0
0
0
0
0
0
0
0
0
0
0
0
0
0
0
0
0
0
0
0
0
0
0
0
0
0
0
0
0
0
0
0
0
0
0
0
0
0
0
0
0
0
0
0
0
0
0
0
-0.564377
0
0
0
0
0
0
0
0
0
0
0
0
0
-1.28647
-0.825934
-0.833525
-0.0457672
0
0
0
0
0
0
0
0
0
0
0
-1.19225
-1.67726
-1.32275
-1.10213
-0.37012
0
0
0
0
0
0
0
0
0
0
0
-1.56816
-2.01667
-1.72924
-1.33244
-0.601116
0
0
0
0
0
0
0
0
0
0
0
-1.85619
-2.27753
-2.03534
-1.52793
-0.78597
0
0
0
0
0
0
0
0
0
0
0
-2.12667
-2.44041
-2.16998
-1.57976
-0.761584
0
0
0
0
0
0
0
0
0
0
-1.34232
-2.33393
-2.56984
-2.26766
-1.61251
-0.697482
0
0
0
0
0
0
0
0
0
0
-1.35623
-2.4361
-2.58537
-2.19344
-1.59921
-0.44322
0
0
0
0
0
0
0
0
0
0
-1.34589
-2.49283
-2.56946
-2.10572
-1.60673
-0.147977
0
0
0
0
0
0
0
0
0
0
0
-2.42456
-2.43745
-1.97015
-1.6585
0
0
0
0
0
0
0
0
0
0
0
0
-2.29139
-2.2426
-1.84259
-1.66057
0
0
0
0
0
0
0
0
0
0
0
0
-2.02169
-1.91163
-1.72971
-1.61475
0
0
0
0
0
0
0
0
0
0
0
0
-1.69993
-1.54018
-1.60629
-1.44998
0
0
0
0
0
0
0
0
0
0
0
0
0
-0.935601
-1.4536
-1.19433
0
0
0
0
0
0
0
0
0
0
0
0
0
0
-1.28697
-0.892676
0
0
0
0
0
0
0
0
0
0
0
0
0
0
-1.05943
-0.421783
0
0
0
0
0
0
0
0
0
0
0
0
0
0
-0.943925
0
0
0
0
0
0
0
0
0
0
0
0
0
0
0
0
0
0
0
0
0
0
0
0
0
0
0
0
0
0
0
0
0
0
0
0
0
0
0
0
0
0
0
0
0
0
0
0
0
0
0
0
0
0
0
0
0
0
0
0
0
0
0
0
0
0
0
0
0
0
0
0
0
0
0
0
0
0
0
0
0
0
0
0
0
0
0
0
0
0
0
0
0
0
0
0
0
0
0
0
0
0
0
0
0
0
0
0
0
0
0
0
0
0
0
0
0
0
0
0
0
0
0
0
0
0
0
0
0
0
0
0
0
0
0
0
0
0
0
0
0
0
0
0
0
0
0
0
0
0
0
0
0
0
0
0
0
0
0
0
0
0
0
0
0
0
0
0
0
0
0
0
0
0
0
0
0
0
0
0
0
0
0
0
0
0
0
0
0
0
0
0
0
0
0
0
0
0
0
0
0
0
0
0
0
0
0
0
0
0
0
0
0
0
0
0
0
0
0
0
0
0
0
0
0
0
0
0
0
0
0
0
0
0
0
0
0
0
0
0
0
0
0
0
0
0
0
0
0
0
0
0
0
0
0
0
0
0
0
0
0
0
0
0
0
0
0
0
0
0
0
0
0
0
0
0
0
0
0
0
0
0
0
0
0
0
0
0
0
0
0
0
0
0
0
0
0
0
0
0
0
0
0
0
0
0
0
0
0
0
0
0
0
0
0
0
0
0
0
0
0
0
0
0
0
0
0
0
0
0
0
0
0
0
0
0
0
0
0
0
0
0
0
0
0
0
0
0
0
0
0
0
0
0
0
0
0
0
0
0
0
0
0
0
0
0
0
0
0
0
0
0
0
0
0
0
0
0
0
0
0
0
0
0
0
0
0
0
0
0
0
0
0
0
0
0
0
0
-0.739482
0
-0.452748
0
0
0
0
0
0
0
0
0
0
0
0
-0.85633
-1.21859
-0.747966
-0.804731
0
0
0
0
0
0
0
0
0
0
0
0
-1.09281
-1.62273
-1.30246
-1.11834
-0.297448
0
0
0
0
0
0
0
0
0
0
0
-1.44335
-1.9709
-1.76937
-1.371
-0.541792
0
0
0
0
0
0
0
0
0
0
-1.15843
-1.73214
-2.24363
-2.12046
-1.58046
-0.743366
0
0
0
0
0
0
0
0
0
0
-1.29073
-2.01212
-2.41918
-2.28421
-1.64759
-0.735892
0
0
0
0
0
0
0
0
0
0
-1.40464
-2.22592
-2.55797
-2.39676
-1.69375
-0.680499
0
0
0
0
0
0
0
0
0
0
-1.41517
-2.33077
-2.57322
-2.32443
-1.68477
-0.441152
0
0
0
0
0
0
0
0
0
0
-1.40267
-2.38417
-2.5475
-2.22665
-1.68943
-0.164128
0
0
0
0
0
0
0
0
0
0
-1.28652
-2.30586
-2.39562
-2.05893
-1.72851
0
0
0
0
0
0
0
0
0
0
0
-1.20775
-2.15781
-2.17708
-1.88278
-1.71737
0
0
0
0
0
0
0
0
0
0
0
-1.1721
-1.87346
-1.82204
-1.70024
-1.65749
0
0
0
0
0
0
0
0
0
0
0
-1.24616
-1.55199
-1.4307
-1.50856
-1.47474
0
0
0
0
0
0
0
0
0
0
0
-1.38934
-1.04148
-0.805075
-1.29965
-1.17467
0
0
0
0
0
0
0
0
0
0
0
-1.51599
0
0
-1.12698
-0.796725
0
0
0
0
0
0
0
0
0
0
0
0
0
0
-0.930289
-0.246031
-0.0690754
0
0
0
0
0
0
0
0
0
0
0
0
0
-0.837751
0
-0.0857155
0
0
0
0
0
0
0
0
0
0
0
0
0
0
0
0
0
0
0
0
0
0
0
0
0
0
0
0
0
0
0
0
0
0
0
0
0
0
0
0
0
0
0
0
0
0
0
0
0
0
0
0
0
0
0
0
0
0
0
0
0
0
0
0
0
0
0
0
0
0
0
0
0
0
0
0
0
0
0
0
0
0
0
0
0
0
0
0
0
0
0
0
0
0
0
0
0
0
0
0
0
0
0
0
0
0
0
0
0
0
0
0
0
0
0
0
0
0
0
0
0
0
0
0
0
0
0
0
0
0
0
0
0
0
0
0
0
0
0
0
0
0
0
0
0
0
0
0
0
0
0
0
0
0
0
0
0
0
0
0
0
0
0
0
0
0
0
0
0
0
0
0
0
0
0
0
0
0
0
0
0
0
0
0
0
0
0
0
0
0
0
0
0
0
0
0
0
0
0
0
0
0
0
0
0
0
0
0
0
0
0
0
0
0
0
0
0
0
0
0
0
0
0
0
0
0
0
0
0
0
0
0
0
0
0
0
0
0
0
0
0
0
0
0
0
0
0
0
0
0
0
0
0
0
0
0
0
0
0
0
0
0
0
0
0
0
0
0
0
0
0
0
0
0
0
0
0
0
0
0
0
0
0
0
0
0
0
0
0
0
0
0
0
0
0
0
0
0
0
0
0
0
0
0
0
0
0
0
0
0
0
0
0
0
0
0
0
0
0
0
0
0
0
0
0
0
0
0
0
0
0
0
0
0
0
0
0
0
0
0
0
0
0
0
0
0
0
0
0
0
0
0
0
0
0
0
0
0
0
0
0
0
0
0
0
0
0
0
0
0
0
0
0
0
0
0
0
0
0
0
0
0
0
0
0
0
0
0
0
0
0
0
0
0
0
-0.663221
-0.71838
0
-0.305975
0
0
0
0
0
0
0
0
0
0
0
0
-0.803675
-1.19231
-0.765529
-0.673954
0
0
0
0
0
0
0
0
0
0
0
-0.941978
-1.02624
-1.62673
-1.35697
-1.01934
-0.180523
0
0
0
0
0
0
0
0
0
0
-1.08759
-1.36418
-2.01622
-1.83677
-1.32025
-0.420274
0
0
0
0
0
0
0
0
0
0
-1.22316
-1.64995
-2.32507
-2.19312
-1.57303
-0.595251
0
0
0
0
0
0
0
0
0
0
-1.35484
-1.93451
-2.51959
-2.36614
-1.67587
-0.559607
0
0
0
0
0
0
0
0
0
0
-1.46889
-2.15353
-2.66587
-2.48654
-1.74601
-0.482689
0
0
0
0
0
0
0
0
0
-1.05082
-1.47786
-2.25965
-2.67696
-2.41658
-1.74139
-0.250008
0
0
0
0
0
0
0
0
0
-1.23198
-1.45673
-2.30827
-2.63915
-2.31211
-1.73854
0
0
0
0
0
0
0
0
0
0
-1.31167
-1.31984
-2.22013
-2.46473
-2.11744
-1.75172
0
0
0
0
0
0
0
0
0
0
-1.29312
-1.19837
-2.06066
-2.21183
-1.90861
-1.70707
0
0
0
0
0
0
0
0
0
0
0
-1.09754
-1.76578
-1.80905
-1.68654
-1.6048
0
0
0
0
0
0
0
0
0
0
0
-1.13175
-1.42954
-1.36807
-1.47489
-1.38357
0
0
0
0
0
0
0
0
0
0
0
-1.2488
-0.89666
-0.722428
-1.24034
-1.05622
0
0
0
0
0
0
0
0
0
0
0
-1.35473
0
-0.317742
-1.05212
-0.676154
0
0
0
0
0
0
0
0
0
0
0
-1.4622
0
0
-0.874354
-0.113942
-0.0797862
0
0
0
0
0
0
0
0
0
0
-1.60062
0
0
-0.824827
0
-0.117074
0
0
0
0
0
0
0
0
0
0
0
0
0
-0.788113
0
-0.0938688
0
0
0
0
0
0
0
0
0
0
0
0
0
-0.717324
0
0
0
0
0
0
0
0
0
0
0
0
0
0
0
0
0
0
0
0
0
0
0
0
0
0
0
0
0
0
0
0
0
0
0
0
0
0
0
0
0
0
0
0
0
0
0
0
0
0
0
0
0
0
0
0
0
0
0
0
0
0
0
0
0
0
0
0
0
0
0
0
0
0
0
0
0
0
0
0
0
0
0
0
0
0
0
0
0
0
0
0
0
0
0
0
0
0
0
0
0
0
0
0
0
0
0
0
0
0
0
0
0
0
0
0
0
0
0
0
0
0
0
0
0
0
0
0
0
0
0
0
0
0
0
0
0
0
0
0
0
0
0
0
0
0
0
0
0
0
0
0
0
0
0
0
0
0
0
0
0
0
0
0
0
0
0
0
0
0
0
0
0
0
0
0
0
0
0
0
0
0
0
0
0
0
0
0
0
0
0
0
0
0
0
0
0
0
0
0
0
0
0
0
0
0
0
0
0
0
0
0
0
0
0
0
0
0
0
0
0
0
0
0
0
0
0
0
0
0
0
0
0
0
0
0
0
0
0
0
0
0
0
0
0
0
0
0
0
0
0
0
0
0
0
0
0
0
0
0
0
0
0
0
0
0
0
0
0
0
0
0
0
0
0
0
0
0
0
0
0
0
0
0
0
0
0
0
0
0
0
0
0
0
0
0
0
0
0
0
0
0
0
0
0
0
0
0
0
0
0
0
0
0
0
0
0
-0.986904
0
0
0
0
0
0
0
0
0
0
0
0
0
0
0
-0.781992
0
0
0
0
0
0
0
0
0
0
0
0
0
0
0
-0.654454
-0.263185
0
0
0
0
0
0
0
0
0
0
0
0
0
0
-0.620053
-0.728496
-0.0869539
-0.160905
0
0
0
0
0
0
0
0
0
0
0
-0.741606
-0.750145
-1.25747
-0.800269
-0.583242
0
0
0
0
0
0
0
0
0
0
0
-0.920215
-0.97849
-1.72996
-1.40338
-0.978943
0
0
0
0
0
0
0
0
0
0
0
-1.0899
-1.34061
-2.13042
-1.90947
-1.31237
0
0
0
0
0
0
0
0
0
0
0
-1.23892
-1.65785
-2.43973
-2.29305
-1.57029
-0.198406
0
0
0
0
0
0
0
0
0
0
-1.37244
-1.96552
-2.6296
-2.49124
-1.66741
-0.156129
0
0
0
0
0
0
0
0
0
-0.745093
-1.48659
-2.19755
-2.77224
-2.62741
-1.73205
-0.0859875
0
0
0
0
0
0
0
0
0
-1.01749
-1.49416
-2.3055
-2.77703
-2.56425
-1.72126
0
0
0
0
0
0
0
0
0
0
-1.20467
-1.46759
-2.3466
-2.73208
-2.45478
-1.72111
0
0
0
0
0
0
0
0
0
0
-1.29027
-1.31926
-2.2415
-2.55035
-2.23258
-1.73749
0
0
0
0
0
0
0
0
0
0
-1.27845
-1.17004
-2.05383
-2.29224
-1.98293
-1.70077
0
0
0
0
0
0
0
0
0
0
-1.13836
-1.01402
-1.72376
-1.88681
-1.70642
-1.59469
0
0
0
0
0
0
0
0
0
0
-0.954368
-0.983413
-1.35157
-1.43921
-1.46829
-1.35264
0
0
0
0
0
0
0
0
0
0
0
-1.03552
-0.801633
-0.788441
-1.24199
-0.981882
0
0
0
0
0
0
0
0
0
0
0
-1.15523
-0.406656
-0.361736
-1.10669
-0.564127
0
0
0
0
0
0
0
0
0
0
0
-1.31029
0
0
-0.972308
-0.00391496
-0.126779
0
0
0
0
0
0
0
0
0
0
-1.42601
0
0
-0.883686
0
-0.13007
0
0
0
0
0
0
0
0
0
0
-1.54091
0
0
-0.823223
0
-0.100264
0
0
0
0
0
0
0
0
0
0
0
0
0
-0.7366
0
0
0
0
0
0
0
0
0
0
0
0
0
0
0
0
0
0
0
0
0
0
0
0
0
0
0
0
0
0
0
0
0
0
0
0
0
0
0
0
0
0
0
0
0
0
0
0
0
0
0
0
0
0
0
0
0
0
0
0
0
0
0
0
0
0
0
0
0
0
0
0
0
0
0
0
0
0
0
0
0
0
0
0
0
0
0
0
0
0
0
0
0
0
0
0
0
0
0
0
0
0
0
0
0
0
0
0
0
0
0
0
0
0
0
0
0
0
0
0
0
0
0
0
0
0
0
0
0
0
0
0
0
0
0
0
0
0
0
0
0
0
0
0
0
0
0
0
0
0
0
0
0
0
0
0
0
0
0
0
0
0
0
0
0
0
0
0
0
0
0
0
0
0
0
0
0
0
0
0
0
0
0
0
0
0
0
0
0
0
0
0
0
0
0
0
0
0
0
0
0
0
0
0
0
0
0
0
0
0
0
0
0
0
0
0
0
0
0
0
0
0
0
0
0
0
0
0
0
0
0
0
0
0
0
0
0
0
0
0
0
0
0
0
0
0
0
0
0
0
0
0
0
0
0
0
0
0
0
0
0
0
0
0
0
0
0
0
0
0
0
-0.766913
0
0
0
0
0
0
0
0
0
0
0
0
0
0
0
-0.681486
0
0
0
0
0
0
0
0
0
0
0
0
0
-0.971225
0
-0.341258
0
0
0
0
0
0
0
0
0
0
0
0
0
-0.888849
0
0
0
0
0
0
0
0
0
0
0
0
0
0
0
-0.70851
0
0
0
0
0
0
0
0
0
0
0
0
0
0
0
-0.588007
-0.300061
0
0
0
0
0
0
0
0
0
0
0
0
0
-0.52051
-0.56929
-0.787632
-0.0795664
0
0
0
0
0
0
0
0
0
0
0
0
-0.681111
-0.745765
-1.31457
-0.793222
-0.381766
0
0
0
0
0
0
0
0
0
0
0
-0.885145
-1.02311
-1.7852
-1.42982
-0.7367
0
0
0
0
0
0
0
0
0
0
0
-1.08348
-1.41153
-2.19354
-1.95966
-1.02255
0
0
0
0
0
0
0
0
0
0
0
-1.26495
-1.73875
-2.51865
-2.34867
-1.25377
0
0
0
0
0
0
0
0
0
0
0
-1.41715
-2.03973
-2.71708
-2.54823
-1.35403
0
0
0
0
0
0
0
0
0
0
-0.698216
-1.54238
-2.26544
-2.86343
-2.68216
-1.43268
0
0
0
0
0
0
0
0
0
0
-0.989385
-1.55108
-2.36476
-2.86244
-2.62585
-1.42368
0
0
0
0
0
0
0
0
0
0
-1.18583
-1.51478
-2.40084
-2.80646
-2.52814
-1.41671
0
0
0
0
0
0
0
0
0
0
-1.27647
-1.34571
-2.29702
-2.61134
-2.31027
-1.41535
0
0
0
0
0
0
0
0
0
0
-1.25833
-1.15227
-2.11126
-2.33991
-2.05955
-1.37808
0
0
0
0
0
0
0
0
0
0
-1.10096
-0.921999
-1.78327
-1.93469
-1.76405
-1.30168
0
0
0
0
0
0
0
0
0
0
-0.893786
-0.812653
-1.39216
-1.51013
-1.52275
-1.12507
0
0
0
0
0
0
0
0
0
0
0
-0.785165
-0.81277
-0.948941
-1.30856
-0.810893
0
0
0
0
0
0
0
0
0
0
0
-0.889831
-0.36538
-0.59067
-1.2074
-0.416984
0
0
0
0
0
0
0
0
0
0
0
-1.03719
0
-0.168976
-1.14086
0
0
0
0
0
0
0
0
0
0
0
0
-1.2232
0
0
-1.07424
0
0
0
0
0
0
0
0
0
0
0
0
-1.38711
0
0
-0.966472
0
0
0
0
0
0
0
0
0
0
0
0
-1.44368
0
0
-0.788241
0
0
0
0
0
0
0
0
0
0
0
0
0
0
0
-0.624504
0
0
0
0
0
0
0
0
0
0
0
0
0
0
0
0
0
0
0
0
0
0
0
0
0
0
0
0
0
0
0
0
0
0
0
0
0
0
0
0
0
0
0
0
0
0
0
0
0
0
0
0
0
0
0
0
0
0
0
0
0
0
0
0
0
0
0
0
0
0
0
0
0
0
0
0
0
0
0
0
0
0
0
0
0
0
0
0
0
0
0
0
0
0
0
0
0
0
0
0
0
0
0
0
0
0
0
0
0
0
0
0
0
0
0
0
0
0
0
0
0
0
0
0
0
0
0
0
0
0
0
0
0
0
0
0
0
0
0
0
0
0
0
0
0
0
0
0
0
0
0
0
0
0
0
0
0
0
0
0
0
0
0
0
0
0
0
0
0
0
0
0
0
0
0
0
0
0
0
0
0
0
0
0
0
0
0
0
0
0
0
0
0
0
0
0
0
0
0
0
0
0
0
0
0
0
0
0
0
0
0
0
0
0
0
0
0
0
0
0
0
0
0
0
0
0
0
0
0
0
0
0
0
0
0
0
0
0
0
-0.807001
0
0
0
0
0
0
0
0
0
0
0
0
0
0
-0.778604
-0.78086
0
0
0
0
0
0
0
0
0
0
0
0
0
0
-0.683687
-0.735503
0
0
0
0
0
0
0
0
0
0
0
0
0
-0.84337
-0.402574
-0.500413
0
0
0
0
0
0
0
0
0
0
0
0
0
-0.799091
-0.180014
-0.259164
0
0
0
0
0
0
0
0
0
0
0
0
0
-0.631968
-0.165734
0
0
0
0
0
0
0
0
0
0
0
0
0
0
-0.561807
-0.363348
0
0
0
0
0
0
0
0
0
0
0
0
0
-0.426461
-0.609553
-0.828699
-0.126931
0
0
0
0
0
0
0
0
0
0
0
0
-0.621254
-0.822
-1.36729
-0.824954
0
0
0
0
0
0
0
0
0
0
0
0
-0.882827
-1.10739
-1.86996
-1.43769
-0.287591
0
0
0
0
0
0
0
0
0
0
0
-1.13554
-1.49228
-2.30501
-1.91686
-0.643136
0
0
0
0
0
0
0
0
0
0
0
-1.35441
-1.82236
-2.64644
-2.25529
-0.958468
0
0
0
0
0
0
0
0
0
0
-0.328028
-1.52066
-2.11964
-2.84515
-2.43353
-1.13397
0
0
0
0
0
0
0
0
0
0
-0.645689
-1.65056
-2.34374
-2.98646
-2.5628
-1.26277
0
0
0
0
0
0
0
0
0
0
-0.951706
-1.65898
-2.43573
-2.97655
-2.51586
-1.2648
0
0
0
0
0
0
0
0
0
0
-1.15283
-1.61864
-2.46381
-2.91459
-2.43076
-1.24074
0
0
0
0
0
0
0
0
0
0
-1.24339
-1.44118
-2.35596
-2.71815
-2.22444
-1.18417
0
0
0
0
0
0
0
0
0
0
-1.22
-1.21949
-2.16906
-2.44678
-2.00209
-1.07553
0
0
0
0
0
0
0
0
0
0
-1.05582
-0.925943
-1.85454
-2.04933
-1.75209
-0.919939
0
0
0
0
0
0
0
0
0
0
-0.834708
-0.723945
-1.48144
-1.63731
-1.5898
-0.7026
0
0
0
0
0
0
0
0
0
0
0
-0.588092
-0.930089
-1.13238
-1.44711
-0.427716
0
0
0
0
0
0
0
0
0
0
0
-0.669538
-0.458808
-0.817316
-1.37945
-0.170725
0
0
0
0
0
0
0
0
0
0
0
-0.817548
0
-0.48696
-1.32061
0
0
0
0
0
0
0
0
0
0
0
-1.09993
-1.00965
0
-0.300716
-1.23589
0
0
0
0
0
0
0
0
0
0
0
-1.44949
-1.2048
0
-0.11462
-1.13508
0
0
0
0
0
0
0
0
0
0
0
-1.81143
-1.30707
0
0
-0.895022
0
0
0
0
0
0
0
0
0
0
0
0
0
0
0
-0.63339
0
0
0
0
0
0
0
0
0
0
0
0
0
0
0
0
0
0
0
0
0
0
0
0
0
0
0
0
0
0
0
0
0
0
0
0
0
0
0
0
0
0
0
0
0
0
0
0
0
0
0
0
0
0
0
0
0
0
0
0
0
0
0
0
0
0
0
0
0
0
0
0
0
0
0
0
0
0
0
0
0
0
0
0
0
0
0
0
0
0
0
0
0
0
0
0
0
0
0
0
0
0
0
0
0
0
0
0
0
0
0
0
0
0
0
0
0
0
0
0
0
0
0
0
0
0
0
0
0
0
0
0
0
0
0
0
0
0
0
0
0
0
0
0
0
0
0
0
0
0
0
0
0
0
0
0
0
0
0
0
0
0
0
0
0
0
0
0
0
0
0
0
0
0
0
0
0
0
0
0
0
0
0
0
0
0
0
0
0
0
0
0
0
0
0
0
0
0
0
0
0
0
0
0
0
0
0
0
0
0
0
0
0
0
0
0
0
0
0
0
0
0
0
0
0
0
0
0
0
0
0
0
0
0
0
0
0
0
0
-0.703248
0
0
0
0
0
0
0
0
0
0
0
0
0
0
-0.663986
-0.713689
0
0
0
0
0
0
0
0
0
0
0
0
0
-0.692605
-0.59961
-0.770342
0
0
0
0
0
0
0
0
0
0
0
0
0
-0.685624
-0.366868
-0.603099
0
0
0
0
0
0
0
0
0
0
0
0
0
-0.661123
-0.211645
-0.370278
0
0
0
0
0
0
0
0
0
0
0
0
0
-0.557022
-0.161629
-0.0258124
0
0
0
0
0
0
0
0
0
0
0
0
-0.203167
-0.55351
-0.317157
0
0
0
0
0
0
0
0
0
0
0
0
0
-0.306174
-0.631846
-0.80415
0
0
0
0
0
0
0
0
0
0
0
0
0
-0.562048
-0.866063
-1.38452
-0.680848
0
0
0
0
0
0
0
0
0
0
0
0
-0.871014
-1.18559
-1.91295
-1.2133
0
0
0
0
0
0
0
0
0
0
0
0
-1.14896
-1.59298
-2.34356
-1.67785
-0.398879
0
0
0
0
0
0
0
0
0
0
0
-1.37931
-1.94096
-2.6583
-2.04304
-0.787394
0
0
0
0
0
0
0
0
0
0
-0.269856
-1.54473
-2.22902
-2.82027
-2.27029
-1.01492
0
0
0
0
0
0
0
0
0
0
-0.607261
-1.67387
-2.44406
-2.9354
-2.43731
-1.17579
0
0
0
0
0
0
0
0
0
0
-0.930029
-1.68262
-2.52037
-2.90958
-2.41846
-1.18621
0
0
0
0
0
0
0
0
0
0
-1.13419
-1.6435
-2.53656
-2.85002
-2.34157
-1.1535
0
0
0
0
0
0
0
0
0
0
-1.21836
-1.47314
-2.42788
-2.68207
-2.12314
-1.06312
0
0
0
0
0
0
0
0
0
0
-1.17653
-1.25202
-2.2431
-2.46389
-1.88499
-0.909149
0
0
0
0
0
0
0
0
0
0
-0.988057
-0.943351
-1.94598
-2.14961
-1.6373
-0.689299
0
0
0
0
0
0
0
0
0
0
-0.743508
-0.693564
-1.58916
-1.81835
-1.54253
-0.399992
0
0
0
0
0
0
0
0
0
0
-0.382347
-0.46239
-1.095
-1.41872
-1.5345
0
0
0
0
0
0
0
0
0
0
-0.976401
0
-0.480493
-0.65923
-1.13411
-1.57021
0
0
0
0
0
0
0
0
0
0
-1.21939
0
-0.584789
0
-0.850196
-1.53925
0
0
0
0
0
0
0
0
0
0
0
-0.91612
-0.78801
0
-0.665317
-1.40258
0
0
0
0
0
0
0
0
0
0
0
-1.29546
-0.974253
0
-0.474396
-1.25304
0
0
0
0
0
0
0
0
0
0
0
-1.55816
-1.0795
0
-0.327177
-1.00754
0
0
0
0
0
0
0
0
0
0
0
-1.83881
-1.11921
0
-0.275853
-0.692018
0
0
0
0
0
0
0
0
0
0
0
0
0
0
0
-0.295426
0
0
0
0
0
0
0
0
0
0
0
0
0
0
0
0
0
0
0
0
0
0
0
0
0
0
0
0
0
0
0
0
0
0
0
0
0
0
0
0
0
0
0
0
0
0
0
0
0
0
0
0
0
0
0
0
0
0
0
0
0
0
0
0
0
0
0
0
0
0
0
0
0
0
0
0
0
0
0
0
0
0
0
0
0
0
0
0
0
0
0
0
0
0
0
0
0
0
0
0
0
0
0
0
0
0
0
0
0
0
0
0
0
0
0
0
0
0
0
0
0
0
0
0
0
0
0
0
0
0
0
0
0
0
0
0
0
0
0
0
0
0
0
0
0
0
0
0
0
0
0
0
0
0
0
0
0
0
0
0
0
0
0
0
0
0
0
0
0
0
0
0
0
0
0
0
0
0
0
0
0
0
0
0
0
0
0
0
0
0
0
0
0
0
0
0
0
0
0
0
0
0
0
0
0
0
0
0
0
0
0
0
0
0
0
0
0
0
0
0
0
0
0
-0.584129
0
0
0
0
0
0
0
0
0
0
0
0
0
0
-0.547781
-0.67538
0
0
0
0
0
0
0
0
0
0
0
0
0
-0.539371
-0.526657
-0.813919
0
0
0
0
0
0
0
0
0
0
0
0
0
-0.550014
-0.375766
-0.658092
0
0
0
0
0
0
0
0
0
0
0
0
-0.349425
-0.594799
-0.227383
-0.473794
0
0
0
0
0
0
0
0
0
0
0
0
-0.174133
-0.554147
-0.146
-0.160875
0
0
0
0
0
0
0
0
0
0
0
0
-0.135838
-0.565698
-0.302986
0
0
0
0
0
0
0
0
0
0
0
0
0
-0.278752
-0.670678
-0.81166
0
0
0
0
0
0
0
0
0
0
0
0
0
-0.55361
-0.955261
-1.39259
-0.424881
0
0
0
0
0
0
0
0
0
0
0
0
-0.869301
-1.32212
-1.87835
-0.989252
0
0
0
0
0
0
0
0
0
0
0
0
-1.15893
-1.7432
-2.25498
-1.5293
0
0
0
0
0
0
0
0
0
0
0
0
-1.4057
-2.09105
-2.54055
-1.96003
0
0
0
0
0
0
0
0
0
0
0
-0.279968
-1.58053
-2.35088
-2.69089
-2.24714
-0.840905
0
0
0
0
0
0
0
0
0
0
-0.624142
-1.71578
-2.54149
-2.80468
-2.45185
-1.04933
0
0
0
0
0
0
0
0
0
0
-0.954188
-1.72782
-2.59673
-2.77242
-2.46225
-1.07248
0
0
0
0
0
0
0
0
0
0
-1.16135
-1.68843
-2.60597
-2.70606
-2.39771
-1.02779
0
0
0
0
0
0
0
0
0
0
-1.24586
-1.51936
-2.511
-2.54446
-2.17253
-0.887343
0
0
0
0
0
0
0
0
0
-0.229
-1.19702
-1.29156
-2.34685
-2.35869
-1.91505
-0.680231
0
0
0
0
0
0
0
0
0
0
-0.9914
-0.968453
-2.08137
-2.13429
-1.63674
0
0
0
0
0
0
0
0
0
0
0
-0.71523
-0.692699
-1.74293
-1.92894
-1.51974
0
0
0
0
0
0
0
0
0
0
-0.57598
-0.321843
-0.416207
-1.28227
-1.67538
-1.52124
0
0
0
0
0
0
0
0
0
0
-0.810758
-0.284026
-0.410509
-0.851649
-1.43959
-1.62049
0
0
0
0
0
0
0
0
0
0
-1.05959
0
-0.46217
-0.261903
-1.1694
-1.69867
0
0
0
0
0
0
0
0
0
0
-1.09202
-0.74678
-0.624864
0
-0.947674
-1.58006
0
0
0
0
0
0
0
0
0
0
0
-1.10397
-0.803033
0
-0.755827
-1.38363
0
0
0
0
0
0
0
0
0
0
0
-1.39613
-0.881144
0
-0.605255
-1.09826
0
0
0
0
0
0
0
0
0
0
0
-1.55413
-0.921108
0
-0.488175
-0.789799
0
0
0
0
0
0
0
0
0
0
0
0
0
0
-0.493996
-0.355949
0
0
0
0
0
0
0
0
0
0
0
0
0
0
0
0
0
0
0
0
0
0
0
0
0
0
0
0
0
0
0
0
0
0
0
0
0
0
0
0
0
0
0
0
0
0
0
0
0
0
0
0
0
0
0
0
0
0
0
0
0
0
0
0
0
0
0
0
0
0
0
0
0
0
0
0
0
0
0
0
0
0
0
0
0
0
0
0
0
0
0
0
0
0
0
0
0
0
0
0
0
0
0
0
0
0
0
0
0
0
0
0
0
0
0
0
0
0
0
0
0
0
0
0
0
0
0
0
0
0
0
0
0
0
0
0
0
0
0
0
0
0
0
0
0
0
0
0
0
0
0
0
0
0
0
0
0
0
0
0
0
0
0
0
0
0
0
0
0
0
0
0
0
0
0
0
0
0
0
0
0
0
0
0
0
0
0
0
0
0
0
0
0
0
0
0
0
0
0
0
0
0
0
0
0
0
0
0
0
0
0
0
0
0
0
0
0
0
0
0
0
0
0
-0.333738
0
0
0
0
0
0
0
0
0
0
0
0
0
0
-0.317299
-0.52148
0
0
0
0
0
0
0
0
0
0
0
0
0
-0.349983
-0.363388
-0.677368
0
0
0
0
0
0
0
0
0
0
0
0
0
-0.417731
-0.241153
-0.567152
0
0
0
0
0
0
0
0
0
0
0
0
-0.237135
-0.533742
-0.0942213
-0.44339
0
0
0
0
0
0
0
0
0
0
0
0
-0.123599
-0.523082
-0.0477083
0
0
0
0
0
0
0
0
0
0
0
0
0
-0.133455
-0.576824
-0.23202
0
0
0
0
0
0
0
0
0
0
0
0
0
-0.268029
-0.767765
-0.726184
0
0
0
0
0
0
0
0
0
0
0
0
0
-0.527319
-1.11537
-1.24587
-0.218631
0
0
0
0
0
0
0
0
0
0
0
0
-0.847556
-1.50649
-1.69478
-0.84684
0
0
0
0
0
0
0
0
0
0
0
0
-1.15456
-1.88701
-2.08641
-1.4488
0
0
0
0
0
0
0
0
0
0
0
0
-1.41818
-2.18102
-2.41109
-1.92001
0
0
0
0
0
0
0
0
0
0
0
-0.260907
-1.60161
-2.37068
-2.59157
-2.24487
0
0
0
0
0
0
0
0
0
0
0
-0.597082
-1.74101
-2.51328
-2.72357
-2.47499
0
0
0
0
0
0
0
0
0
0
0
-0.915358
-1.75844
-2.53969
-2.69208
-2.50743
0
0
0
0
0
0
0
0
0
0
0
-1.11627
-1.72331
-2.54293
-2.61755
-2.45544
0
0
0
0
0
0
0
0
0
0
-0.0766127
-1.19785
-1.56421
-2.47831
-2.45406
-2.23876
0
0
0
0
0
0
0
0
0
0
0
-1.15325
-1.34213
-2.36969
-2.27389
-1.99062
0
0
0
0
0
0
0
0
0
0
0
-0.960269
-1.02401
-2.18691
-2.08803
-1.72212
0
0
0
0
0
0
0
0
0
0
0
-0.695764
-0.743876
-1.91594
-1.94543
-1.5934
0
0
0
0
0
0
0
0
0
0
-0.334149
-0.318794
-0.466875
-1.5276
-1.82338
-1.54998
0
0
0
0
0
0
0
0
0
0
-0.539958
-0.227237
-0.461489
-1.11693
-1.69594
-1.58027
0
0
0
0
0
0
0
0
0
0
-0.748618
-0.248669
-0.496912
-0.585405
-1.48336
-1.67194
0
0
0
0
0
0
0
0
0
0
0
-0.557235
-0.58471
-0.189678
-1.24064
-1.64392
0
0
0
0
0
0
0
0
0
0
0
-0.847096
-0.682731
0
-1.02293
-1.47115
0
0
0
0
0
0
0
0
0
0
0
-1.10663
-0.716391
0
-0.891673
-1.15935
0
0
0
0
0
0
0
0
0
0
0
-1.26633
-0.698943
0
-0.772314
-0.851871
0
0
0
0
0
0
0
0
0
0
0
0
0
0
-0.728193
-0.482753
0
0
0
0
0
0
0
0
0
0
0
0
0
0
-0.759133
-0.177001
0
0
0
0
0
0
0
0
0
0
0
0
0
0
-0.781266
0
0
0
0
0
0
0
0
0
0
0
0
0
0
0
0
0
0
0
0
0
0
0
0
0
0
0
0
0
0
0
0
0
0
0
0
0
0
0
0
0
0
0
0
0
0
0
0
0
0
0
0
0
0
0
0
0
0
0
0
0
0
0
0
0
0
0
0
0
0
0
0
0
0
0
0
0
0
0
0
0
0
0
0
0
0
0
0
0
0
0
0
0
0
0
0
0
0
0
0
0
0
0
0
0
0
0
0
0
0
0
0
0
0
0
0
0
0
0
0
0
0
0
0
0
0
0
0
0
0
0
0
0
0
0
0
0
0
0
0
0
0
0
0
0
0
0
0
0
0
0
0
0
0
0
0
0
0
0
0
0
0
0
0
0
0
0
0
0
0
0
0
0
0
0
0
0
0
0
0
0
0
0
0
0
0
0
0
0
0
0
0
-0.121423
0
0
0
0
0
0
0
0
0
0
0
0
0
0
-0.148865
-0.351564
0
0
0
0
0
0
0
0
0
0
0
0
0
-0.218552
-0.216998
-0.527527
0
0
0
0
0
0
0
0
0
0
0
0
0
-0.356119
-0.0898337
-0.481942
0
0
0
0
0
0
0
0
0
0
0
0
-0.208933
-0.493153
0
-0.378389
0
0
0
0
0
0
0
0
0
0
0
0
-0.157147
-0.515805
0
0
0
0
0
0
0
0
0
0
0
0
0
-0.114072
-0.175621
-0.638721
0
0
0
0
0
0
0
0
0
0
0
0
0
0
-0.292265
-0.906502
-0.550956
0
0
0
0
0
0
0
0
0
0
0
0
0
-0.550992
-1.27868
-1.05137
0
0
0
0
0
0
0
0
0
0
0
0
0
-0.881658
-1.6388
-1.54675
-0.715324
0
0
0
0
0
0
0
0
0
0
0
0
-1.19842
-1.9445
-2.0005
-1.35038
0
0
0
0
0
0
0
0
0
0
0
0
-1.46639
-2.18636
-2.37572
-1.8573
0
0
0
0
0
0
0
0
0
0
0
-0.25196
-1.64471
-2.32976
-2.58128
-2.23137
0
0
0
0
0
0
0
0
0
0
0
-0.582066
-1.77734
-2.44403
-2.72416
-2.49657
0
0
0
0
0
0
0
0
0
0
-0.0513797
-0.885924
-1.79476
-2.44953
-2.69043
-2.55977
0
0
0
0
0
0
0
0
0
0
-0.0652281
-1.07647
-1.76512
-2.43932
-2.61166
-2.52506
0
0
0
0
0
0
0
0
0
0
0
-1.14869
-1.6226
-2.38591
-2.45878
-2.32027
0
0
0
0
0
0
0
0
0
0
0
-1.10241
-1.41565
-2.31099
-2.29454
-2.08544
0
0
0
0
0
0
0
0
0
0
0
-0.922788
-1.11166
-2.20476
-2.13523
-1.83937
0
0
0
0
0
0
0
0
0
0
0
-0.686455
-0.833221
-2.0277
-1.99646
-1.72525
0
0
0
0
0
0
0
0
0
0
0
-0.358969
-0.552657
-1.74051
-1.89717
-1.66638
0
0
0
0
0
0
0
0
0
0
0
-0.239426
-0.531747
-1.36705
-1.81982
-1.61947
0
0
0
0
0
0
0
0
0
0
-0.462841
-0.191871
-0.563586
-0.871313
-1.70707
-1.62766
0
0
0
0
0
0
0
0
0
0
0
-0.397316
-0.616436
-0.470579
-1.4921
-1.60606
0
0
0
0
0
0
0
0
0
0
0
-0.628146
-0.634987
-0.0280133
-1.25023
-1.52852
0
0
0
0
0
0
0
0
0
0
0
-0.824857
-0.589939
0
-1.09724
-1.24101
0
0
0
0
0
0
0
0
0
0
0
-0.976046
-0.53057
0
-0.992466
-0.922229
0
0
0
0
0
0
0
0
0
0
0
0
0
0
-0.910659
-0.609065
0
0
0
0
0
0
0
0
0
0
0
0
0
0
-0.897568
-0.34403
0
0
0
0
0
0
0
0
0
0
0
0
0
0
-0.921445
0
0
0
0
0
0
0
0
0
0
0
0
0
0
0
-1.00129
0
0
0
0
0
0
0
0
0
0
0
0
0
0
0
0
0
0
0
0
0
0
0
0
0
0
0
0
0
0
0
0
0
0
0
0
0
0
0
0
0
0
0
0
0
0
0
0
0
0
0
0
0
0
0
0
0
0
0
0
0
0
0
0
0
0
0
0
0
0
0
0
0
0
0
0
0
0
0
0
0
0
0
0
0
0
0
0
0
0
0
0
0
0
0
0
0
0
0
0
0
0
0
0
0
0
0
0
0
0
0
0
0
0
0
0
0
0
0
0
0
0
0
0
0
0
0
0
0
0
0
0
0
0
0
0
0
0
0
0
0
0
0
0
0
0
0
0
0
0
0
0
0
0
0
0
0
0
0
0
0
0
0
0
0
0
0
0
0
0
0
0
0
0
0
0
0
0
0
0
0
0
0
0
0
0
0
0
0
0
0
0
-0.0495188
0
0
0
0
0
0
0
0
0
0
0
0
0
-0.1765
-0.0021283
-0.269673
0
0
0
0
0
0
0
0
0
0
0
0
-0.247179
-0.341829
0
-0.293927
0
0
0
0
0
0
0
0
0
0
0
-0.399936
-0.320351
-0.481068
0
-0.184923
0
0
0
0
0
0
0
0
0
0
0
-0.367315
-0.305237
-0.584526
0
0
0
0
0
0
0
0
0
0
0
0
0
-0.32842
-0.330273
-0.787552
0
0
0
0
0
0
0
0
0
0
0
0
0
-0.117463
-0.452655
-1.09918
-0.416692
0
0
0
0
0
0
0
0
0
0
0
0
0
-0.705687
-1.428
-0.938284
0
0
0
0
0
0
0
0
0
0
0
0
0
-1.02093
-1.7219
-1.47711
-0.645287
0
0
0
0
0
0
0
0
0
0
0
0
-1.31146
-1.97335
-1.96646
-1.29067
0
0
0
0
0
0
0
0
0
0
0
0
-1.54782
-2.19625
-2.36419
-1.82773
0
0
0
0
0
0
0
0
0
0
0
-0.250967
-1.68857
-2.32045
-2.57913
-2.23317
0
0
0
0
0
0
0
0
0
0
-0.0434602
-0.561755
-1.79168
-2.41815
-2.72551
-2.51483
0
0
0
0
0
0
0
0
0
0
-0.0332196
-0.830106
-1.79413
-2.41241
-2.69493
-2.59584
0
0
0
0
0
0
0
0
0
0
0
-0.99768
-1.76342
-2.38801
-2.62221
-2.57762
0
0
0
0
0
0
0
0
0
0
0
-1.05139
-1.63961
-2.33122
-2.49585
-2.39536
0
0
0
0
0
0
0
0
0
0
0
-1.00172
-1.46288
-2.25683
-2.36243
-2.17583
0
0
0
0
0
0
0
0
0
0
0
-0.841082
-1.19961
-2.17199
-2.23356
-1.93526
0
0
0
0
0
0
0
0
0
0
0
-0.646072
-0.9589
-2.0466
-2.08883
-1.80936
0
0
0
0
0
0
0
0
0
0
0
-0.405999
-0.718558
-1.86497
-1.96208
-1.73135
0
0
0
0
0
0
0
0
0
0
0
-0.292498
-0.687555
-1.58179
-1.84907
-1.64031
0
0
0
0
0
0
0
0
0
0
0
-0.203608
-0.70354
-1.16159
-1.77716
-1.56733
0
0
0
0
0
0
0
0
0
0
0
-0.267632
-0.719266
-0.779888
-1.63909
-1.47491
0
0
0
0
0
0
0
0
0
0
0
-0.392433
-0.681271
-0.379986
-1.40811
-1.45162
0
0
0
0
0
0
0
0
0
0
0
-0.51645
-0.533491
-0.0895968
-1.22634
-1.27217
0
0
0
0
0
0
0
0
0
0
0
0
-0.40495
0
-1.11617
-0.989499
-0.261251
0
0
0
0
0
0
0
0
0
0
0
0
0
-1.04399
-0.739861
-0.285763
0
0
0
0
0
0
0
0
0
0
0
0
0
-0.988485
-0.582238
-0.204029
0
0
0
0
0
0
0
0
0
0
0
0
0
-1.03734
-0.483858
-0.144425
0
0
0
0
0
0
0
0
0
0
0
0
0
-1.12871
-0.580119
0
0
0
0
0
0
0
0
0
0
0
0
0
0
0
0
0
0
0
0
0
0
0
0
0
0
0
0
0
0
0
0
0
0
0
0
0
0
0
0
0
0
0
0
0
0
0
0
0
0
0
0
0
0
0
0
0
0
0
0
0
0
0
0
0
0
0
0
0
0
0
0
0
0
0
0
0
0
0
0
0
0
0
0
0
0
0
0
0
0
0
0
0
0
0
0
0
0
0
0
0
0
0
0
0
0
0
0
0
0
0
0
0
0
0
0
0
0
0
0
0
0
0
0
0
0
0
0
0
0
0
0
0
0
0
0
0
0
0
0
0
0
0
0
0
0
0
0
0
0
0
0
0
0
0
0
0
0
-0.364778
0
0
0
0
0
0
0
0
0
0
0
0
0
0
0
-0.10927
0
0
0
0
0
0
0
0
0
0
0
0
0
0
0
0
0
0
0
0
0
0
0
0
0
0
0
0
0
-0.309844
-0.197403
0
0
0
0
0
0
0
0
0
0
0
0
0
-0.428374
-0.357429
-0.353182
0
0
0
0
0
0
0
0
0
0
0
0
0
-0.548902
-0.459368
-0.503367
0
0
0
0
0
0
0
0
0
0
0
0
0
-0.539974
-0.454425
-0.683517
0
0
0
0
0
0
0
0
0
0
0
0
0
-0.518331
-0.493959
-0.935202
0
0
0
0
0
0
0
0
0
0
0
0
0
-0.295421
-0.625339
-1.23658
-0.347518
0
0
0
0
0
0
0
0
0
0
0
0
-0.0373583
-0.866978
-1.51121
-0.888194
0
0
0
0
0
0
0
0
0
0
0
0
0
-1.15308
-1.784
-1.43898
0
0
0
0
0
0
0
0
0
0
0
0
0
-1.39739
-2.02923
-1.93467
-1.14159
0
0
0
0
0
0
0
0
0
0
0
0
-1.58672
-2.25591
-2.33915
-1.66656
0
0
0
0
0
0
0
0
0
0
0
-0.260709
-1.68508
-2.36943
-2.55856
-2.07799
0
0
0
0
0
0
0
0
0
0
-0.044612
-0.547838
-1.75968
-2.45124
-2.70751
-2.36382
0
0
0
0
0
0
0
0
0
0
0
-0.775072
-1.74554
-2.43416
-2.68207
-2.4711
0
0
0
0
0
0
0
0
0
0
0
-0.91637
-1.70882
-2.39635
-2.61901
-2.488
0
0
0
0
0
0
0
0
0
0
0
-0.950841
-1.59821
-2.33662
-2.52792
-2.36644
0
0
0
0
0
0
0
0
0
0
0
-0.90176
-1.45346
-2.25718
-2.43392
-2.21153
0
0
0
0
0
0
0
0
0
0
0
-0.766218
-1.24466
-2.17115
-2.34613
-2.01888
0
0
0
0
0
0
0
0
0
0
0
-0.611377
-1.05983
-2.05102
-2.21215
-1.89195
0
0
0
0
0
0
0
0
0
0
0
-0.442787
-0.866503
-1.91881
-2.06915
-1.78849
0
0
0
0
0
0
0
0
0
0
0
-0.334748
-0.831303
-1.72204
-1.90256
-1.6679
0
0
0
0
0
0
0
0
0
0
0
-0.229607
-0.826275
-1.39533
-1.80129
-1.54821
0
0
0
0
0
0
0
0
0
0
0
-0.177041
-0.801721
-1.03868
-1.71109
-1.3801
0
0
0
0
0
0
0
0
0
0
0
-0.176189
-0.735491
-0.654604
-1.53426
-1.33066
0
0
0
0
0
0
0
0
0
0
0
0
-0.515249
-0.36013
-1.33928
-1.26594
-0.268177
0
0
0
0
0
0
0
0
0
0
0
-0.303883
-0.0821797
-1.20669
-1.06437
-0.564416
0
0
0
0
0
0
0
0
0
0
0
0
0
-1.14996
-0.868777
-0.671895
0
0
0
0
0
0
0
0
0
0
0
0
0
-1.07335
-0.785366
-0.574974
0
0
0
0
0
0
0
0
0
0
0
0
0
-1.11549
-0.745002
-0.52033
0
0
0
0
0
0
0
0
0
0
0
0
0
-1.20989
-0.816565
-0.32306
0
0
0
0
0
0
0
0
0
0
0
0
0
-1.32297
-0.979138
0
0
0
0
0
0
0
0
0
0
0
0
0
0
0
0
0
0
0
0
0
0
0
0
0
0
0
0
0
0
0
0
0
0
0
0
0
0
0
0
0
0
0
0
0
0
0
0
0
0
0
0
0
0
0
0
0
0
0
0
0
0
0
0
0
0
0
0
0
0
0
0
0
0
0
0
0
0
0
0
0
0
0
0
0
0
0
0
0
0
0
0
0
0
0
0
0
0
0
0
0
0
0
0
0
0
0
0
0
0
-1.21232
0
0
0
0
0
0
0
0
0
0
0
0
0
0
0
-0.953147
0
0
0
0
0
0
0
0
0
0
0
0
0
0
0
-0.651416
0
0
0
0
0
0
0
0
0
0
0
0
0
0
-0.349581
-0.346658
0
0
0
0
0
0
0
0
0
0
0
0
0
-0.408003
-0.288079
-0.0976496
0
0
0
0
0
0
0
0
0
0
0
0
0
-0.507782
-0.360778
0
0
0
0
0
0
0
0
0
0
0
0
0
-0.590936
-0.584335
-0.478406
0
0
0
0
0
0
0
0
0
0
0
0
0
-0.715712
-0.68805
-0.630713
0
0
0
0
0
0
0
0
0
0
0
0
0
-0.717094
-0.683189
-0.854808
0
0
0
0
0
0
0
0
0
0
0
0
0
-0.686287
-0.729885
-1.09877
-0.0799198
0
0
0
0
0
0
0
0
0
0
0
0
-0.444031
-0.84488
-1.33698
-0.45549
0
0
0
0
0
0
0
0
0
0
0
0
-0.170838
-1.05007
-1.56793
-0.944339
0
0
0
0
0
0
0
0
0
0
0
0
0
-1.28207
-1.8361
-1.44399
0
0
0
0
0
0
0
0
0
0
0
0
0
-1.47101
-2.08596
-1.91555
0
0
0
0
0
0
0
0
0
0
0
0
0
-1.62282
-2.3162
-2.31578
-1.51867
0
0
0
0
0
0
0
0
0
0
0
-0.238431
-1.68812
-2.42496
-2.5461
-1.92095
0
0
0
0
0
0
0
0
0
0
0
-0.49346
-1.73828
-2.49654
-2.70323
-2.21446
0
0
0
0
0
0
0
0
0
0
0
-0.673528
-1.6945
-2.47592
-2.69318
-2.35127
0
0
0
0
0
0
0
0
0
0
0
-0.784869
-1.63053
-2.43139
-2.64417
-2.39436
0
0
0
0
0
0
0
0
0
0
0
-0.799612
-1.50287
-2.36642
-2.57397
-2.31361
0
0
0
0
0
0
0
0
0
0
0
-0.75541
-1.35947
-2.27511
-2.49098
-2.20338
0
0
0
0
0
0
0
0
0
0
0
-0.651728
-1.18481
-2.16933
-2.40638
-2.05538
0
0
0
0
0
0
0
0
0
0
0
-0.538356
-1.05992
-2.03108
-2.26794
-1.93847
0
0
0
0
0
0
0
0
0
0
0
-0.426081
-0.928491
-1.89967
-2.11022
-1.80202
0
0
0
0
0
0
0
0
0
0
0
-0.313876
-0.905528
-1.75673
-1.90324
-1.64604
0
0
0
0
0
0
0
0
0
0
0
-0.200474
-0.890179
-1.54187
-1.75181
-1.49817
0
0
0
0
0
0
0
0
0
0
0
-0.0746734
-0.829426
-1.25017
-1.64765
-1.28135
0
0
0
0
0
0
0
0
0
0
0
0
-0.743952
-0.90559
-1.5241
-1.18127
-0.30752
0
0
0
0
0
0
0
0
0
0
0
-0.491021
-0.604617
-1.33021
-1.18108
-0.520359
0
0
0
0
0
0
0
0
0
0
0
-0.21585
-0.336562
-1.17595
-1.10976
-0.804921
0
0
0
0
0
0
0
0
0
0
0
0
-0.100341
-1.13236
-1.003
-1.00576
0
0
0
0
0
0
0
0
0
0
0
0
0
-1.07983
-0.995757
-0.925926
0
0
0
0
0
0
0
0
0
0
0
0
0
-1.13026
-1.04356
-0.878325
0
0
0
0
0
0
0
0
0
0
0
0
0
-1.24416
-1.08417
-0.701614
0
0
0
0
0
0
0
0
0
0
0
0
0
-1.39728
-1.25157
-0.574469
0
0
0
0
0
0
0
0
0
0
0
0
0
-1.45867
-1.33904
0
0
0
0
0
0
0
0
0
0
0
0
0
0
0
0
0
0
0
0
0
0
0
0
0
0
0
0
0
0
0
0
0
0
0
0
0
0
0
0
0
0
0
0
0
0
0
0
0
0
0
0
0
0
0
0
0
0
0
0
0
0
0
0
0
0
0
0
0
0
0
0
0
0
0
0
0
0
-1.57932
0
0
0
0
0
0
0
0
0
0
0
0
0
0
0
-1.4526
0
0
0
0
0
0
0
0
0
0
0
0
0
0
-0.947865
-1.18451
0
0
0
0
0
0
0
0
0
0
0
0
0
0
-0.753603
-0.86707
0
0
0
0
0
0
0
0
0
0
0
0
0
0
-0.564246
-0.549331
0
0
0
0
0
0
0
0
0
0
0
0
0
-0.567858
-0.483896
-0.235673
0
0
0
0
0
0
0
0
0
0
0
0
-0.537258
-0.675703
-0.508885
0
0
0
0
0
0
0
0
0
0
0
0
0
-0.724335
-0.772611
-0.599761
0
0
0
0
0
0
0
0
0
0
0
0
0
-0.865682
-0.87075
-0.753273
0
0
0
0
0
0
0
0
0
0
0
0
0
-0.873084
-0.871428
-0.998501
0
0
0
0
0
0
0
0
0
0
0
0
0
-0.82998
-0.924574
-1.21267
-0.239308
-0.40346
0
0
0
0
0
0
0
0
0
0
0
-0.57795
-1.02088
-1.40684
-0.588489
0
0
0
0
0
0
0
0
0
0
0
0
-0.298067
-1.18384
-1.6265
-1.00656
0
0
0
0
0
0
0
0
0
0
0
0
0
-1.36048
-1.89972
-1.43189
0
0
0
0
0
0
0
0
0
0
0
0
0
-1.50998
-2.1507
-1.86474
0
0
0
0
0
0
0
0
0
0
0
0
0
-1.64482
-2.37667
-2.25014
0
0
0
0
0
0
0
0
0
0
0
0
-0.207619
-1.69337
-2.47438
-2.48446
0
0
0
0
0
0
0
0
0
0
0
0
-0.424896
-1.7279
-2.5319
-2.64342
-1.89729
0
0
0
0
0
0
0
0
0
0
0
-0.547786
-1.65707
-2.50609
-2.65104
-2.09696
0
0
0
0
0
0
0
0
0
0
0
-0.6207
-1.56331
-2.45564
-2.62357
-2.18661
0
0
0
0
0
0
0
0
0
0
0
-0.609339
-1.41047
-2.389
-2.58555
-2.16166
0
0
0
0
0
0
0
0
0
0
0
-0.574256
-1.25447
-2.29267
-2.5202
-2.09153
0
0
0
0
0
0
0
0
0
0
0
-0.514831
-1.09601
-2.1762
-2.43923
-1.98636
0
0
0
0
0
0
0
0
0
0
0
-0.453622
-1.01908
-2.02675
-2.29699
-1.90565
0
0
0
0
0
0
0
0
0
0
0
-0.399757
-0.952875
-1.88891
-2.13448
-1.76718
0
0
0
0
0
0
0
0
0
0
0
-0.28001
-0.954063
-1.76846
-1.90776
-1.58363
0
0
0
0
0
0
0
0
0
0
0
-0.154759
-0.936684
-1.63551
-1.718
-1.41413
0
0
0
0
0
0
0
0
0
0
0
0
-0.84589
-1.4135
-1.57445
-1.17588
0
0
0
0
0
0
0
0
0
0
0
0
-0.738374
-1.10339
-1.47827
-1.04183
-0.555541
0
0
0
0
0
0
0
0
0
0
0
-0.46849
-0.793129
-1.30656
-1.07445
-0.733446
0
0
0
0
0
0
0
0
0
0
0
-0.149327
-0.527643
-1.14406
-1.13927
-0.975617
0
0
0
0
0
0
0
0
0
0
0
0
-0.275513
-1.11011
-1.12827
-1.2366
0
0
0
0
0
0
0
0
0
0
0
0
-0.210825
-1.09394
-1.16964
-1.18814
0
0
0
0
0
0
0
0
0
0
0
0
0
-1.15451
-1.2754
-1.13663
0
0
0
0
0
0
0
0
0
0
0
0
0
-1.27901
-1.28732
-0.976114
0
0
0
0
0
0
0
0
0
0
0
0
0
-1.44711
-1.44782
-0.833875
0
0
0
0
0
0
0
0
0
0
0
0
0
-1.50483
-1.51429
-0.74453
0
0
0
0
0
0
0
0
0
0
0
0
0
0
-1.47637
0
0
0
0
0
0
0
0
0
0
0
0
0
0
0
0
0
0
0
0
0
0
0
0
0
0
0
0
0
0
0
0
0
0
0
0
0
0
0
0
0
0
0
0
0
0
-2.0576
0
0
0
0
0
0
0
0
0
0
0
0
0
0
0
-1.82506
0
0
0
0
0
0
0
0
0
0
0
0
0
0
-1.24567
-1.66827
0
0
0
0
0
0
0
0
0
0
0
0
0
0
-1.17098
-1.38596
0
0
0
0
0
0
0
0
0
0
0
0
0
0
-0.983061
-1.06412
0
0
0
0
0
0
0
0
0
0
0
0
0
-0.615151
-0.790453
-0.750009
0
0
0
0
0
0
0
0
0
0
0
0
0
-0.710918
-0.699847
-0.425437
0
0
0
0
0
0
0
0
0
0
0
0
-0.645347
-0.821935
-0.680269
-0.0266343
0
0
0
0
0
0
0
0
0
0
0
0
-0.834452
-0.925786
-0.737662
0
0
0
0
0
0
0
0
0
0
0
0
0
-0.995889
-1.01642
-0.871604
0
0
0
0
0
0
0
0
0
0
0
0
0
-1.009
-1.0128
-1.09611
-0.266343
-0.30987
0
0
0
0
0
0
0
0
0
0
0
-0.960222
-1.05343
-1.2569
-0.495716
-0.606778
0
0
0
0
0
0
0
0
0
0
0
-0.705918
-1.10419
-1.40838
-0.78302
0
0
0
0
0
0
0
0
0
0
0
0
-0.420377
-1.20673
-1.6169
-1.11595
0
0
0
0
0
0
0
0
0
0
0
0
-0.0524808
-1.33038
-1.88782
-1.45819
0
0
0
0
0
0
0
0
0
0
0
0
0
-1.46373
-2.14022
-1.84668
0
0
0
0
0
0
0
0
0
0
0
0
0
-1.6021
-2.36528
-2.20867
0
0
0
0
0
0
0
0
0
0
0
0
-0.192156
-1.65094
-2.46023
-2.44088
0
0
0
0
0
0
0
0
0
0
0
0
-0.388957
-1.68226
-2.51284
-2.5974
0
0
0
0
0
0
0
0
0
0
0
0
-0.47424
-1.58925
-2.4829
-2.6138
0
0
0
0
0
0
0
0
0
0
0
0
-0.514878
-1.46686
-2.42589
-2.59417
-2.06885
0
0
0
0
0
0
0
0
0
0
0
-0.464601
-1.28024
-2.35129
-2.55899
-2.05752
0
0
0
0
0
0
0
0
0
0
0
-0.408516
-1.0945
-2.24382
-2.48551
-1.98391
0
0
0
0
0
0
0
0
0
0
0
-0.343929
-0.921734
-2.11105
-2.38351
-1.87621
0
0
0
0
0
0
0
0
0
0
0
-0.289151
-0.856405
-1.95059
-2.22611
-1.81369
0
0
0
0
0
0
0
0
0
0
0
-0.244782
-0.824307
-1.8026
-2.05483
-1.68962
0
0
0
0
0
0
0
0
0
0
0
-0.112574
-0.851478
-1.69575
-1.82393
-1.49133
0
0
0
0
0
0
0
0
0
0
0
0
-0.839801
-1.61776
-1.61699
-1.30106
0
0
0
0
0
0
0
0
0
0
0
0
-0.740005
-1.46222
-1.43868
-1.04984
0
0
0
0
0
0
0
0
0
0
0
0
-0.626324
-1.19337
-1.34912
-0.899894
-0.676061
0
0
0
0
0
0
0
0
0
0
0
-0.367456
-0.886067
-1.20688
-0.956548
-0.829095
0
0
0
0
0
0
0
0
0
0
0
0
-0.629213
-1.05487
-1.14076
-1.039
0
0
0
0
0
0
0
0
0
0
0
0
-0.386057
-1.04116
-1.23138
-1.33703
0
0
0
0
0
0
0
0
0
0
0
0
-0.302146
-1.06333
-1.31463
-1.34609
0
0
0
0
0
0
0
0
0
0
0
0
0
-1.14113
-1.46232
-1.31578
0
0
0
0
0
0
0
0
0
0
0
0
0
-1.25908
-1.45658
-1.18955
0
0
0
0
0
0
0
0
0
0
0
0
0
-1.42051
-1.60376
-1.07322
0
0
0
0
0
0
0
0
0
0
0
0
0
-1.47039
-1.64952
-1.00046
0
0
0
0
0
0
0
0
0
0
0
0
0
0
-1.60312
-0.90493
0
0
0
0
0
0
0
0
0
0
0
0
0
0
0
0
0
0
0
0
0
0
0
0
0
0
0
0
0
0
0
0
0
0
0
0
0
0
0
0
0
0
0
0
0
-2.22199
0
0
0
0
0
0
0
0
0
0
0
0
0
0
0
-2.01551
0
0
0
0
0
0
0
0
0
0
0
0
0
0
-1.42556
-1.83791
0
0
0
0
0
0
0
0
0
0
0
0
0
0
-1.34607
-1.5448
0
0
0
0
0
0
0
0
0
0
0
0
0
0
-1.16211
-1.22133
0
0
0
0
0
0
0
0
0
0
0
0
0
-0.766971
-0.969411
-0.905861
0
0
0
0
0
0
0
0
0
0
0
0
0
-0.837692
-0.87054
-0.577993
0
0
0
0
0
0
0
0
0
0
0
0
-0.738525
-0.945991
-0.818837
-0.194457
0
0
0
0
0
0
0
0
0
0
0
0
-0.931087
-1.04833
-0.851413
-0.250269
0
0
0
0
0
0
0
0
0
0
0
0
-1.10479
-1.13266
-0.965362
-0.299597
0
0
0
0
0
0
0
0
0
0
0
0
-1.1193
-1.12414
-1.16686
-0.491985
-0.423231
0
0
0
0
0
0
0
0
0
0
0
-1.06743
-1.1509
-1.28749
-0.714114
-0.749197
0
0
0
0
0
0
0
0
0
0
0
-0.812371
-1.15909
-1.40829
-0.947909
-0.876481
0
0
0
0
0
0
0
0
0
0
0
-0.521342
-1.20769
-1.6016
-1.20306
0
0
0
0
0
0
0
0
0
0
0
0
-0.131779
-1.28886
-1.8601
-1.45691
0
0
0
0
0
0
0
0
0
0
0
0
0
-1.41325
-2.10499
-1.78377
0
0
0
0
0
0
0
0
0
0
0
0
0
-1.55669
-2.32349
-2.10312
0
0
0
0
0
0
0
0
0
0
0
0
-0.174684
-1.60588
-2.41168
-2.3234
0
0
0
0
0
0
0
0
0
0
0
0
-0.355551
-1.63395
-2.45671
-2.47145
0
0
0
0
0
0
0
0
0
0
0
0
-0.405174
-1.51917
-2.42073
-2.49737
0
0
0
0
0
0
0
0
0
0
0
0
-0.410232
-1.36852
-2.35614
-2.48669
0
0
0
0
0
0
0
0
0
0
0
0
-0.307887
-1.14674
-2.27395
-2.45681
0
0
0
0
0
0
0
0
0
0
0
0
-0.215776
-0.92825
-2.15705
-2.37835
0
0
0
0
0
0
0
0
0
0
0
0
-0.133958
-0.73557
-2.01199
-2.25982
-1.66766
0
0
0
0
0
0
0
0
0
0
0
-0.0835417
-0.672938
-1.85036
-2.09451
-1.61838
0
0
0
0
0
0
0
0
0
0
0
-0.0512002
-0.664004
-1.70478
-1.92122
-1.51326
0
0
0
0
0
0
0
0
0
0
0
0
-0.714371
-1.62026
-1.69884
-1.3182
0
0
0
0
0
0
0
0
0
0
0
0
-0.712665
-1.58748
-1.49426
-1.11994
0
0
0
0
0
0
0
0
0
0
0
0
-0.611151
-1.48419
-1.29652
-0.870814
0
0
0
0
0
0
0
0
0
0
0
0
-0.49699
-1.25471
-1.20733
-0.734895
-0.750822
0
0
0
0
0
0
0
0
0
0
0
-0.2539
-0.95556
-1.08853
-0.840826
-0.894313
0
0
0
0
0
0
0
0
0
0
0
0
-0.707839
-0.95954
-1.13265
-1.09057
0
0
0
0
0
0
0
0
0
0
0
0
-0.477117
-0.976913
-1.31683
-1.4093
0
0
0
0
0
0
0
0
0
0
0
0
-0.385003
-1.03666
-1.43548
-1.46774
0
0
0
0
0
0
0
0
0
0
0
0
-0.474529
-1.13942
-1.6108
-1.45949
-0.166192
0
0
0
0
0
0
0
0
0
0
0
0
-1.25138
-1.59752
-1.35847
0
0
0
0
0
0
0
0
0
0
0
0
0
-1.40785
-1.73403
-1.26577
0
0
0
0
0
0
0
0
0
0
0
0
0
-1.44881
-1.76681
-1.20279
0
0
0
0
0
0
0
0
0
0
0
0
0
0
-1.71766
-1.13468
0
0
0
0
0
0
0
0
0
0
0
0
0
0
0
0
0
0
0
0
0
0
0
0
0
0
0
0
0
0
0
0
0
0
0
0
0
0
0
0
0
0
0
0
0
-2.34929
0
0
0
0
0
0
0
0
0
0
0
0
0
0
0
-2.12308
0
0
0
0
0
0
0
0
0
0
0
0
0
0
-1.52792
-1.92224
0
0
0
0
0
0
0
0
0
0
0
0
0
0
-1.44361
-1.60544
0
0
0
0
0
0
0
0
0
0
0
0
0
-0.916815
-1.25821
-1.27122
0
0
0
0
0
0
0
0
0
0
0
0
0
-0.910187
-1.06265
-0.951325
0
0
0
0
0
0
0
0
0
0
0
0
0
-0.918457
-0.952839
-0.649891
0
0
0
0
0
0
0
0
0
0
0
0
-0.732724
-0.988978
-0.87896
-0.347368
0
0
0
0
0
0
0
0
0
0
0
0
-0.934799
-1.07312
-0.886294
-0.499807
0
0
0
0
0
0
0
0
0
0
0
0
-1.11772
-1.14269
-0.974826
-0.612756
0
0
0
0
0
0
0
0
0
0
0
0
-1.14028
-1.1186
-1.1424
-0.76453
-0.363462
0
0
0
0
0
0
0
0
0
0
0
-1.09352
-1.12192
-1.22729
-0.949861
-0.696046
0
0
0
0
0
0
0
0
0
0
0
-0.841947
-1.08378
-1.31761
-1.11146
0
0
0
0
0
0
0
0
0
0
0
0
-0.550724
-1.08281
-1.4971
-1.29337
0
0
0
0
0
0
0
0
0
0
0
0
-0.149607
-1.12768
-1.75056
-1.47265
0
0
0
0
0
0
0
0
0
0
0
0
0
-1.25268
-1.99634
-1.74797
0
0
0
0
0
0
0
0
0
0
0
0
0
-1.40809
-2.21692
-2.0323
0
0
0
0
0
0
0
0
0
0
0
0
-0.221786
-1.47727
-2.29914
-2.2322
0
0
0
0
0
0
0
0
0
0
0
0
-0.427172
-1.52339
-2.33664
-2.36352
0
0
0
0
0
0
0
0
0
0
0
0
-0.492438
-1.41946
-2.28958
-2.37749
0
0
0
0
0
0
0
0
0
0
0
0
-0.498278
-1.27594
-2.21378
-2.35241
0
0
0
0
0
0
0
0
0
0
0
0
-0.358788
-1.04724
-2.12342
-2.30281
0
0
0
0
0
0
0
0
0
0
0
0
-0.19866
-0.810288
-1.99649
-2.20166
0
0
0
0
0
0
0
0
0
0
0
0
0
-0.581168
-1.83892
-2.05657
0
0
0
0
0
0
0
0
0
0
0
0
0
-0.479104
-1.67274
-1.88115
0
0
0
0
0
0
0
0
0
0
0
0
0
-0.433872
-1.52534
-1.7049
-1.28525
0
0
0
0
0
0
0
0
0
0
0
0
-0.475098
-1.4552
-1.4997
-1.09049
0
0
0
0
0
0
0
0
0
0
0
0
-0.46719
-1.44482
-1.31377
-0.890311
0
0
0
0
0
0
0
0
0
0
0
0
-0.375478
-1.36677
-1.13674
-0.663504
0
0
0
0
0
0
0
0
0
0
0
0
-0.277207
-1.16183
-1.08235
-0.569674
-0.643122
0
0
0
0
0
0
0
0
0
0
0
-0.0771221
-0.884025
-1.01471
-0.747825
-0.795254
0
0
0
0
0
0
0
0
0
0
0
0
-0.662862
-0.924022
-1.11506
-1.01243
0
0
0
0
0
0
0
0
0
0
0
0
-0.46726
-0.960702
-1.35225
-1.36477
0
0
0
0
0
0
0
0
0
0
0
0
-0.381225
-1.01981
-1.48652
-1.47686
-0.130986
0
0
0
0
0
0
0
0
0
0
0
-0.462746
-1.11043
-1.67027
-1.5112
-0.252081
0
0
0
0
0
0
0
0
0
0
0
0
-1.19823
-1.65277
-1.451
-0.132453
0
0
0
0
0
0
0
0
0
0
0
0
-1.3242
-1.78263
-1.40423
-0.0888694
0
0
0
0
0
0
0
0
0
0
0
0
-1.3437
-1.81036
-1.36822
0
0
0
0
0
0
0
0
0
0
0
0
0
0
-1.7595
-1.3441
0
0
0
0
0
0
0
0
0
0
0
0
0
0
0
0
0
0
0
0
0
0
0
0
0
0
0
0
0
0
0
0
0
0
0
0
0
0
0
0
0
0
0
0
0
-2.49744
0
0
0
0
0
0
0
0
0
0
0
0
0
0
-1.81
-2.22747
0
0
0
0
0
0
0
0
0
0
0
0
0
0
-1.63088
-2.0112
0
0
0
0
0
0
0
0
0
0
0
0
0
0
-1.54593
-1.66953
0
0
0
0
0
0
0
0
0
0
0
0
0
-1.13106
-1.35446
-1.31743
0
0
0
0
0
0
0
0
0
0
0
0
0
-1.05742
-1.15105
-0.98616
0
0
0
0
0
0
0
0
0
0
0
0
0
-1.00944
-1.02365
-0.709059
0
0
0
0
0
0
0
0
0
0
0
0
-0.736447
-1.03332
-0.932064
-0.470155
0
0
0
0
0
0
0
0
0
0
0
0
-0.94131
-1.09439
-0.913103
-0.694119
0
0
0
0
0
0
0
0
0
0
0
0
-1.12334
-1.14724
-0.97392
-0.859204
0
0
0
0
0
0
0
0
0
0
0
0
-1.15105
-1.102
-1.11195
-0.982009
-0.264092
0
0
0
0
0
0
0
0
0
0
0
-1.10855
-1.07701
-1.17019
-1.13022
-0.593836
0
0
0
0
0
0
0
0
0
0
0
-0.856995
-0.990874
-1.2221
-1.231
0
0
0
0
0
0
0
0
0
0
0
0
-0.56271
-0.94089
-1.37294
-1.34775
0
0
0
0
0
0
0
0
0
0
0
0
-0.150905
-0.945321
-1.61005
-1.45058
0
0
0
0
0
0
0
0
0
0
0
0
0
-1.06964
-1.85071
-1.66399
0
0
0
0
0
0
0
0
0
0
0
0
0
-1.23582
-2.07036
-1.9041
0
0
0
0
0
0
0
0
0
0
0
0
-0.262147
-1.32745
-2.14226
-2.07922
0
0
0
0
0
0
0
0
0
0
0
0
-0.492012
-1.39453
-2.16822
-2.19053
0
0
0
0
0
0
0
0
0
0
0
0
-0.573519
-1.30602
-2.10618
-2.18938
0
0
0
0
0
0
0
0
0
0
0
0
-0.581437
-1.17569
-2.01638
-2.14439
0
0
0
0
0
0
0
0
0
0
0
0
-0.410876
-0.945846
-1.91742
-2.06625
0
0
0
0
0
0
0
0
0
0
0
0
-0.185598
-0.694822
-1.77987
-1.93173
0
0
0
0
0
0
0
0
0
0
0
0
0
-0.42608
-1.609
-1.7503
0
0
0
0
0
0
0
0
0
0
0
0
0
-0.269924
-1.44286
-1.56771
0
0
0
0
0
0
0
0
0
0
0
0
0
-0.158703
-1.30348
-1.39544
0
0
0
0
0
0
0
0
0
0
0
0
0
-0.168783
-1.26481
-1.22529
0
0
0
0
0
0
0
0
0
0
0
0
0
-0.144054
-1.28542
-1.08045
-0.555877
0
0
0
0
0
0
0
0
0
0
0
0
-0.0720949
-1.22473
-0.954477
-0.379824
0
0
0
0
0
0
0
0
0
0
0
0
-0.00496615
-1.04278
-0.954339
-0.367355
-0.481962
0
0
0
0
0
0
0
0
0
0
0
0
-0.79578
-0.93509
-0.657806
-0.659134
0
0
0
0
0
0
0
0
0
0
0
0
-0.610249
-0.885508
-1.09717
-0.924865
0
0
0
0
0
0
0
0
0
0
0
0
-0.452483
-0.946842
-1.37415
-1.31838
0
0
0
0
0
0
0
0
0
0
0
0
-0.383172
-1.00388
-1.52754
-1.47141
-0.159304
0
0
0
0
0
0
0
0
0
0
0
-0.462757
-1.0874
-1.72041
-1.55221
-0.320929
0
0
0
0
0
0
0
0
0
0
0
0
-1.15836
-1.70571
-1.53097
-0.25358
0
0
0
0
0
0
0
0
0
0
0
0
-1.2553
-1.83879
-1.52823
-0.259115
0
0
0
0
0
0
0
0
0
0
0
0
-1.24641
-1.86745
-1.52052
0
0
0
0
0
0
0
0
0
0
0
0
0
0
-1.81206
-1.53184
0
0
0
0
0
0
0
0
0
0
0
0
0
0
0
-1.40732
0
0
0
0
0
0
0
0
0
0
0
0
0
0
0
0
0
0
0
0
0
0
0
0
0
0
0
0
0
-2.5574
0
0
0
0
0
0
0
0
0
0
0
0
0
0
-1.87839
-2.21362
0
0
0
0
0
0
0
0
0
0
0
0
0
0
-1.64532
-1.9889
0
0
0
0
0
0
0
0
0
0
0
0
0
-1.48185
-1.56075
-1.62057
0
0
0
0
0
0
0
0
0
0
0
0
0
-1.39288
-1.35991
-1.24777
0
0
0
0
0
0
0
0
0
0
0
0
0
-1.23728
-1.14935
-0.905245
0
0
0
0
0
0
0
0
0
0
0
0
0
-1.10773
-1.01067
-0.67958
0
0
0
0
0
0
0
0
0
0
0
0
-0.639029
-1.04878
-0.926136
-0.53819
0
0
0
0
0
0
0
0
0
0
0
0
-0.834232
-1.06211
-0.899603
-0.849623
0
0
0
0
0
0
0
0
0
0
0
0
-1.00169
-1.08224
-0.947934
-1.08474
0
0
0
0
0
0
0
0
0
0
0
0
-1.0301
-1.00956
-1.05812
-1.18081
0
0
0
0
0
0
0
0
0
0
0
0
-0.992501
-0.953547
-1.10089
-1.28153
0
0
0
0
0
0
0
0
0
0
0
0
-0.74414
-0.831608
-1.11463
-1.3201
0
0
0
0
0
0
0
0
0
0
0
0
-0.455779
-0.749883
-1.23645
-1.3785
0
0
0
0
0
0
0
0
0
0
0
0
-0.0612914
-0.725676
-1.46352
-1.41486
0
0
0
0
0
0
0
0
0
0
0
0
0
-0.85318
-1.70361
-1.57347
0
0
0
0
0
0
0
0
0
0
0
0
0
-1.02894
-1.92664
-1.77588
0
0
0
0
0
0
0
0
0
0
0
0
-0.278177
-1.15852
-1.98794
-1.92847
0
0
0
0
0
0
0
0
0
0
0
0
-0.536639
-1.26213
-2.00259
-2.02286
0
0
0
0
0
0
0
0
0
0
0
0
-0.653104
-1.22477
-1.9295
-2.0078
0
0
0
0
0
0
0
0
0
0
0
0
-0.682047
-1.14621
-1.83186
-1.94504
0
0
0
0
0
0
0
0
0
0
0
0
-0.516538
-0.959543
-1.73386
-1.84371
0
0
0
0
0
0
0
0
0
0
0
0
-0.268745
-0.737796
-1.59305
-1.67947
0
0
0
0
0
0
0
0
0
0
0
0
0
-0.463159
-1.41394
-1.46305
0
0
0
0
0
0
0
0
0
0
0
0
0
-0.256657
-1.23994
-1.26008
0
0
0
0
0
0
0
0
0
0
0
0
0
0
-1.09452
-1.07177
0
0
0
0
0
0
0
0
0
0
0
0
0
0
-1.06082
-0.930943
0
0
0
0
0
0
0
0
0
0
0
0
0
0
-1.07364
-0.831582
0
0
0
0
0
0
0
0
0
0
0
0
0
0
-0.994986
-0.80247
0
0
0
0
0
0
0
0
0
0
0
0
0
0
-0.815431
-0.884652
-0.224224
0
0
0
0
0
0
0
0
0
0
0
0
0
-0.607342
-0.919159
-0.621374
-0.44077
0
0
0
0
0
0
0
0
0
0
0
0
-0.465747
-0.897245
-1.07571
-0.783753
0
0
0
0
0
0
0
0
0
0
0
0
-0.352253
-0.954333
-1.3465
-1.21981
0
0
0
0
0
0
0
0
0
0
0
0
-0.308726
-0.976011
-1.50013
-1.39736
-0.211879
0
0
0
0
0
0
0
0
0
0
0
0
-1.02509
-1.68473
-1.5242
-0.356619
0
0
0
0
0
0
0
0
0
0
0
0
-1.07568
-1.67419
-1.53797
-0.316348
0
0
0
0
0
0
0
0
0
0
0
0
-1.13501
-1.81159
-1.58005
-0.341125
0
0
0
0
0
0
0
0
0
0
0
0
0
-1.84614
-1.60426
-0.22762
0
0
0
0
0
0
0
0
0
0
0
0
0
-1.78271
-1.64904
0
0
0
0
0
0
0
0
0
0
0
0
0
0
0
-1.53995
0
0
0
0
0
0
0
0
0
0
0
0
0
0
0
0
0
0
0
0
0
0
0
0
0
0
0
0
0
-2.67846
0
0
0
0
0
0
0
0
0
0
0
0
0
0
0
-2.2147
0
0
0
0
0
0
0
0
0
0
0
0
0
-2.12751
-1.67843
-1.98168
0
0
0
0
0
0
0
0
0
0
0
0
0
-1.76492
-1.5954
-1.57903
0
0
0
0
0
0
0
0
0
0
0
0
0
-1.63438
-1.3808
-1.18055
0
0
0
0
0
0
0
0
0
0
0
0
0
-1.418
-1.16179
-0.814555
0
0
0
0
0
0
0
0
0
0
0
0
0
-1.21953
-1.00064
-0.646289
0
0
0
0
0
0
0
0
0
0
0
0
-0.541549
-1.0752
-0.921649
-0.590164
0
0
0
0
0
0
0
0
0
0
0
0
-0.724453
-1.03049
-0.886569
-0.963555
0
0
0
0
0
0
0
0
0
0
0
0
-0.867524
-1.01523
-0.9164
-1.26406
0
0
0
0
0
0
0
0
0
0
0
0
-0.891379
-0.909536
-0.994229
-1.35116
0
0
0
0
0
0
0
0
0
0
0
0
-0.860796
-0.812817
-1.02923
-1.39951
0
0
0
0
0
0
0
0
0
0
0
0
-0.617953
-0.642426
-1.00712
-1.37318
0
0
0
0
0
0
0
0
0
0
0
0
-0.33657
-0.515761
-1.0908
-1.37519
0
0
0
0
0
0
0
0
0
0
0
0
0
-0.452269
-1.29863
-1.34713
0
0
0
0
0
0
0
0
0
0
0
0
0
-0.591108
-1.53196
-1.44618
0
0
0
0
0
0
0
0
0
0
0
0
0
-0.785343
-1.75539
-1.60242
0
0
0
0
0
0
0
0
0
0
0
0
-0.280634
-0.970915
-1.80254
-1.72699
0
0
0
0
0
0
0
0
0
0
0
0
-0.563345
-1.12194
-1.80334
-1.80068
0
0
0
0
0
0
0
0
0
0
0
0
-0.709637
-1.14516
-1.71684
-1.77056
0
0
0
0
0
0
0
0
0
0
0
0
-0.754837
-1.12284
-1.60997
-1.6885
0
0
0
0
0
0
0
0
0
0
0
0
-0.592531
-0.98117
-1.5141
-1.5618
0
0
0
0
0
0
0
0
0
0
0
0
-0.326726
-0.79014
-1.37116
-1.36191
0
0
0
0
0
0
0
0
0
0
0
0
0
-0.512522
-1.18499
-1.09691
0
0
0
0
0
0
0
0
0
0
0
0
0
-0.25425
-1.00516
-0.857105
0
0
0
0
0
0
0
0
0
0
0
0
0
0
-0.854438
-0.633049
0
0
0
0
0
0
0
0
0
0
0
0
0
0
-0.824065
-0.541956
0
0
0
0
0
0
0
0
0
0
0
0
0
0
-0.812319
-0.52002
0
0
0
0
0
0
0
0
0
0
0
0
0
0
-0.702312
-0.635552
0
0
0
0
0
0
0
0
0
0
0
0
0
0
-0.530704
-0.808903
-0.0705621
0
0
0
0
0
0
0
0
0
0
0
0
0
-0.381782
-0.890799
-0.593908
-0.175693
0
0
0
0
0
0
0
0
0
0
0
0
-0.298464
-0.901102
-1.04389
-0.632221
0
0
0
0
0
0
0
0
0
0
0
0
-0.242655
-0.960302
-1.3094
-1.10632
0
0
0
0
0
0
0
0
0
0
0
0
-0.23891
-0.946544
-1.47061
-1.31035
-0.260857
0
0
0
0
0
0
0
0
0
0
0
0
-0.969611
-1.64611
-1.49362
-0.379373
0
0
0
0
0
0
0
0
0
0
0
0
-0.997838
-1.65213
-1.54219
-0.370949
0
0
0
0
0
0
0
0
0
0
0
0
-1.01178
-1.79757
-1.64068
-0.411286
0
0
0
0
0
0
0
0
0
0
0
0
0
-1.84309
-1.69914
-0.342034
0
0
0
0
0
0
0
0
0
0
0
0
0
-1.77327
-1.77682
0
0
0
0
0
0
0
0
0
0
0
0
0
0
0
-1.69362
0
0
0
0
0
0
0
0
0
0
0
0
0
0
0
0
0
0
0
0
0
0
0
0
0
0
0
0
0
0
0
0
0
0
0
0
0
0
0
0
0
0
0
0
0
-2.10392
0
0
0
0
0
0
0
0
0
0
0
0
0
0
-1.63642
-1.86099
0
0
0
0
0
0
0
0
0
0
0
0
0
-1.9745
-1.55274
-1.43452
0
0
0
0
0
0
0
0
0
0
0
0
0
-1.80399
-1.33777
-1.02202
0
0
0
0
0
0
0
0
0
0
0
0
0
-1.56002
-1.12813
-0.630476
0
0
0
0
0
0
0
0
0
0
0
0
0
-1.3114
-0.957563
-0.526093
0
0
0
0
0
0
0
0
0
0
0
0
0
-1.0981
-0.901761
-0.543013
0
0
0
0
0
0
0
0
0
0
0
0
-0.564652
-0.989328
-0.878608
-0.95025
0
0
0
0
0
0
0
0
0
0
0
0
-0.67442
-0.942875
-0.899399
-1.30377
0
0
0
0
0
0
0
0
0
0
0
0
-0.685431
-0.820958
-0.948175
-1.42103
0
0
0
0
0
0
0
0
0
0
0
0
-0.668019
-0.698454
-0.990133
-1.4303
0
0
0
0
0
0
0
0
0
0
0
0
-0.459093
-0.507486
-0.967118
-1.34846
0
0
0
0
0
0
0
0
0
0
0
0
-0.221837
-0.368234
-1.02546
-1.30931
0
0
0
0
0
0
0
0
0
0
0
0
0
-0.298248
-1.20739
-1.24373
0
0
0
0
0
0
0
0
0
0
0
0
0
-0.45372
-1.42704
-1.30911
0
0
0
0
0
0
0
0
0
0
0
0
0
-0.659229
-1.64623
-1.43633
0
0
0
0
0
0
0
0
0
0
0
0
-0.224265
-0.8777
-1.69013
-1.56038
0
0
0
0
0
0
0
0
0
0
0
0
-0.478439
-1.05316
-1.69252
-1.64395
0
0
0
0
0
0
0
0
0
0
0
0
-0.630755
-1.11331
-1.60699
-1.63157
0
0
0
0
0
0
0
0
0
0
0
0
-0.681047
-1.12652
-1.50497
-1.56527
0
0
0
0
0
0
0
0
0
0
0
0
-0.530714
-1.02088
-1.41711
-1.44114
0
0
0
0
0
0
0
0
0
0
0
0
-0.272154
-0.86318
-1.28543
-1.2332
0
0
0
0
0
0
0
0
0
0
0
0
0
-0.610906
-1.11589
-0.939081
0
0
0
0
0
0
0
0
0
0
0
0
0
-0.356141
-0.952899
-0.642684
0
0
0
0
0
0
0
0
0
0
0
0
0
0
-0.815028
-0.336977
0
0
0
0
0
0
0
0
0
0
0
0
0
0
-0.762157
-0.253668
0
0
0
0
0
0
0
0
0
0
0
0
0
0
-0.676564
-0.281207
0
0
0
0
0
0
0
0
0
0
0
0
0
0
-0.496619
-0.518289
0
0
0
0
0
0
0
0
0
0
0
0
0
0
-0.300663
-0.722967
0
0
0
0
0
0
0
0
0
0
0
0
0
0
-0.17325
-0.8188
-0.595174
0
0
0
0
0
0
0
0
0
0
0
0
0
-0.102606
-0.850565
-0.977157
-0.53799
0
0
0
0
0
0
0
0
0
0
0
0
0
-0.904787
-1.22625
-0.988087
0
0
0
0
0
0
0
0
0
0
0
0
0
-0.860862
-1.38984
-1.19209
-0.309121
0
0
0
0
0
0
0
0
0
0
0
0
-0.877355
-1.54751
-1.4105
-0.353094
0
0
0
0
0
0
0
0
0
0
0
0
-0.891945
-1.58253
-1.46935
-0.333637
0
0
0
0
0
0
0
0
0
0
0
0
0
-1.72976
-1.6188
-0.345483
0
0
0
0
0
0
0
0
0
0
0
0
0
-1.78401
-1.69959
-0.31656
0
0
0
0
0
0
0
0
0
0
0
0
0
-1.71975
-1.79006
0
0
0
0
0
0
0
0
0
0
0
0
0
0
0
-1.75903
0
0
0
0
0
0
0
0
0
0
0
0
0
0
0
0
0
0
0
0
0
0
0
0
0
0
0
0
0
0
0
0
0
0
0
0
0
0
0
0
0
0
0
0
0
-1.99776
0
0
0
0
0
0
0
0
0
0
0
0
0
0
-1.62905
-1.70146
0
0
0
0
0
0
0
0
0
0
0
0
0
-2.23348
-1.50475
-1.25716
0
0
0
0
0
0
0
0
0
0
0
0
0
-1.97575
-1.30683
-0.831755
0
0
0
0
0
0
0
0
0
0
0
0
0
-1.72432
-1.10713
-0.414416
0
0
0
0
0
0
0
0
0
0
0
0
0
-1.42016
-0.931694
-0.387283
0
0
0
0
0
0
0
0
0
0
0
0
0
-1.14584
-0.882137
-0.497202
0
0
0
0
0
0
0
0
0
0
0
0
0
-0.956935
-0.875875
-0.92629
0
0
0
0
0
0
0
0
0
0
0
0
-0.446047
-0.865088
-0.885152
-1.31021
0
0
0
0
0
0
0
0
0
0
0
0
-0.43722
-0.732835
-0.892333
-1.48476
0
0
0
0
0
0
0
0
0
0
0
0
-0.432291
-0.581371
-0.924371
-1.48163
0
0
0
0
0
0
0
0
0
0
0
0
-0.281177
-0.359796
-0.917381
-1.33512
0
0
0
0
0
0
0
0
0
0
0
0
-0.110894
-0.190528
-0.97699
-1.23722
0
0
0
0
0
0
0
0
0
0
0
0
0
0
-1.13922
-1.12701
0
0
0
0
0
0
0
0
0
0
0
0
0
-0.279043
-1.33965
-1.16064
0
0
0
0
0
0
0
0
0
0
0
0
0
-0.514882
-1.5459
-1.26066
0
0
0
0
0
0
0
0
0
0
0
0
-0.160207
-0.78731
-1.58017
-1.38277
0
0
0
0
0
0
0
0
0
0
0
0
-0.376132
-0.997579
-1.58112
-1.47295
0
0
0
0
0
0
0
0
0
0
0
0
-0.531292
-1.09894
-1.49554
-1.47614
0
0
0
0
0
0
0
0
0
0
0
0
-0.586885
-1.14593
-1.39971
-1.42714
0
0
0
0
0
0
0
0
0
0
0
0
-0.45227
-1.06894
-1.32349
-1.31078
0
0
0
0
0
0
0
0
0
0
0
0
-0.205882
-0.930481
-1.21064
-1.10051
0
0
0
0
0
0
0
0
0
0
0
0
0
-0.684253
-1.06835
-0.778496
0
-1.95074
0
0
0
0
0
0
0
0
0
0
0
-0.42068
-0.930452
-0.416236
0
-1.62623
0
0
0
0
0
0
0
0
0
0
0
-0.101206
-0.800237
0
0
0
0
0
0
0
0
0
0
0
0
0
0
0
-0.692769
0
0
0
0
0
0
0
0
0
0
0
0
0
0
0
-0.503877
0
0
0
0
0
0
0
0
0
0
0
0
0
0
0
-0.255295
-0.379888
0
0
0
0
0
0
0
0
0
0
0
0
0
0
-0.0305067
-0.60315
0
0
0
0
0
0
0
0
0
0
0
0
0
0
0
-0.737725
-0.581171
0
0
0
0
0
0
0
0
0
0
0
0
0
0
-0.80279
-0.893315
-0.43394
0
0
0
0
0
0
0
0
0
0
0
0
0
-0.84478
-1.1424
-0.83871
-0.201353
0
0
0
0
0
0
0
0
0
0
0
0
-0.779332
-1.30398
-1.0676
-0.32851
0
0
0
0
0
0
0
0
0
0
0
0
-0.786467
-1.44695
-1.32362
-0.327085
0
0
0
0
0
0
0
0
0
0
0
0
-0.776299
-1.52217
-1.39971
-0.295688
0
0
0
0
0
0
0
0
0
0
0
0
0
-1.6658
-1.61451
-0.285495
0
0
0
0
0
0
0
0
0
0
0
0
0
-1.71517
-1.7204
0
0
0
0
0
0
0
0
0
0
0
0
0
0
-1.70225
-1.80972
0
0
0
0
0
0
0
0
0
0
0
0
0
0
0
-1.897
0
0
0
0
0
0
0
0
0
0
0
0
0
0
0
0
0
0
0
0
0
0
0
0
0
0
0
0
0
0
0
0
0
0
0
0
0
0
0
0
0
0
0
0
0
-1.9006
0
0
0
0
0
0
0
0
0
0
0
0
0
0
0
-1.47466
0
0
0
0
0
0
0
0
0
0
0
0
0
-2.3971
-1.39445
-1.04617
0
0
0
0
0
0
0
0
0
0
0
0
0
-1.9884
-1.24559
-0.604812
0
0
0
0
0
0
0
0
0
0
0
0
0
-1.75756
-1.05534
-0.16862
0
0
0
0
0
0
0
0
0
0
0
0
0
-1.42812
-0.89123
-0.160296
0
0
0
0
0
0
0
0
0
0
0
0
0
-1.13727
-0.822146
-0.325451
0
0
0
0
0
0
0
0
0
0
0
0
0
-0.899212
-0.825916
-0.751868
0
0
0
0
0
0
0
0
0
0
0
0
-0.293143
-0.770135
-0.834404
-1.13161
0
0
0
0
0
0
0
0
0
0
0
0
-0.279909
-0.651098
-0.810935
-1.37305
0
0
0
0
0
0
0
0
0
0
0
0
-0.290582
-0.50307
-0.830144
-1.43031
0
0
0
0
0
0
0
0
0
0
0
0
-0.233623
-0.277851
-0.850315
-1.267
0
0
0
0
0
0
0
0
0
0
0
0
-0.174353
-0.116266
-0.955133
-1.12759
0
0
0
0
0
0
0
0
0
0
0
0
-0.108131
0
-1.12281
-0.995586
0
0
0
0
0
0
0
0
0
0
0
0
-0.0758912
-0.249541
-1.31491
-1.03509
0
0
0
0
0
0
0
0
0
0
0
0
-0.0630797
-0.509633
-1.50748
-1.14912
0
0
0
0
0
0
0
0
0
0
0
0
-0.149809
-0.77862
-1.5425
-1.3092
0
0
0
0
0
0
0
0
0
0
0
0
-0.240488
-0.981384
-1.55424
-1.43686
0
0
0
0
0
0
0
0
0
0
0
0
-0.332776
-1.05994
-1.46981
-1.46956
0
0
0
0
0
0
0
0
0
0
0
0
-0.35328
-1.08635
-1.38076
-1.4479
0
0
0
0
0
0
0
0
0
0
0
0
-0.219792
-0.990803
-1.30761
-1.34165
0
0
0
0
0
0
0
0
0
0
0
0
0
-0.83842
-1.21706
-1.14154
0
0
0
0
0
0
0
0
0
0
0
0
0
-0.596272
-1.11532
-0.824814
0
-1.58323
0
0
0
0
0
0
0
0
0
0
0
-0.366614
-1.01824
-0.451298
0
0
0
0
0
0
0
0
0
0
0
0
0
-0.131116
-0.901834
0
0
0
0
0
0
0
0
0
0
0
0
0
0
0
-0.740734
0
0
0
0
0
0
0
0
0
0
0
0
0
0
0
-0.502663
0
0
0
0
0
0
0
0
0
0
0
0
0
0
0
-0.218094
-0.232599
0
0
0
0
0
0
0
0
0
0
0
0
0
0
0
-0.410345
0
0
0
0
0
0
0
0
0
0
0
0
0
0
0
-0.573756
-0.528635
0
0
0
0
0
0
0
0
0
0
0
0
0
0
-0.672368
-0.76902
-0.356261
0
0
0
0
0
0
0
0
0
0
0
0
0
-0.709606
-1.01846
-0.698394
-0.261269
0
0
0
0
0
0
0
0
0
0
0
0
-0.676426
-1.16675
-0.944449
-0.263691
0
0
0
0
0
0
0
0
0
0
0
0
-0.703177
-1.32452
-1.20405
-0.240453
0
0
0
0
0
0
0
0
0
0
0
0
0
-1.44107
-1.29964
-0.170082
0
0
0
0
0
0
0
0
0
0
0
0
0
-1.59172
-1.55397
0
0
0
0
0
0
0
0
0
0
0
0
0
0
-1.61481
-1.67924
0
0
0
0
0
0
0
0
0
0
0
0
0
0
0
-1.73829
0
0
0
0
0
0
0
0
0
0
0
0
0
0
0
0
0
0
0
0
0
0
0
0
0
0
0
0
0
0
0
0
0
0
0
0
0
0
0
0
0
0
0
0
0
0
0
0
0
0
0
0
0
0
0
0
0
0
0
0
0
0
0
0
0
0
0
0
0
0
0
0
0
0
0
0
0
0
0
0
0
0
0
0
0
0
0
0
0
0
0
0
0
0
0
0
0
0
0
0
0
0
0
0
0
0
0
-2.0514
-1.15775
0
0
0
0
0
0
0
0
0
0
0
0
0
0
-1.78656
-1.0009
0
0
0
0
0
0
0
0
0
0
0
0
0
0
-1.45905
-0.87214
0
0
0
0
0
0
0
0
0
0
0
0
0
0
-1.14035
-0.788468
-0.121026
0
0
0
0
0
0
0
0
0
0
0
0
0
-0.872326
-0.77375
-0.570991
0
0
0
0
0
0
0
0
0
0
0
0
0
-0.683954
-0.796267
-0.931707
0
0
0
0
0
0
0
0
0
0
0
0
0
-0.561068
-0.744518
-1.19898
0
0
0
0
0
0
0
0
0
0
0
0
-0.148962
-0.432404
-0.731294
-1.34754
0
0
0
0
0
0
0
0
0
0
0
0
-0.189123
-0.211555
-0.739544
-1.23959
0
0
0
0
0
0
0
0
0
0
0
0
-0.240799
-0.0512933
-0.883754
-1.07714
0
0
0
0
0
0
0
0
0
0
0
0
-0.280306
0
-1.10164
-0.907517
0
0
0
0
0
0
0
0
0
0
0
0
-0.256042
-0.190631
-1.32806
-0.931861
0
0
0
0
0
0
0
0
0
0
0
0
-0.207274
-0.45785
-1.52612
-1.04666
0
0
0
0
0
0
0
0
0
0
0
0
-0.157102
-0.717538
-1.56614
-1.2347
0
0
0
0
0
0
0
0
0
0
0
0
-0.111428
-0.913247
-1.58665
-1.39002
0
0
0
0
0
0
0
0
0
0
0
0
-0.120406
-0.966777
-1.50212
-1.44363
0
0
0
0
0
0
0
0
0
0
0
0
-0.089118
-0.967269
-1.42038
-1.44145
0
0
0
0
0
0
0
0
0
0
0
0
0
-0.84869
-1.35191
-1.3448
0
0
0
0
0
0
0
0
0
0
0
0
0
-0.687975
-1.27969
-1.15922
0
0
0
0
0
0
0
0
0
0
0
0
0
-0.472092
-1.1998
-0.863948
0
0
0
0
0
0
0
0
0
0
0
0
0
-0.30331
-1.10178
-0.512401
0
0
0
0
0
0
0
0
0
0
0
0
0
-0.163643
-0.95236
0
0
0
0
0
0
0
0
0
0
0
0
0
0
-0.0317748
-0.74357
0
0
0
0
0
0
0
0
0
0
0
0
0
0
0
-0.496239
0
0
0
0
0
0
0
0
0
0
0
0
0
0
0
-0.198332
0
0
0
0
0
0
0
0
0
0
0
0
0
0
0
0
-0.193464
-0.192948
0
0
0
0
0
0
0
0
0
0
0
0
0
0
-0.408528
-0.446835
0
0
0
0
0
0
0
0
0
0
0
0
0
0
-0.527575
-0.651993
-0.22237
0
0
0
0
0
0
0
0
0
0
0
0
0
-0.567596
-0.893099
-0.555761
-0.264735
0
0
0
0
0
0
0
0
0
0
0
0
-0.587906
-1.01266
-0.82455
-0.200479
0
0
0
0
0
0
0
0
0
0
0
0
-0.601785
-1.21208
-1.07128
-0.163608
0
0
0
0
0
0
0
0
0
0
0
0
0
-1.34122
-1.21888
0
0
0
0
0
0
0
0
0
0
0
0
0
0
-1.49329
-1.48458
0
0
0
0
0
0
0
0
0
0
0
0
0
0
-1.49562
-1.62246
0
0
0
0
0
0
0
0
0
0
0
0
0
0
0
-1.6853
0
0
0
0
0
0
0
0
0
0
0
0
0
0
0
0
0
0
0
0
0
0
0
0
0
0
0
0
0
0
0
0
0
0
0
0
0
0
0
0
0
0
0
0
0
0
0
0
0
0
0
0
0
0
0
0
0
0
0
0
0
0
0
0
0
0
0
0
0
0
0
0
0
0
0
0
0
0
0
0
0
0
0
0
0
0
0
0
0
0
0
0
0
0
0
0
0
0
0
0
0
0
0
0
0
0
0
-2.09788
0
0
0
0
0
0
0
0
0
0
0
0
0
0
0
-1.68023
-0.936511
0
0
0
0
0
0
0
0
0
0
0
0
0
0
-1.39515
-0.812925
0
0
0
0
0
0
0
0
0
0
0
0
0
0
-1.06328
-0.727174
0
0
0
0
0
0
0
0
0
0
0
0
0
0
-0.79732
-0.673946
-0.317783
0
0
0
0
0
0
0
0
0
0
0
0
0
-0.577765
-0.708074
-0.657374
0
0
0
0
0
0
0
0
0
0
0
0
0
-0.416781
-0.676781
-0.924144
0
0
0
0
0
0
0
0
0
0
0
0
0
-0.297722
-0.647992
-1.12171
0
0
0
0
0
0
0
0
0
0
0
0
-0.220856
-0.104498
-0.618606
-1.13056
0
0
0
0
0
0
0
0
0
0
0
0
-0.327126
0
-0.739821
-1.03255
0
0
0
0
0
0
0
0
0
0
0
0
-0.435297
0
-0.968268
-0.862936
0
0
0
0
0
0
0
0
0
0
0
0
-0.435011
-0.149176
-1.25277
-0.875532
0
0
0
0
0
0
0
0
0
0
0
0
-0.388342
-0.409966
-1.49466
-0.981876
0
0
0
0
0
0
0
0
0
0
0
0
-0.248453
-0.62332
-1.57028
-1.18272
0
0
0
0
0
0
0
0
0
0
0
0
-0.0840362
-0.783454
-1.61399
-1.35408
0
0
0
0
0
0
0
0
0
0
0
0
0
-0.780246
-1.53224
-1.42243
0
0
0
0
0
0
0
0
0
0
0
0
0
-0.731068
-1.45195
-1.43947
0
0
0
0
0
0
0
0
0
0
0
0
0
-0.573442
-1.37111
-1.36283
0
0
0
0
0
0
0
0
0
0
0
0
0
-0.400109
-1.2852
-1.21615
0
0
0
0
0
0
0
0
0
0
0
0
0
-0.214432
-1.1808
-0.984434
0
0
0
0
0
0
0
0
0
0
0
0
0
-0.115215
-1.04487
-0.708668
0
0
0
0
0
0
0
0
0
0
0
0
0
-0.0706015
-0.874734
-0.328483
0
0
0
0
0
0
0
0
0
0
0
0
0
0
-0.676069
0
0
0
0
0
0
0
0
0
0
0
0
0
0
0
-0.4664
0
0
0
0
0
0
0
0
0
0
0
0
0
0
0
-0.192407
0
0
0
0
0
0
0
0
0
0
0
0
0
0
0
0
-0.0180752
-0.28702
0
0
0
0
0
0
0
0
0
0
0
0
0
0
-0.261655
-0.421236
0
0
0
0
0
0
0
0
0
0
0
0
0
0
-0.389923
-0.588961
-0.0495145
0
0
0
0
0
0
0
0
0
0
0
0
0
-0.505133
-0.779087
-0.418614
-0.0613893
0
0
0
0
0
0
0
0
0
0
0
0
-0.597053
-0.899885
-0.697679
-0.0232505
0
0
0
0
0
0
0
0
0
0
0
0
0
-1.14671
-0.962562
0
0
0
0
0
0
0
0
0
0
0
0
0
0
-1.28528
-1.17305
0
0
0
0
0
0
0
0
0
0
0
0
0
0
-1.40958
-1.44283
0
0
0
0
0
0
0
0
0
0
0
0
0
0
0
-1.54932
0
0
0
0
0
0
0
0
0
0
0
0
0
0
0
0
0
0
0
0
0
0
0
0
0
0
0
0
0
0
0
0
0
0
0
0
0
0
0
0
0
0
0
0
0
0
0
0
0
0
0
0
0
0
0
0
0
0
0
0
0
0
0
0
0
0
0
0
0
0
0
0
0
0
0
0
0
0
0
0
0
0
0
0
0
0
0
0
0
0
0
0
0
0
0
0
0
0
0
0
0
0
0
0
0
0
0
0
0
0
0
0
0
0
0
0
0
0
0
0
0
0
0
0
0
0
0
0
0
0
0
0
0
0
0
0
0
0
0
-1.55812
0
0
0
0
0
0
0
0
0
0
0
0
0
0
0
-1.23942
-0.734129
0
0
0
0
0
0
0
0
0
0
0
0
0
0
-0.957889
-0.677541
0
0
0
0
0
0
0
0
0
0
0
0
0
0
-0.690278
-0.616896
0
0
0
0
0
0
0
0
0
0
0
0
0
0
-0.484741
-0.623106
-0.334569
0
0
0
0
0
0
0
0
0
0
0
0
0
-0.294324
-0.615415
-0.61681
0
0
0
0
0
0
0
0
0
0
0
0
0
-0.153247
-0.596992
-0.826526
0
0
0
0
0
0
0
0
0
0
0
0
-0.322532
0
-0.523317
-0.914491
0
0
0
0
0
0
0
0
0
0
0
0
-0.456886
0
-0.588847
-0.939311
0
0
0
0
0
0
0
0
0
0
0
0
-0.592317
0
-0.774636
-0.864311
0
0
0
0
0
0
0
0
0
0
0
0
-0.597615
-0.141691
-1.08588
-0.917961
0
0
0
0
0
0
0
0
0
0
0
0
-0.553329
-0.387289
-1.37678
-1.02763
0
0
0
0
0
0
0
0
0
0
0
0
-0.34753
-0.54335
-1.51415
-1.23312
0
0
0
0
0
0
0
0
0
0
0
0
-0.0748312
-0.655843
-1.60317
-1.40886
-0.38241
0
0
0
0
0
0
0
0
0
0
0
0
-0.579839
-1.53188
-1.48522
-0.432278
0
0
0
0
0
0
0
0
0
0
0
0
-0.465483
-1.44559
-1.5209
-0.428454
0
0
0
0
0
0
0
0
0
0
0
0
-0.256753
-1.33155
-1.46981
-0.335491
0
0
0
0
0
0
0
0
0
0
0
0
-0.0712811
-1.20954
-1.36404
-0.203206
0
0
0
0
0
0
0
0
0
0
0
0
0
-1.07903
-1.17964
0
0
0
0
0
0
0
0
0
0
0
0
0
0
-0.93979
-0.926162
0
0
0
0
0
0
0
0
0
0
0
0
0
0
-0.797304
-0.520562
0
0
0
0
0
0
0
0
0
0
0
0
0
0
-0.638311
-0.154077
0
0
0
0
0
0
0
0
0
0
0
0
0
0
-0.472145
0
-0.144966
0
0
0
0
0
0
0
0
0
0
0
0
0
-0.198999
0
-0.278721
0
0
0
0
0
0
0
0
0
0
0
0
0
0
0
-0.347544
0
0
0
0
0
0
0
0
0
0
0
0
0
0
-0.0904245
-0.429044
0
0
0
0
0
0
0
0
0
0
0
0
0
0
-0.260759
-0.542402
0
0
0
0
0
0
0
0
0
0
0
0
0
0
-0.485597
-0.662833
-0.293709
0
0
0
0
0
0
0
0
0
0
0
0
0
-0.615516
-0.820947
-0.556559
0
0
0
0
0
0
0
0
0
0
0
0
0
0
-1.05663
-0.892063
0
0
0
0
0
0
0
0
0
0
0
0
0
0
-1.20328
-1.11388
0
0
0
0
0
0
0
0
0
0
0
0
0
0
0
-1.37897
0
0
0
0
0
0
0
0
0
0
0
0
0
0
0
-1.43884
0
0
0
0
0
0
0
0
0
0
0
0
0
0
0
0
0
0
0
0
0
0
0
0
0
0
0
0
0
0
0
0
0
0
0
0
0
0
0
0
0
0
0
0
0
0
0
0
0
0
0
0
0
0
0
0
0
0
0
0
0
0
0
0
0
0
0
0
0
0
0
0
0
0
0
0
0
0
0
0
0
0
0
0
0
0
0
0
0
0
0
0
0
0
0
0
0
0
0
0
0
0
0
0
0
0
0
0
0
0
0
0
0
0
0
0
0
0
0
0
0
0
0
0
0
0
0
0
0
0
0
0
0
0
0
0
0
0
0
0
0
0
0
0
0
0
0
0
0
0
0
0
0
0
0
0
0
0
0
0
0
0
0
0
0
0
0
0
0
0
0
0
-0.628222
0
0
0
0
0
0
0
0
0
0
0
0
0
0
0
-0.60804
0
0
0
0
0
0
0
0
0
0
0
0
0
0
0
-0.589891
-0.054281
0
0
0
0
0
0
0
0
0
0
0
0
0
0
-0.553676
-0.357516
0
0
0
0
0
0
0
0
0
0
0
0
0
0
-0.544277
-0.546327
0
0
0
0
0
0
0
0
0
0
0
0
0
0
-0.445521
-0.628037
0
0
0
0
0
0
0
0
0
0
0
0
-0.521708
0
-0.441441
-0.684455
0
0
0
0
0
0
0
0
0
0
0
0
-0.651354
0
-0.543639
-0.691323
0
0
0
0
0
0
0
0
0
0
0
0
-0.641981
-0.0547928
-0.823301
-0.8423
0
0
0
0
0
0
0
0
0
0
0
0
-0.596109
-0.292068
-1.1089
-1.01463
0
0
0
0
0
0
0
0
0
0
0
0
-0.36812
-0.408421
-1.26711
-1.25142
-0.104254
0
0
0
0
0
0
0
0
0
0
0
-0.0649355
-0.48611
-1.37732
-1.43949
-0.319079
0
0
0
0
0
0
0
0
0
0
0
0
-0.365171
-1.31285
-1.52393
-0.363218
0
0
0
0
0
0
0
0
0
0
0
0
-0.208649
-1.22618
-1.57057
-0.37108
0
0
0
0
0
0
0
0
0
0
0
0
0
-1.1019
-1.52991
-0.313438
0
0
0
0
0
0
0
0
0
0
0
0
0
-0.97683
-1.43074
-0.243051
0
0
0
0
0
0
0
0
0
0
0
0
0
-0.85861
-1.23904
-0.171478
0
0
0
0
0
0
0
0
0
0
0
0
0
-0.74163
-0.959452
-0.143054
0
0
0
0
0
0
0
0
0
0
0
0
0
-0.630305
-0.561308
-0.137371
0
0
0
0
0
0
0
0
0
0
0
0
0
-0.497964
-0.201931
-0.22796
0
0
0
0
0
0
0
0
0
0
0
0
0
-0.336437
0
-0.267203
0
0
0
0
0
0
0
0
0
0
0
0
0
-0.0732617
0
-0.326894
0
0
0
0
0
0
0
0
0
0
0
0
0
0
0
-0.392118
0
0
0
0
0
0
0
0
0
0
0
0
0
0
0
-0.458766
0
0
0
0
0
0
0
0
0
0
0
0
0
0
-0.295964
-0.521071
0
0
0
0
0
0
0
0
0
0
0
0
0
0
-0.591397
-0.66073
-0.102211
0
0
0
0
0
0
0
0
0
0
0
0
0
0
-0.853912
-0.423199
0
0
0
0
0
0
0
0
0
0
0
0
0
0
-1.08302
-0.847293
0
0
0
0
0
0
0
0
0
0
0
0
0
0
-1.19541
-1.09553
0
0
0
0
0
0
0
0
0
0
0
0
0
0
0
-1.33005
0
0
0
0
0
0
0
0
0
0
0
0
0
0
0
0
0
0
0
0
0
0
0
0
0
0
0
0
0
0
0
0
0
0
0
0
0
0
0
0
0
0
0
0
0
0
0
0
0
0
0
0
0
0
0
0
0
0
0
0
0
0
0
0
0
0
0
0
0
0
0
0
0
0
0
0
0
0
0
0
0
0
0
0
0
0
0
0
0
0
0
0
0
0
0
0
0
0
0
0
0
0
0
0
0
0
0
0
0
0
0
0
0
0
0
0
0
0
0
0
0
0
0
0
0
0
0
0
0
0
0
0
0
0
0
0
0
0
0
0
0
0
0
0
0
0
0
0
0
0
0
0
0
0
0
0
0
0
0
0
0
0
0
0
0
0
0
0
0
0
0
0
0
0
0
0
0
0
0
0
0
0
0
0
0
0
0
0
0
0
0
0
0
0
0
0
0
0
0
0
0
0
0
0
-0.597788
0
0
0
0
0
0
0
0
0
0
0
0
0
0
0
-0.625192
0
0
0
0
0
0
0
0
0
0
0
0
0
0
0
-0.566178
0
0
0
0
0
0
0
0
0
0
0
0
0
0
0
-0.511471
-0.240786
0
0
0
0
0
0
0
0
0
0
0
0
0
0
-0.372409
-0.333635
0
0
0
0
0
0
0
0
0
0
0
0
-0.636222
0
-0.314875
-0.395393
0
0
0
0
0
0
0
0
0
0
0
0
-0.796382
0
-0.328178
-0.429795
0
0
0
0
0
0
0
0
0
0
0
0
-0.78634
0
-0.567438
-0.641084
0
0
0
0
0
0
0
0
0
0
0
0
-0.733471
-0.203217
-0.834994
-0.880341
0
0
0
0
0
0
0
0
0
0
0
0
-0.470675
-0.282397
-1.00581
-1.17746
-0.223249
0
0
0
0
0
0
0
0
0
0
0
0
-0.322308
-1.13007
-1.40451
-0.412132
0
0
0
0
0
0
0
0
0
0
0
0
-0.138115
-1.06892
-1.50738
-0.448483
0
0
0
0
0
0
0
0
0
0
0
0
0
-0.987859
-1.55564
-0.468924
0
0
0
0
0
0
0
0
0
0
0
0
0
-0.865307
-1.50049
-0.446372
0
0
0
0
0
0
0
0
0
0
0
0
0
-0.754161
-1.38262
-0.425619
0
0
0
0
0
0
0
0
0
0
0
0
0
-0.664109
-1.18554
-0.400747
0
0
0
0
0
0
0
0
0
0
0
0
0
-0.573242
-0.927161
-0.374582
0
0
0
0
0
0
0
0
0
0
0
0
0
-0.476964
-0.597052
-0.316719
0
0
0
0
0
0
0
0
0
0
0
0
0
-0.34306
-0.285747
-0.322457
0
0
0
0
0
0
0
0
0
0
0
0
0
-0.196183
0
-0.340327
0
0
0
0
0
0
0
0
0
0
0
0
0
0
0
-0.408762
0
0
0
0
0
0
0
0
0
0
0
0
0
0
0
-0.47995
0
0
0
0
0
0
0
0
0
0
0
0
0
0
0
-0.499433
0
0
0
0
0
0
0
0
0
0
0
0
0
0
0
-0.566008
0
0
0
0
0
0
0
0
0
0
0
0
0
0
0
-0.733382
0
0
0
0
0
0
0
0
0
0
0
0
0
0
0
-0.901642
0
0
0
0
0
0
0
0
0
0
0
0
0
0
0
-1.09496
-0.773337
0
0
0
0
0
0
0
0
0
0
0
0
0
0
0
0
0
0
0
0
0
0
0
0
0
0
0
0
0
0
0
0
0
0
0
0
0
0
0
0
0
0
0
0
0
0
0
0
0
0
0
0
0
0
0
0
0
0
0
0
0
0
0
0
0
0
0
0
0
0
0
0
0
0
0
0
0
0
0
0
0
0
0
0
0
0
0
0
0
0
0
0
0
0
0
0
0
0
0
0
0
0
0
0
0
0
0
0
0
0
0
0
0
0
0
0
0
0
0
0
0
0
0
0
0
0
0
0
0
0
0
0
0
0
0
0
0
0
0
0
0
0
0
0
0
0
0
0
0
0
0
0
0
0
0
0
0
0
0
0
0
0
0
0
0
0
0
0
0
0
0
0
0
0
0
0
0
0
0
0
0
0
0
0
0
0
0
0
0
0
0
0
0
0
0
0
0
0
0
0
0
0
0
0
0
0
0
0
0
0
0
0
0
0
0
0
0
0
0
0
0
0
0
0
0
0
0
0
0
0
0
0
0
0
0
0
0
0
0
0
0
0
0
0
0
0
0
0
0
0
0
0
-0.660543
0
0
0
0
0
0
0
0
0
0
0
0
0
0
0
-0.598202
0
0
0
0
0
0
0
0
0
0
0
0
0
0
0
-0.491402
0
0
0
0
0
0
0
0
0
0
0
0
0
0
0
-0.265347
-0.0682441
0
0
0
0
0
0
0
0
0
0
0
0
0
0
-0.141776
-0.143191
0
0
0
0
0
0
0
0
0
0
0
0
-0.822748
0
-0.10953
-0.19466
0
0
0
0
0
0
0
0
0
0
0
0
-0.819908
0
-0.337783
-0.42208
0
0
0
0
0
0
0
0
0
0
0
0
-0.777052
0
-0.600275
-0.672206
0
0
0
0
0
0
0
0
0
0
0
0
-0.51079
0
-0.773123
-0.956673
-0.225443
0
0
0
0
0
0
0
0
0
0
0
0
-0.0864967
-0.898517
-1.17636
-0.405615
0
0
0
0
0
0
0
0
0
0
0
0
0
-0.832906
-1.2671
-0.434145
0
0
0
0
0
0
0
0
0
0
0
0
0
-0.751182
-1.3069
-0.448884
0
0
0
0
0
0
0
0
0
0
0
0
0
-0.627508
-1.2502
-0.430153
0
0
0
0
0
0
0
0
0
0
0
0
0
-0.52037
-1.14744
-0.404904
0
0
0
0
0
0
0
0
0
0
0
0
0
-0.436466
-0.991296
-0.366944
-0.174165
0
0
0
0
0
0
0
0
0
0
0
0
-0.342539
-0.79369
-0.312989
0
0
0
0
0
0
0
0
0
0
0
0
0
-0.246871
-0.547939
-0.255442
0
0
0
0
0
0
0
0
0
0
0
0
0
-0.142604
-0.279216
-0.25622
0
0
0
0
0
0
0
0
0
0
0
0
0
0
0
-0.290366
0
0
0
0
0
0
0
0
0
0
0
0
0
0
0
-0.357165
0
0
0
0
0
0
0
0
0
0
0
0
0
0
0
-0.406267
0
0
0
0
0
0
0
0
0
0
0
0
0
0
0
-0.468174
0
0
0
0
0
0
0
0
0
0
0
0
0
0
0
-0.616269
0
0
0
0
0
0
0
0
0
0
0
0
0
0
0
-0.795537
0
0
0
0
0
0
0
0
0
0
0
0
0
0
0
-0.98906
0
0
0
0
0
0
0
0
0
0
0
0
0
0
0
0
0
0
0
0
0
0
0
0
0
0
0
0
0
0
0
0
0
0
0
0
0
0
0
0
0
0
0
0
0
0
0
0
0
0
0
0
0
0
0
0
0
0
0
0
0
0
0
0
0
0
0
0
0
0
0
0
0
0
0
0
0
0
0
0
0
0
0
0
0
0
0
0
0
0
0
0
0
0
0
0
0
0
0
0
0
0
0
0
0
0
0
0
0
0
0
0
0
0
0
0
0
0
0
0
0
0
0
0
0
0
0
0
0
0
0
0
0
0
0
0
0
0
0
0
0
0
0
0
0
0
0
0
0
0
0
0
0
0
0
0
0
0
0
0
0
0
0
0
0
0
0
0
0
0
0
0
0
0
0
0
0
0
0
0
0
0
0
0
0
0
0
0
0
0
0
0
0
0
0
0
0
0
0
0
0
0
0
0
0
0
0
0
0
0
0
0
0
0
0
0
0
0
0
0
0
0
0
0
0
0
0
0
0
0
0
0
0
0
0
0
0
0
0
0
0
0
0
0
0
0
0
0
0
0
0
0
0
0
0
0
0
0
0
0
0
0
0
0
0
0
0
0
0
0
0
0
0
0
0
0
0
0
0
0
0
0
0
0
0
0
0
0
0
0
0
0
0
0
0
0
0
0
0
0
0
-0.522097
0
0
0
0
0
0
0
0
0
0
0
0
0
0
0
0
0
0
0
0
0
0
0
0
0
0
0
0
0
0
0
0
0
0
0
0
0
0
0
0
0
0
0
0
0
0
0
0
0
0
0
0
0
0
0
0
0
0
0
0
0
-0.862548
0
0
-0.25251
0
0
0
0
0
0
0
0
0
0
0
0
-0.830923
0
-0.300906
-0.522082
0
0
0
0
0
0
0
0
0
0
0
0
0
0
-0.488755
-0.781327
-0.071949
0
0
0
0
0
0
0
0
0
0
0
0
0
-0.626995
-0.980967
-0.236068
0
0
0
0
0
0
0
0
0
0
0
0
0
-0.557841
-1.05034
-0.255257
0
0
0
0
0
0
0
0
0
0
0
0
0
-0.470198
-1.08189
-0.26261
0
0
0
0
0
0
0
0
0
0
0
0
0
-0.332613
-1.03199
-0.254663
0
0
0
0
0
0
0
0
0
0
0
0
0
-0.219869
-0.956992
-0.252952
-0.146103
0
0
0
0
0
0
0
0
0
0
0
0
-0.148548
-0.850932
-0.261138
-0.26563
0
0
0
0
0
0
0
0
0
0
0
0
0
-0.70673
-0.254398
-0.146928
0
0
0
0
0
0
0
0
0
0
0
0
0
-0.523774
-0.253185
0
0
0
0
0
0
0
0
0
0
0
0
0
0
-0.292861
-0.263606
0
0
0
0
0
0
0
0
0
0
0
0
0
0
0
-0.279355
0
0
0
0
0
0
0
0
0
0
0
0
0
0
0
-0.317435
0
0
0
0
0
0
0
0
0
0
0
0
0
0
0
-0.40863
0
0
0
0
0
0
0
0
0
0
0
0
0
0
0
-0.539619
0
0
0
0
0
0
0
0
0
0
0
0
0
0
0
-0.693277
0
0
0
0
0
0
0
0
0
0
0
0
0
0
0
0
0
0
0
0
0
0
0
0
0
0
0
0
0
0
0
0
0
0
0
0
0
0
0
0
0
0
0
0
0
0
0
0
0
0
0
0
0
0
0
0
0
0
0
0
0
0
0
0
0
0
0
0
0
0
0
0
0
0
0
0
0
0
0
0
0
0
0
0
0
0
0
0
0
0
0
0
0
0
0
0
0
0
0
0
0
0
0
0
0
0
0
0
0
0
0
0
0
0
0
0
0
0
0
0
0
0
0
0
0
0
0
0
0
0
0
0
0
0
0
0
0
0
0
0
0
0
0
0
0
0
0
0
0
0
0
0
0
0
0
0
0
0
0
0
0
0
0
0
0
0
0
0
0
0
0
0
0
0
0
0
0
0
0
0
0
0
0
0
0
0
0
0
0
0
0
0
0
0
0
0
0
0
0
0
0
0
0
0
0
0
0
0
0
0
0
0
0
0
0
0
0
0
0
0
0
0
0
0
0
0
0
0
0
0
0
0
0
0
0
0
0
0
0
0
0
0
0
0
0
0
0
0
0
0
0
0
0
0
0
0
0
0
0
0
0
0
0
0
0
0
0
0
0
0
0
0
0
0
0
0
0
0
0
0
0
0
0
0
0
0
0
0
0
0
0
0
0
0
0
0
0
0
0
0
0
0
0
0
0
0
0
0
0
0
0
0
0
0
0
0
0
0
0
0
0
0
0
0
0
0
0
0
0
0
0
0
0
0
0
0
0
0
0
0
0
0
0
0
0
0
0
0
0
0
0
0
0
0
0
0
0
0
0
0
0
0
0
0
0
0
0
0
0
0
0
0
0
0
0
0
0
0
0
0
0
0
0
0
0
0
0
0
0
0
0
0
0
0
0
0
0
0
-0.217941
0
0
0
0
0
0
0
0
0
0
0
0
0
0
-0.216255
-0.494633
0
0
0
0
0
0
0
0
0
0
0
0
0
0
-0.380794
-0.701987
0
0
0
0
0
0
0
0
0
0
0
0
0
0
-0.504365
-0.860032
-0.0128005
0
0
0
0
0
0
0
0
0
0
0
0
0
-0.414937
-0.878467
0
0
0
0
0
0
0
0
0
0
0
0
0
0
-0.312917
-0.871107
0
0
0
0
0
0
0
0
0
0
0
0
0
0
0
-0.796862
0
0
0
0
0
0
0
0
0
0
0
0
0
0
0
-0.714863
0
0
0
0
0
0
0
0
0
0
0
0
0
0
0
-0.626137
-0.0631907
-0.0357395
0
0
0
0
0
0
0
0
0
0
0
0
0
-0.523482
-0.0974987
0
0
0
0
0
0
0
0
0
0
0
0
0
0
-0.423607
-0.12085
0
0
0
0
0
0
0
0
0
0
0
0
0
0
-0.283179
-0.116757
0
0
0
0
0
0
0
0
0
0
0
0
0
0
0
-0.147575
0
0
0
0
0
0
0
0
0
0
0
0
0
0
0
-0.249136
0
0
0
0
0
0
0
0
0
0
0
0
0
0
0
0
0
0
0
0
0
0
0
0
0
0
0
0
0
0
0
0
0
0
0
0
0
0
0
0
0
0
0
0
0
0
0
0
0
0
0
0
0
0
0
0
0
0
0
0
0
0
0
0
0
0
0
0
0
0
0
0
0
0
0
0
0
0
0
0
0
0
0
0
0
0
0
0
0
0
0
0
0
0
0
0
0
0
0
0
0
0
0
0
0
0
0
0
0
0
0
0
0
0
0
0
0
0
0
0
0
0
0
0
0
0
0
0
0
0
0
0
0
0
0
0
0
0
0
0
0
0
0
0
0
0
0
0
0
0
0
0
0
0
0
0
0
0
0
0
0
0
0
0
0
0
0
0
0
0
0
0
0
0
0
0
0
0
0
0
0
0
0
0
0
0
0
0
0
0
0
0
0
0
0
0
0
0
0
0
0
0
0
0
0
0
0
0
0
0
0
0
0
0
0
0
0
0
0
0
0
0
0
0
0
0
0
0
0
0
0
0
0
0
0
0
0
0
0
0
0
0
0
0
0
0
0
0
0
0
0
0
0
0
0
0
0
0
0
0
0
0
0
0
0
0
0
0
0
0
0
0
0
0
0
0
0
0
0
0
0
0
0
0
0
0
0
0
0
0
0
0
0
0
0
0
0
0
0
0
0
0
0
0
0
0
0
0
0
0
0
0
0
0
0
0
0
0
0
0
0
0
0
0
0
0
0
0
0
0
0
0
0
0
0
0
0
0
0
0
0
0
0
0
0
0
0
0
0
0
0
0
0
0
0
0
0
0
0
0
0
0
0
0
0
0
0
0
0
0
0
0
0
0
0
0
0
0
0
0
0
0
0
0
0
0
0
0
0
0
0
0
0
0
0
0
0
0
0
0
0
0
0
0
0
0
0
0
0
0
0
0
0
0
0
0
0
0
0
0
0
0
0
0
0
0
0
0
0
0
0
0
0
0
0
0
0
0
0
0
0
0
0
0
0
0
-0.31296
0
0
0
0
0
0
0
0
0
0
0
0
0
0
0
-0.558521
0
0
0
0
0
0
0
0
0
0
0
0
0
0
0
-0.67708
0
0
0
0
0
0
0
0
0
0
0
0
0
0
-0.484638
-0.767003
0
0
0
0
0
0
0
0
0
0
0
0
0
0
0
-0.705775
0
0
0
0
0
0
0
0
0
0
0
0
0
0
0
-0.635223
0
0
0
0
0
0
0
0
0
0
0
0
0
0
0
-0.525756
0
0
0
0
0
0
0
0
0
0
0
0
0
0
0
-0.451203
0
0
0
0
0
0
0
0
0
0
0
0
0
0
0
-0.425954
0
0
0
0
0
0
0
0
0
0
0
0
0
0
0
-0.415314
0
0
0
0
0
0
0
0
0
0
0
0
0
0
0
-0.418352
0
0
0
0
0
0
0
0
0
0
0
0
0
0
0
0
0
0
0
0
0
0
0
0
0
0
0
0
0
0
0
0
0
0
0
0
0
0
0
0
0
0
0
0
0
0
0
0
0
0
0
0
0
0
0
0
0
0
0
0
0
0
0
0
0
0
0
0
0
0
0
0
0
0
0
0
0
0
0
0
0
0
0
0
0
0
0
0
0
0
0
0
0
0
0
0
0
0
0
0
0
0
0
0
0
0
0
0
0
0
0
0
0
0
0
0
0
0
0
0
0
0
0
0
0
0
0
0
0
0
0
0
0
0
0
0
0
0
0
0
0
0
0
0
0
0
0
0
0
0
0
0
0
0
0
0
0
0
0
0
0
0
0
0
0
0
0
0
0
0
0
0
0
0
0
0
0
0
0
0
0
0
0
0
0
0
0
0
0
0
0
0
0
0
0
0
0
0
0
0
0
0
0
0
0
0
0
0
0
0
0
0
0
0
0
0
0
0
0
0
0
0
0
0
0
0
0
0
0
0
0
0
0
0
0
0
0
0
0
0
0
0
0
0
0
0
0
0
0
0
0
0
0
0
0
0
0
0
0
0
0
0
0
0
0
0
0
0
0
0
0
0
0
0
0
0
0
0
0
0
0
0
0
0
0
0
0
0
0
0
0
0
0
0
0
0
0
0
0
0
0
0
0
0
0
0
0
0
0
0
0
0
0
0
0
0
0
0
0
0
0
0
0
0
0
0
0
0
0
0
0
0
0
0
0
0
0
0
0
0
0
0
0
0
0
0
0
0
0
0
0
0
0
0
0
0
0
0
0
0
0
0
0
0
0
0
0
0
0
0
0
0
0
0
0
0
0
0
0
0
0
0
0
0
0
0
0
0
0
0
0
0
0
0
0
0
0
0
0
0
0
0
0
0
0
0
0
0
0
0
0
0
0
0
0
0
0
0
0
0
0
0
0
0
0
0
0
0
0
0
0
0
0
0
0
0
0
0
0
0
0
0
0
0
0
0
0
0
0
0
0
0
0
0
0
0
0
0
0
0
0
0
0
0
0
0
0
0
0
0
0
0
0
0
0
0
0
0
0
0
0
0
0
0
0
0
0
0
0
0
0
0
0
0
0
-0.57496
0
0
0
0
0
0
0
0
0
0
0
0
0
0
0
-0.793582
0
0
0
0
0
0
0
0
0
0
0
0
0
0
0
-0.844243
0
0
0
0
0
0
0
0
0
0
0
0
0
0
0
-0.874312
0
0
0
0
0
0
0
0
0
0
0
0
0
0
0
-0.746781
0
0
0
0
-0.151363
0
0
0
0
0
0
0
0
0
0
-0.617737
0
0
0
0
-0.224377
0
0
0
0
0
0
0
0
0
0
-0.468472
0
0
0
0
0
0
0
0
0
0
0
0
0
0
0
0
0
0
0
0
0
0
0
0
0
0
0
0
0
0
0
0
0
0
0
0
0
0
0
0
0
0
0
0
0
0
0
0
0
0
0
0
0
0
0
0
0
0
0
0
0
0
0
0
0
0
0
0
0
0
0
0
0
0
0
0
0
0
0
0
0
0
0
0
0
0
0
0
0
0
0
0
0
0
0
0
0
0
0
0
0
0
0
0
0
0
0
0
0
0
0
0
0
0
0
0
0
0
0
0
0
0
0
0
0
0
0
0
0
0
0
0
0
0
0
0
0
0
0
0
0
0
0
0
0
0
0
0
0
0
0
0
0
0
0
0
0
0
0
0
0
0
0
0
0
0
0
0
0
0
0
0
0
0
0
0
0
0
0
0
0
0
0
0
0
0
0
0
0
0
0
0
0
0
0
0
0
0
0
0
0
0
0
0
0
0
0
0
0
0
0
0
0
0
0
0
0
0
0
0
0
0
0
0
0
0
0
0
0
0
0
0
0
0
0
0
0
0
0
0
0
0
0
0
0
0
0
0
0
0
0
0
0
0
0
0
0
0
0
0
0
0
0
0
0
0
0
0
0
0
0
0
0
0
0
0
0
0
0
0
0
0
0
0
0
0
0
0
0
0
0
0
0
0
0
0
0
0
0
0
0
0
0
0
0
0
0
0
0
0
0
0
0
0
0
0
0
0
0
0
0
0
0
0
0
0
0
0
0
0
0
0
0
0
0
0
0
0
0
0
0
0
0
0
0
0
0
0
0
0
0
0
0
0
0
0
0
0
0
0
0
0
0
0
0
0
0
0
0
0
0
0
0
0
0
0
0
0
0
0
0
0
0
0
0
0
0
0
0
0
0
0
0
0
0
0
0
0
0
0
0
0
0
0
0
0
0
0
0
0
0
0
0
0
0
0
0
0
0
0
0
0
0
0
0
0
0
0
0
0
0
0
0
0
0
0
0
0
0
0
0
0
0
0
0
0
0
0
0
0
0
0
0
0
0
0
0
0
0
0
0
0
0
0
0
0
0
0
0
0
0
0
0
0
0
0
0
0
0
0
0
0
0
0
0
0
0
0
0
0
0
0
0
0
0
0
0
0
0
0
0
0
0
0
0
0
0
0
0
0
0
0
0
0
0
0
0
0
0
0
0
0
0
0
0
0
0
0
0
0
0
0
0
0
0
0
0
0
0
0
0
0
0
0
0
0
0
0
0
0
0
0
0
0
0
0
0
0
0
0
0
0
0
0
0
0
0
0
0
0
0
0
0
0
0
-1.12398
0
0
0
0
0
0
0
0
0
0
0
0
0
0
0
-1.10043
0
0
0
0
0
0
0
0
0
0
0
0
0
0
0
-1.06059
0
0
0
0
0
0
0
0
0
0
0
0
0
0
0
-0.841042
0
0
0
0
-0.162584
0
0
0
0
0
0
0
0
0
0
0
0
0
0
0
-0.232038
0
0
0
0
0
0
0
0
0
0
0
0
0
0
0
-0.0302337
0
0
0
0
0
0
0
0
0
0
0
0
0
0
0
0
0
0
0
0
0
0
0
0
0
0
0
0
0
0
0
0
0
0
0
0
0
0
0
0
0
0
0
0
0
0
0
0
0
0
0
0
0
0
0
0
0
0
0
0
0
0
0
0
0
0
0
0
0
0
0
0
0
0
0
0
0
0
0
0
0
0
0
0
0
0
0
0
0
0
0
0
0
0
0
0
0
0
0
0
0
0
0
0
0
0
0
0
0
0
0
0
0
0
0
0
0
0
0
0
0
0
0
0
0
0
0
0
0
0
0
0
0
0
0
0
0
0
0
0
0
0
0
0
0
0
0
0
0
0
0
0
0
0
0
0
0
0
0
0
0
0
0
0
0
0
0
0
0
0
0
0
0
0
0
0
0
0
0
0
0
0
0
0
0
0
0
0
0
0
0
0
0
0
0
0
0
0
0
0
0
0
0
0
0
0
0
0
0
0
0
0
0
0
0
0
0
0
0
0
0
0
0
0
0
0
0
0
0
0
0
0
0
0
0
0
0
0
0
0
0
0
0
0
0
0
0
0
0
0
0
0
0
0
0
0
0
0
0
0
0
0
0
0
0
0
0
0
0
0
0
0
0
0
0
0
0
0
0
0
0
0
0
0
0
0
0
0
0
0
0
0
0
0
0
0
0
0
0
0
0
0
0
0
0
0
0
0
0
0
0
0
0
0
0
0
0
0
0
0
0
0
0
0
0
0
0
0
0
0
0
0
0
0
0
0
0
0
0
0
0
0
0
0
0
0
0
0
0
0
0
0
0
0
0
0
0
0
0
0
0
0
0
0
0
0
0
0
0
0
0
0
0
0
0
0
0
0
0
0
0
0
0
0
0
0
0
0
0
0
0
0
0
0
0
0
0
0
0
0
0
0
0
0
0
0
0
0
0
0
0
0
0
0
0
0
0
0
0
0
0
0
0
0
0
0
0
0
0
0
0
0
0
0
0
0
0
0
0
0
0
0
0
0
0
0
0
0
0
0
0
0
0
0
0
0
0
0
0
0
0
0
0
0
0
0
0
0
0
0
0
0
0
0
0
0
0
0
0
0
0
0
0
0
0
0
0
0
0
0
0
0
0
0
0
0
0
0
0
0
0
0
0
0
0
0
0
0
0
0
0
0
0
0
0
0
0
0
0
0
0
0
0
0
0
0
0
0
0
0
0
0
0
0
0
0
0
0
0
0
0
0
0
0
0
0
0
0
0
0
0
0
0
0
0
0
0
0
0
0
0
0
0
0
0
0
0
0
0
0
-1.36311
0
0
0
0
0
0
0
0
0
0
0
0
0
0
0
-1.31719
0
0
0
0
0
0
0
0
0
0
0
0
0
0
0
-1.25173
0
0
0
0
0
0
0
0
0
0
0
0
0
0
0
0
0
0
0
0
-0.0306779
0
0
0
0
0
0
0
0
0
0
0
0
0
0
0
-0.104818
0
0
0
0
0
0
0
0
0
0
0
0
0
0
0
0
0
0
0
0
0
0
0
0
0
0
0
0
0
0
0
0
0
0
0
0
0
0
0
0
0
0
0
0
0
0
0
0
0
0
0
0
0
0
0
0
0
0
0
0
0
0
0
0
0
0
0
0
0
0
0
0
0
0
0
0
0
0
0
0
0
0
0
0
0
0
0
0
0
0
0
0
0
0
0
0
0
0
0
0
0
0
0
0
0
0
0
0
0
0
0
0
0
0
0
0
0
0
0
0
0
0
0
0
0
0
0
0
0
0
0
0
0
0
0
0
0
0
0
0
0
0
0
0
0
0
0
0
0
0
0
0
0
0
0
0
0
0
0
0
0
0
0
0
0
0
0
0
0
0
0
0
0
0
0
0
0
0
0
0
0
0
0
0
0
0
0
0
0
0
0
0
0
0
0
0
0
0
0
0
0
0
0
0
0
0
0
0
0
0
0
0
0
0
0
0
0
0
0
0
0
0
0
0
0
0
0
0
0
0
0
0
0
0
0
0
0
0
0
0
0
0
0
0
0
0
0
0
0
0
0
0
0
0
0
0
0
0
0
0
0
0
0
0
0
0
0
0
0
0
0
0
0
0
0
0
0
0
0
0
0
0
0
0
0
0
0
0
0
0
0
0
0
0
0
0
0
0
0
0
0
0
0
0
0
0
0
0
0
0
0
0
0
0
0
0
0
0
0
0
0
0
0
0
0
0
0
0
0
0
0
0
0
0
0
0
0
0
0
0
0
0
0
0
0
0
0
0
0
0
0
0
0
0
0
0
0
0
0
0
0
0
0
0
0
0
0
0
0
0
0
0
0
0
0
0
0
0
0
0
0
0
0
0
0
0
0
0
0
0
0
0
0
0
0
0
0
0
0
0
0
0
0
0
0
0
0
0
0
0
0
0
0
0
0
0
0
0
0
0
0
0
0
0
0
0
0
0
0
0
0
0
0
0
0
0
0
0
0
0
0
0
0
0
0
0
0
0
0
0
0
0
0
0
0
0
0
0
0
0
0
0
0
0
0
0
0
0
0
0
0
0
0
0
0
0
0
0
0
0
0
0
0
0
0
0
0
0
0
0
0
0
0
0
0
0
0
0
0
0
0
0
0
0
0
0
0
0
0
0
0
0
0
0
0
0
0
0
0
0
0
0
0
0
0
0
0
0
0
0
0
0
0
0
0
0
0
0
0
0
0
0
0
0
0
0
0
0
0
0
0
0
0
0
0
0
0
0
0
0
0
0
0
0
0
0
0
0
0
0
0
0
0
0
0
0
0
0
0
0
0
0
0
0
0
0
0
0
0
0
0
0
0
0
0
0
0
0
0
0
0
0
0
0
0
0
0
0
0
0
0
0
0
0
0
0
0
0
0
0
0
0
0
0
0
0
0
0
0
0
0
0
0
0
0
0
0
0
0
0
0
0
0
0
0
0
0
0
0
0
0
0
0
0
0
0
0
0
0
0
0
0
0
0
0
0
0
0
0
0
0
0
0
0
0
0
0
0
0
0
0
0
0
0
0
0
0
0
0
0
0
0
0
0
0
0
0
0
0
0
0
0
0
0
0
0
0
0
0
0
0
0
0
0
0
0
0
0
0
0
0
0
0
0
0
0
0
0
0
0
0
0
0
0
0
0
0
0
0
0
0
0
0
0
0
0
0
0
0
0
0
0
0
0
0
0
0
0
0
0
0
0
0
0
0
0
0
0
0
0
0
0
0
0
0
0
0
0
0
0
0
0
0
0
0
0
0
0
0
0
0
0
0
0
0
0
0
0
0
0
0
0
0
0
0
0
0
0
0
0
0
0
0
0
0
0
0
0
0
0
0
0
0
0
0
0
0
0
0
0
0
0
0
0
0
0
0
0
0
0
0
0
0
0
0
0
0
0
0
0
0
0
0
0
0
0
0
0
0
0
0
0
0
0
0
0
0
0
0
0
0
0
0
0
0
0
0
0
0
0
0
0
0
0
0
0
0
0
0
0
0
0
0
0
0
0
0
0
0
0
0
0
0
0
0
0
0
0
0
0
0
0
0
0
0
0
0
0
0
0
0
0
0
0
0
0
0
0
0
0
0
0
0
0
0
0
0
0
0
0
0
0
0
0
0
0
0
0
0
0
0
0
0
0
0
0
0
0
0
0
0
0
0
0
0
0
0
0
0
0
0
0
0
0
0
0
0
0
0
0
0
0
0
0
0
0
0
0
0
0
0
0
0
0
0
0
0
0
0
0
0
0
0
0
0
0
0
0
0
0
0
0
0
0
0
0
0
0
0
0
0
0
0
0
0
0
0
0
0
0
0
0
0
0
0
0
0
0
0
0
0
0
0
0
0
0
0
0
0
0
0
0
0
0
0
0
0
0
0
0
0
0
0
0
0
0
0
0
0
0
0
0
0
0
0
0
0
0
0
0
0
0
0
0
0
0
0
0
0
0
0
0
0
0
0
0
0
0
0
0
0
0
0
0
0
0
0
0
0
0
0
0
0
0
0
0
0
0
0
0
0
0
0
0
0
0
0
0
0
0
0
0
0
0
0
0
0
0
0
0
0
0
0
0
0
0
0
0
0
0
0
0
0
0
0
0
0
0
0
0
0
0
0
0
0
0
0
0
0
0
0
0
0
0
0
0
0
0
0
0
0
0
0
0
0
0
0
0
0
0
0
0
0
0
0
0
0
0
0
0
0
0
0
0
0
0
0
0
0
0
0
0
0
0
0
0
0
0
0
0
0
0
0
0
0
0
0
0
0
0
0
0
0
0
0
0
0
0
0
0
0
0
0
0
0
0
0
0
0
0
0
0
0
0
0
0
0
0
0
0
0
0
0
0
0
0
0
0
0
0
0
0
0
0
0
0
0
0
0
0
0
0
0
0
0
0
0
0
0
0
0
0
0
0
0
0
0
0
0
0
0
0
0
0
0
0
0
0
0
0
0
0
0
0
0
0
0
0
0
0
0
0
0
0
0
0
0
0
0
0
0
0
0
0
0
0
0
0
0
0
0
0
0
0
0
0
0
0
0
0
0
0
0
0
0
0
0
0
0
0
0
0
0
0
0
0
0
0
0
0
0
0
0
0
0
0
0
0
0
0
0
0
0
0
0
0
0
0
0
0
0
0
0
0
0
0
0
0
0
0
0
0
0
0
0
0
0
0
0
0
0
0
0
0
0
0
0
0
0
0
0
0
0
0
0
0
0
0
0
0
0
0
0
0
0
0
0
0
0
0
0
0
0
0
0
0
0
0
0
0
0
0
0
0
0
0
0
0
0
0
0
0
0
0
0
0
0
0
0
0
0
0
0
0
0
0
0
0
0
0
0
0
0
0
0
0
0
0
0
0
0
0
0
0
0
0
0
0
0
0
0
0
0
0
0
0
0
0
0
0
0
0
0
0
0
0
0
0
0
0
0
0
0
0
0
0
0
0
0
0
0
0
0
0
0
0
0
0
0
0
0
0
0
0
0
0
0
0
0
0
0
0
0
0
0
0
0
0
0
0
0
0
0
0
0
0
0
0
0
0
0
0
0
0
0
0
0
0
0
0
0
0
0
0
0
0
0
0
0
0
0
0
0
0
0
0
0
0
0
0
0
0
0
0
0
0
0
0
0
0
0
0
0
0
0
0
0
0
