41 41 14
0.2 0.2 0.2
-4 -4 2
0
0
0
0
0
0
0
0
0
0
0
0
0
0
0
0
0
0
0
0
0
0
0
0
0
0
0
0
0
0
0
0
0
0
0
0
0
0
0
0
0
0
0
0
0
0
0
0
0
0
0
0
0
0
0
0
0
0
0
0
0
0
0
0
0
0
0
0
0
0
0
0
0
0
0
0
0
0
0
0
0
0
0
0
0
0
0
0
0
0
0
0
0
0
0
0
0
0
0
0
0
0
0
0
0
0
0
0
0
0
0
0
0
0
0
0
0
0
0
0
0
0
0
0
0
0
0
0
0
0
0
0
0
0
0
0
0
0
0
0
0
0
0
0
0
0
0
0
0
0
0
0
0
0
0
0
0
0
0
0
0
0
0
0
0
0
0
0
0
0
0
0
0
0
0
0
0
0
0
0
0
0
0
0
0
0
0
0
0
0
0
0
0
0
0
0
0
0
0
0
0
0
0
0
0
0
0
0
0
0
0
0
0
0
0
0
0
0
0
0
0
0
0
0
0
0
0
0
0
0
0
0
0
0
0
0
0
0
0
0
0
0
0
0
0
0
0
0
0
0
0
0
0
0
0
0
0
0
0
0
0
0
0
0
0
0
0
0
0
0
0
0
0
0
0
0
0
0
0
0
0
0
0
0
0
0
0
0
0
0
0
0
0
0
0
0
0
0
0
0
-2.00755
0
0
0
0
0
0
0
0
0
0
0
0
0
0
0
0
0
0
0
0
0
0
0
0
0
0
0
0
0
0
0
0
0
0
0
0
0
0
0
0
0
0
0
0
0
0
0
0
0
0
0
0
0
0
0
0
0
0
0
0
0
0
0
0
0
0
0
0
0
0
0
0
0
0
0
0
0
0
0
0
0
0
0
0
0
0
0
0
0
0
0
0
0
0
0
0
0
0
0
0
0
0
0
0
0
0
0
0
0
0
0
0
0
0
0
0
0
0
0
0
0
0
0
0
0
0
0
0
0
0
0
0
0
0
0
0
0
0
0
0
0
0
0
0
0
0
0
0
0
0
0
0
0
0
0
0
0
0
0
0
0
0
0
0
0
0
0
0
0
0
0
0
0
0
0
0
0
0
0
0
0
0
0
0
0
0
0
0
0
0
0
0
0
0
0
0
0
0
0
0
0
0
0
0
0
0
0
0
0
0
0
0
0
0
0
0
0
0
0
0
0
0
0
0
0
0
0
0
0
0
0
0
0
0
0
0
0
0
0
0
0
0
0
0
0
0
0
0
0
0
0
0
0
0
0
0
0
0
0
0
0
0
0
0
0
0
0
0
0
0
0
0
0
0
0
0
0
0
0
0
0
0
0
0
0
0
0
0
0
0
0
0
0
0
0
0
0
0
0
0
0
0
0
0
0
0
0
0
0
0
0
0
0
0
0
0
0
0
0
0
0
0
0
0
0
0
0
0
0
0
0
0
0
0
0
0
0
0
0
0
0
0
0
0
0
0
0
0
0
0
0
0
0
0
0
0
0
0
0
0
0
0
0
0
0
0
0
0
0
0
0
0
0
0
0
0
0
0
0
0
0
0
0
0
0
0
0
0
0
0
0
0
0
0
0
0
0
0
0
0
0
0
0
0
0
0
0
0
0
0
0
0
0
0
0
0
0
0
0
0
0
0
0
0
0
0
0
0
0
0
0
0
0
0
0
0
0
0
0
0
0
0
0
0
0
0
0
0
0
0
0
0
0
0
0
0
0
0
0
0
0
0
0
0
0
0
0
0
0
0
0
0
0
0
0
0
0
0
0
0
0
0
0
0
0
0
0
0
0
0
0
0
0
0
0
0
0
0
0
0
0
0
0
0
0
0
0
0
0
0
0
0
0
0
0
0
0
0
0
0
0
0
0
0
0
0
0
0
0
0
0
0
-2.08876
0
0
0
0
0
0
0
0
0
0
0
0
-1.64239
-2.37207
0
0
0
0
0
0
0
0
0
0
0
0
-1.90781
-2.42994
0
0
0
0
0
0
0
0
0
0
0
0
-2.06409
-2.30557
0
0
0
0
0
0
0
0
0
0
0
0
-2.01807
-2.15307
0
0
0
0
0
0
0
0
0
0
0
0
-1.95216
-2.02221
0
0
0
0
0
0
0
0
0
0
0
0
-1.88204
0
0
0
0
0
0
0
0
0
0
0
0
0
0
0
0
0
0
0
0
0
0
0
0
0
0
0
0
0
0
0
0
0
0
0
0
0
0
0
0
0
0
0
0
0
0
0
0
0
0
0
0
0
0
0
0
0
0
0
0
0
0
0
0
0
0
0
0
0
0
0
0
0
0
0
0
0
0
0
0
0
0
0
0
0
0
0
0
0
0
0
0
0
0
0
0
0
0
0
0
0
0
0
0
0
0
0
0
0
0
0
0
0
0
0
0
0
0
0
0
0
0
0
0
0
0
0
0
0
0
0
0
0
0
0
0
0
0
0
0
0
0
0
0
0
0
0
0
0
0
0
0
0
0
0
0
0
0
0
0
0
0
0
0
0
0
0
0
0
0
0
0
0
0
0
0
0
0
0
0
0
0
0
0
0
0
0
0
0
0
0
0
0
0
0
0
0
0
0
0
0
0
0
0
0
0
0
0
0
0
0
0
0
0
0
0
0
0
0
0
0
0
0
0
0
0
0
0
0
0
0
0
0
0
0
0
0
0
0
0
0
0
0
0
0
0
0
0
0
0
0
0
0
0
0
0
0
0
0
0
0
0
0
0
0
0
0
0
0
0
0
0
0
0
0
0
0
0
0
0
0
0
0
0
0
0
0
0
0
0
0
0
0
0
0
0
0
0
0
0
0
0
0
0
0
0
0
0
0
0
0
0
0
0
0
0
0
0
0
0
0
0
0
0
0
0
0
0
0
0
0
0
0
0
0
0
0
0
0
0
0
0
0
0
0
0
0
0
0
0
0
0
0
0
0
0
0
0
0
0
0
0
0
0
0
0
0
0
0
0
0
0
0
0
0
0
0
0
0
0
0
0
0
0
0
0
0
0
0
0
0
0
0
0
0
0
0
0
0
0
0
0
0
0
0
0
0
0
0
0
0
0
0
0
0
0
0
0
0
0
0
0
0
0
0
0
0
0
0
0
0
0
0
0
0
0
0
0
0
0
0
0
0
0
0
0
0
0
0
0
0
0
0
0
0
0
0
0
0
0
0
0
0
0
0
0
0
0
0
0
0
0
0
0
0
0
-1.73125
0
0
0
0
0
0
0
0
0
0
0
0
0
-2.10138
0
0
0
0
0
0
0
0
0
0
0
0
-1.48467
-2.33859
0
0
0
0
0
0
0
0
0
0
0
0
-1.77496
-2.40599
0
0
0
0
0
0
0
0
0
0
0
0
-1.9614
-2.34797
0
0
0
0
0
0
0
0
0
0
0
0
-1.95839
-2.29031
0
0
0
0
0
0
0
0
0
0
0
0
-1.93852
-2.27587
0
0
0
0
0
0
0
0
0
0
0
0
-1.89856
-2.36605
0
0
0
0
0
0
0
0
0
0
0
0
-1.84272
-2.41293
0
0
0
0
0
0
0
0
0
0
0
0
-1.75472
-2.40201
0
0
0
0
0
0
0
0
0
0
0
0
0
-2.1474
0
0
0
0
0
0
0
0
0
0
0
0
0
0
0
0
0
0
0
0
0
0
0
0
0
0
0
0
0
0
0
0
0
0
0
0
0
0
0
0
0
0
0
0
0
0
0
0
0
0
0
0
0
0
0
0
0
0
0
0
0
0
0
0
0
0
0
0
0
0
0
0
0
0
0
0
0
0
0
0
0
0
0
0
0
0
0
0
0
0
0
0
0
0
0
0
0
0
0
0
0
0
0
0
0
0
0
0
0
0
0
0
0
0
0
0
0
0
0
0
0
0
0
0
0
0
0
0
0
0
0
0
0
0
0
0
0
0
0
0
0
0
0
0
0
0
0
0
0
0
0
0
0
0
0
0
0
0
0
0
0
0
0
0
0
0
0
0
0
0
0
0
0
0
0
0
0
0
0
0
0
0
0
0
0
0
0
0
0
0
0
0
0
0
0
0
0
0
0
0
0
0
0
0
0
0
0
0
0
0
0
0
0
0
0
0
0
0
0
0
0
0
0
0
0
0
0
0
0
0
0
0
0
0
0
0
0
0
0
0
0
0
0
0
0
0
0
0
0
0
0
0
0
0
0
0
0
0
0
0
0
0
0
0
0
0
0
0
0
0
0
0
0
0
0
0
0
0
0
0
0
0
0
0
0
0
0
0
0
0
0
0
0
0
0
0
0
0
0
0
0
0
0
0
0
0
0
0
0
0
0
0
0
0
0
0
0
0
0
0
0
0
0
0
0
0
0
0
0
0
0
0
0
0
0
0
0
0
0
0
0
0
0
0
0
0
0
0
0
0
0
0
0
0
0
0
0
0
0
0
0
0
0
0
0
0
0
0
0
0
0
0
0
0
0
0
0
0
0
0
0
0
0
0
0
0
0
0
0
0
0
0
0
0
0
0
0
0
0
0
0
0
0
0
0
0
0
0
0
0
0
0
0
0
0
0
0
0
0
0
0
0
0
0
0
0
0
0
0
0
0
0
0
-1.51613
0
0
0
0
0
0
0
0
0
0
0
0
-0.823496
-1.86491
0
0
0
0
0
0
0
0
0
0
0
0
-1.41006
-2.09959
-1.62374
0
0
0
0
0
0
0
0
0
0
0
-1.71902
-2.18329
-1.6841
-1.96599
0
0
0
0
0
0
0
0
0
0
-1.91352
-2.15935
-1.66407
-2.16736
0
0
0
0
0
0
0
0
0
0
-1.91276
-2.13123
-1.64333
-2.10402
0
0
0
0
0
0
0
0
0
0
-1.88036
-2.1412
-1.6625
0
0
0
0
0
0
0
0
0
0
-0.610065
-1.80721
-2.23287
-1.75989
0
0
0
0
0
0
0
0
0
0
-0.654557
-1.70745
-2.30293
0
0
0
0
0
0
0
0
0
0
0
-0.628975
-1.57682
-2.36529
0
0
0
0
0
0
0
0
0
0
0
0
-1.40251
-2.24386
0
0
0
0
0
0
0
0
0
0
0
0
0
-1.98774
0
0
0
0
0
0
0
0
0
0
0
0
0
0
0
0
0
0
0
0
0
0
0
0
0
0
0
0
0
0
0
0
0
0
0
0
0
0
0
0
0
0
0
0
0
0
0
0
0
0
0
0
0
0
0
0
0
0
0
0
0
0
0
0
0
0
0
0
0
0
0
0
0
0
0
0
0
0
0
0
0
0
0
0
0
0
0
0
0
0
0
0
0
0
0
0
0
0
0
0
0
0
0
0
0
0
0
0
0
0
0
0
0
0
0
0
0
0
0
0
0
0
0
0
0
0
0
0
0
0
0
0
0
0
0
0
0
0
0
0
0
0
0
0
0
0
0
0
0
0
0
0
0
0
0
0
0
0
0
0
0
0
0
0
0
0
0
0
0
0
0
0
0
0
0
0
0
0
0
0
0
0
0
0
0
0
0
0
0
0
0
0
0
0
0
0
0
0
0
0
0
0
0
0
0
0
0
0
0
0
0
0
0
0
0
0
0
0
0
0
0
0
0
0
0
0
0
0
0
0
0
0
0
0
0
0
0
0
0
0
0
0
0
0
0
0
0
0
0
0
0
0
0
0
0
0
0
0
0
0
0
0
0
0
0
0
0
0
0
0
0
0
0
0
0
0
0
0
0
0
0
0
0
0
0
0
0
0
0
0
0
0
0
0
0
0
0
0
0
0
0
0
0
0
0
0
0
0
0
0
0
0
0
0
0
0
0
0
0
0
0
0
0
0
0
0
0
0
0
0
0
0
0
0
0
0
0
0
0
0
0
0
0
0
0
0
0
0
0
0
0
0
0
0
0
0
0
0
0
0
0
0
0
-1.16162
0
0
0
0
0
0
0
0
0
0
0
0
0
-0.921167
0
0
0
0
0
0
0
0
0
0
0
0
0
-0.842856
0
0
0
0
0
0
0
0
0
0
0
0
0
-0.984668
0
0
0
0
0
0
0
0
0
0
0
0
0
-1.39142
0
0
0
0
0
0
0
0
0
0
0
0
-0.783686
-1.73295
-1.25551
0
0
0
0
0
0
0
0
0
0
0
-1.36025
-1.97852
-1.45167
-1.53898
0
0
0
0
0
0
0
0
0
0
-1.6773
-2.09629
-1.56934
-1.80704
0
0
0
0
0
0
0
0
0
0
-1.88322
-2.12728
-1.64042
-2.03454
0
0
0
0
0
0
0
0
0
0
-1.91095
-2.12884
-1.70004
-2.01482
0
0
0
0
0
0
0
0
0
-0.593469
-1.90391
-2.14212
-1.77096
-1.94824
0
0
0
0
0
0
0
0
0
-0.734555
-1.8412
-2.18535
-1.83206
-1.77219
0
0
0
0
0
0
0
0
0
-0.743768
-1.71619
-2.21095
-1.82643
0
0
0
0
0
0
0
0
0
0
-0.693104
-1.52198
-2.24341
-1.75549
0
0
0
0
0
0
0
0
0
0
0
-1.28016
-2.12993
0
0
0
0
0
0
0
0
0
0
0
0
-1.05708
-1.95317
0
0
0
0
0
0
0
0
0
0
0
0
0
0
0
0
0
0
0
0
0
0
0
0
0
0
0
0
0
0
0
0
0
0
0
0
0
0
0
0
0
0
0
0
0
0
0
0
0
0
0
0
0
0
0
0
0
0
0
0
0
0
0
0
0
0
0
0
0
0
0
0
0
0
0
0
0
0
0
0
0
0
0
0
0
0
0
0
0
0
0
0
0
0
0
0
0
0
0
0
0
0
0
0
0
0
0
0
0
0
0
0
0
0
0
0
0
0
0
0
0
0
0
0
0
0
0
0
0
0
0
0
0
0
0
0
0
0
0
0
0
0
0
0
0
0
0
0
0
0
0
0
0
0
0
0
0
0
0
0
0
0
0
0
0
0
0
0
0
0
0
0
0
0
0
0
0
0
0
0
0
0
0
0
0
0
0
0
0
0
0
0
0
0
0
0
0
0
0
0
0
0
0
0
0
0
0
0
0
0
0
0
0
0
0
0
0
0
0
0
0
0
0
0
0
0
0
0
0
0
0
0
0
0
0
0
0
0
0
0
0
0
0
0
0
0
0
0
0
0
0
0
0
0
0
0
0
0
0
0
0
0
0
0
0
0
0
0
0
0
0
0
0
0
0
0
0
0
0
0
0
0
0
0
0
0
0
0
0
0
0
0
0
0
0
0
0
0
0
0
0
0
0
0
0
0
0
0
0
0
0
0
0
0
0
0
0
0
0
0
0
0
0
0
0
0
0
0
0
0
0
0
0
0
0
0
0
0
0
0
0
0
0
0
0
0
0
0
0
-0.95895
0
0
0
0
0
0
0
0
0
0
0
0
0
-0.918091
0
0
0
0
0
0
0
0
0
0
0
0
0
-0.808419
0
0
0
0
0
0
0
0
0
0
0
0
0
-0.835121
0
0
0
0
0
0
0
0
0
0
0
0
0
-1.02006
0
0
0
0
0
0
0
0
0
0
0
0
0
-1.40167
-0.790581
0
0
0
0
0
0
0
0
0
0
0
-0.833894
-1.72654
-1.11879
0
0
0
0
0
0
0
0
0
0
0
-1.39361
-1.97489
-1.35961
-1.20527
0
0
0
0
0
0
0
0
0
0
-1.70813
-2.11712
-1.53086
-1.48176
0
0
0
0
0
0
0
0
0
0
-1.912
-2.19031
-1.6617
-1.72212
0
0
0
0
0
0
0
0
0
-0.411846
-1.95313
-2.2134
-1.75157
-1.72343
0
0
0
0
0
0
0
0
0
-0.694666
-1.95151
-2.23284
-1.81885
-1.6852
0
0
0
0
0
0
0
0
0
-0.856066
-1.88612
-2.24601
-1.81837
-1.55848
0
0
0
0
0
0
0
0
0
-0.874853
-1.74739
-2.22391
-1.73868
-1.41414
0
0
0
0
0
0
0
0
0
-0.801716
-1.54676
-2.1812
-1.57422
0
0
0
0
0
0
0
0
0
0
-0.464459
-1.28606
-1.99558
-1.27154
0
0
0
0
0
0
0
0
0
0
0
-1.0107
-1.78154
0
0
0
0
0
0
0
0
0
0
0
0
-0.847524
-1.44303
0
0
0
0
0
0
0
0
0
0
0
0
0
0
0
0
0
0
0
0
0
0
0
0
0
0
0
0
0
0
0
0
0
0
0
0
0
0
0
0
0
0
0
0
0
0
0
0
0
0
0
0
0
0
0
0
0
0
0
0
0
0
0
0
0
0
0
0
0
0
0
0
0
0
0
0
0
0
0
0
0
0
0
0
0
0
0
0
0
0
0
0
0
0
0
0
0
0
0
0
0
0
0
0
0
0
0
0
0
0
0
0
0
0
0
0
0
0
0
0
0
0
0
0
0
0
0
0
0
0
0
0
0
0
0
0
0
0
0
0
0
0
0
0
0
0
0
0
0
0
0
0
0
0
0
0
0
0
0
0
0
0
0
0
0
0
0
0
0
0
0
0
0
0
0
0
0
0
0
0
0
0
0
0
0
0
0
0
0
0
0
0
0
0
0
0
0
0
0
0
0
0
0
0
0
0
0
0
0
0
0
0
0
0
0
0
0
0
0
0
0
0
0
0
0
0
0
0
0
0
0
0
0
0
0
0
0
0
0
0
0
0
0
0
0
0
0
0
0
0
0
0
0
0
0
0
0
0
0
0
0
0
0
0
0
0
0
0
0
0
0
0
0
0
0
0
0
0
0
0
0
0
0
0
0
0
0
0
0
0
0
0
0
0
0
0
0
0
0
0
0
0
0
0
0
0
0
0
0
0
0
0
0
0
0
0
0
0
0
0
0
0
0
0
0
0
0
0
0
0
0
0
0
0
0
-0.658385
0
0
0
0
0
0
0
0
0
0
0
0
0
-0.727987
0
0
0
0
0
0
0
0
0
0
0
0
0
-0.728069
0
0
0
0
0
0
0
0
0
0
0
0
0
-0.834518
0
0
0
0
0
0
0
0
0
0
0
0
0
-1.07376
0
0
0
0
0
0
0
0
0
0
0
0
0
-1.45941
-0.739916
0
0
0
0
0
0
0
0
0
0
0
-0.832783
-1.78772
-1.07521
0
0
0
0
0
0
0
0
0
0
0
-1.33467
-2.05262
-1.35442
-0.921873
0
0
0
0
0
0
0
0
0
0
-1.62306
-2.2218
-1.58229
-1.21043
0
0
0
0
0
0
0
0
0
0
-1.81245
-2.32949
-1.78033
-1.4611
0
0
0
0
0
0
0
0
0
-0.396818
-1.88098
-2.35555
-1.91069
-1.48594
0
0
0
0
0
0
0
0
0
-0.671917
-1.92074
-2.3578
-1.99006
-1.46693
0
0
0
0
0
0
0
0
0
-0.835057
-1.91227
-2.32498
-1.94469
-1.35425
0
0
0
0
0
0
0
0
0
-0.866921
-1.80744
-2.26701
-1.78346
-1.20982
0
0
0
0
0
0
0
0
0
-0.834351
-1.61038
-2.20077
-1.48678
0
0
0
0
0
0
0
0
0
0
-0.534589
-1.30745
-1.99225
-1.08432
0
0
0
0
0
0
0
0
0
0
0
-1.01766
-1.71503
0
0
0
0
0
0
0
0
0
0
0
0
-0.851593
-1.32492
0
0
0
0
0
0
0
0
0
0
0
0
-0.790256
-1.03822
0
0
0
0
0
0
0
0
0
0
0
0
-0.825159
0
0
0
0
0
0
0
0
0
0
0
0
0
0
0
0
0
0
0
0
0
0
0
0
0
0
0
0
0
0
0
0
0
0
0
0
0
0
0
0
0
0
0
0
0
0
0
0
0
0
0
0
0
0
0
0
0
0
0
0
0
0
0
0
0
0
0
0
0
0
0
0
0
0
0
0
0
0
0
0
0
0
0
0
0
0
0
0
0
0
0
0
0
0
0
0
0
0
0
0
0
0
0
0
0
0
0
0
0
0
0
0
0
0
0
0
0
0
0
0
0
0
0
0
0
0
0
0
0
0
0
0
0
0
0
0
0
0
0
0
0
0
0
0
0
0
0
0
0
0
0
0
0
0
0
0
0
0
0
0
0
0
0
0
0
0
0
0
0
0
0
0
0
0
0
0
0
0
0
0
0
0
0
0
0
0
0
0
0
0
0
0
0
0
0
0
0
0
0
0
0
0
0
0
0
0
0
0
0
0
0
0
0
0
0
0
0
0
0
0
0
0
0
0
0
0
0
0
0
0
0
0
0
0
0
0
0
0
0
0
0
0
0
0
0
0
0
0
0
0
0
0
0
0
0
0
0
0
0
0
0
0
0
0
0
0
0
0
0
0
0
0
0
0
0
0
0
0
0
0
0
0
0
0
0
0
0
0
0
0
0
0
0
0
0
0
0
0
0
0
0
0
0
0
0
0
0
0
0
0
0
0
0
0
0
0
0
0
0
0
0
0
-0.494903
0
0
0
0
0
0
0
0
0
0
0
0
0
-0.628222
0
0
0
0
0
0
0
0
0
0
0
0
0
-0.851026
0
0
0
0
0
0
0
0
0
0
0
0
0
-1.15525
0
0
0
0
0
0
0
0
0
0
0
0
-0.334608
-1.54775
-0.751153
0
0
0
0
0
0
0
0
0
0
0
-0.856481
-1.86932
-1.10384
0
0
0
0
0
0
0
0
0
0
0
-1.32202
-2.14286
-1.42195
-0.803279
0
0
0
0
0
0
0
0
0
0
-1.58583
-2.32461
-1.68359
-1.07379
0
0
0
0
0
0
0
0
0
0
-1.7487
-2.45144
-1.90755
-1.31445
0
0
0
0
0
0
0
0
0
-0.310974
-1.82038
-2.48193
-2.03391
-1.35665
0
0
0
0
0
0
0
0
0
-0.590332
-1.86726
-2.48566
-2.09275
-1.34436
0
0
0
0
0
0
0
0
0
-0.767243
-1.88109
-2.43592
-2.00554
-1.2117
0
0
0
0
0
0
0
0
0
-0.805305
-1.80514
-2.34781
-1.80581
-1.01748
0
0
0
0
0
0
0
0
0
-0.772103
-1.65969
-2.22532
-1.4543
-0.735269
0
0
0
0
0
0
0
0
0
-0.470662
-1.37555
-1.97512
-0.98534
0
0
0
0
0
0
0
0
0
0
0
-1.04753
-1.6906
0
0
0
0
0
0
0
0
0
0
0
0
-0.814559
-1.31578
0
0
0
0
0
0
0
0
0
0
0
0
-0.759822
-1.00834
0
0
0
0
0
0
0
0
0
0
0
0
-0.774578
0
0
0
0
0
0
0
0
0
0
0
0
0
-0.771542
0
0
0
0
0
0
0
0
0
0
0
0
0
0
0
0
0
0
0
0
0
0
0
0
0
0
0
0
0
0
0
0
0
0
0
0
0
0
0
0
0
0
0
0
0
0
0
0
0
0
0
0
0
0
0
0
0
0
0
0
0
0
0
0
0
0
0
0
0
0
0
0
0
0
0
0
0
0
0
0
0
0
0
0
0
0
0
0
0
0
0
0
0
0
0
0
0
0
0
0
0
0
0
0
0
0
0
0
0
0
0
0
0
0
0
0
0
0
0
0
0
0
0
0
0
0
0
0
0
0
0
0
0
0
0
0
0
0
0
0
0
0
0
0
0
0
0
0
0
0
0
0
0
0
0
0
0
0
0
0
0
0
0
0
0
0
0
0
0
0
0
0
0
0
0
0
0
0
0
0
0
0
0
0
0
0
0
0
0
0
0
0
0
0
0
0
0
0
0
0
0
0
0
0
0
0
0
0
0
0
0
0
0
0
0
0
0
0
0
0
0
0
0
0
0
0
0
0
0
0
0
0
0
0
0
0
0
0
0
0
0
0
0
0
0
0
0
0
0
0
0
0
0
0
0
0
0
0
0
0
0
0
0
0
0
0
0
0
0
0
0
0
0
0
0
0
0
0
0
0
0
0
0
0
0
0
0
0
0
0
0
0
0
0
0
0
0
0
0
0
0
0
0
0
0
0
0
0
0
0
0
0
0
0
0
0
0
0
0
0
0
0
-0.487571
0
0
0
0
0
0
0
0
0
0
0
0
0
-0.785192
0
0
0
0
0
0
0
0
0
0
0
0
0
-1.1436
-0.416093
0
0
0
0
0
0
0
0
0
0
0
-0.423586
-1.57064
-0.841127
0
0
0
0
0
0
0
0
0
0
0
-0.933085
-1.91633
-1.19156
-0.476656
0
0
0
0
0
0
0
0
0
0
-1.36093
-2.21801
-1.5266
-0.738178
0
0
0
0
0
0
0
0
0
0
-1.59633
-2.41192
-1.80212
-0.972375
0
0
0
0
0
0
0
0
0
0
-1.73189
-2.5409
-2.04061
-1.18579
0
0
0
0
0
0
0
0
0
0
-1.8084
-2.55302
-2.16539
-1.2416
0
0
0
0
0
0
0
0
0
-0.342671
-1.86581
-2.5333
-2.21548
-1.24103
0
0
0
0
0
0
0
0
0
-0.570455
-1.89626
-2.45722
-2.09521
-1.10856
0
0
0
0
0
0
0
0
0
-0.66566
-1.81879
-2.36583
-1.84493
-0.901559
0
0
0
0
0
0
0
0
0
-0.682949
-1.66425
-2.25048
-1.42346
-0.574126
0
0
0
0
0
0
0
0
0
-0.395965
-1.3606
-2.00485
-0.918511
0
0
0
0
0
0
0
0
0
0
0
-1.04671
-1.68971
0
0
0
0
0
0
0
0
0
0
0
0
-0.805806
-1.33804
0
0
0
0
0
0
0
0
0
0
0
0
-0.726978
-1.0936
0
0
0
0
0
0
0
0
0
0
0
0
-0.760013
-0.850827
0
0
0
0
0
0
0
0
0
0
0
0
-0.765191
0
0
0
0
0
0
0
0
0
0
0
0
0
0
0
0
0
0
0
0
0
0
0
0
0
0
0
0
0
0
0
0
0
0
0
0
0
0
0
0
0
0
0
0
0
0
0
0
0
0
0
0
0
0
0
0
0
0
0
0
0
0
0
0
0
0
0
0
0
0
0
0
0
0
0
0
0
0
0
0
0
0
0
0
0
0
0
0
0
0
0
0
0
0
0
0
0
0
0
0
0
0
0
0
0
0
0
0
0
0
0
0
0
0
0
0
0
0
0
0
0
0
0
0
0
0
0
0
0
0
0
0
0
0
0
0
0
0
0
0
0
0
0
0
0
0
0
0
0
0
0
0
0
0
0
0
0
0
0
0
0
0
0
0
0
0
0
0
0
0
0
0
0
0
0
0
0
0
0
0
0
0
0
0
0
0
0
0
0
0
0
0
0
0
0
0
0
0
0
0
0
0
0
0
0
0
0
0
0
0
0
0
0
0
0
0
0
0
0
0
0
0
0
0
0
0
0
0
0
0
0
0
0
0
0
0
0
0
0
0
0
0
0
0
0
0
0
0
0
0
0
0
0
0
0
0
0
0
0
0
0
0
0
0
0
0
0
0
0
0
0
0
0
0
0
0
0
0
0
0
0
0
0
0
0
0
0
0
0
0
0
0
0
0
0
0
0
0
0
0
0
0
0
0
0
0
0
0
0
0
0
0
0
0
0
0
0
0
0
0
0
0
-0.324865
0
0
0
0
0
0
0
0
0
0
0
0
0
-0.721888
-0.367021
0
0
0
0
0
0
0
0
0
0
0
0
-1.17126
-0.59987
0
0
0
0
0
0
0
0
0
0
0
-0.499362
-1.66214
-0.96339
0
0
0
0
0
0
0
0
0
0
0
-0.973991
-2.04026
-1.2852
-0.538353
0
0
0
0
0
0
0
0
0
0
-1.36217
-2.36132
-1.61014
-0.744201
0
0
0
0
0
0
0
0
0
0
-1.58231
-2.55901
-1.86097
-0.929773
0
0
0
0
0
0
0
0
0
0
-1.71675
-2.68377
-2.06834
-1.09948
0
0
0
0
0
0
0
0
0
0
-1.81441
-2.68378
-2.15275
-1.14372
0
0
0
0
0
0
0
0
0
0
-1.89875
-2.64258
-2.17586
-1.12626
0
0
0
0
0
0
0
0
0
-0.192364
-1.95176
-2.52195
-2.04769
-0.964154
0
0
0
0
0
0
0
0
0
-0.341297
-1.88754
-2.37956
-1.80657
-0.73191
0
0
0
0
0
0
0
0
0
-0.449115
-1.72963
-2.21647
-1.38318
0
0
0
0
0
0
0
0
0
0
-0.271798
-1.3993
-2.00003
-0.854903
0
0
0
0
0
0
0
0
0
0
0
-1.04505
-1.74592
0
0
0
0
0
0
0
0
0
0
0
0
-0.800587
-1.45143
0
0
0
0
0
0
0
0
0
0
0
0
-0.771381
-1.22869
0
0
0
0
0
0
0
0
0
0
0
0
-0.778869
-1.05851
0
0
0
0
0
0
0
0
0
0
0
-0.388928
-0.798284
-0.823829
0
0
0
0
0
0
0
0
0
0
0
-0.523753
-0.785145
0
0
0
0
0
0
0
0
0
0
0
0
-0.635217
0
0
0
0
0
0
0
0
0
0
0
0
0
0
0
0
0
0
0
0
0
0
0
0
0
0
0
0
0
0
0
0
0
0
0
0
0
0
0
0
0
0
0
0
0
0
0
0
0
0
0
0
0
0
0
0
0
0
0
0
0
0
0
0
0
0
0
0
0
0
0
0
0
0
0
0
0
0
0
0
0
0
0
0
0
0
0
0
0
0
0
0
0
0
0
0
0
0
0
0
0
0
0
0
0
0
0
0
0
0
0
0
0
0
0
0
0
0
0
0
0
0
0
0
0
0
0
0
0
0
0
0
0
0
0
0
0
0
0
0
0
0
0
0
0
0
0
0
0
0
0
0
0
0
0
0
0
0
0
0
0
0
0
0
0
0
0
0
0
0
0
0
0
0
0
0
0
0
0
0
0
0
0
0
0
0
0
0
0
0
0
0
0
0
0
0
0
0
0
0
0
0
0
0
0
0
0
0
0
0
0
0
0
0
0
0
0
0
0
0
0
0
0
0
0
0
0
0
0
0
0
0
0
0
0
0
0
0
0
0
0
0
0
0
0
0
0
0
0
0
0
0
0
0
0
0
0
0
0
0
0
0
0
0
0
0
0
0
0
0
0
0
0
0
0
0
0
0
0
0
0
0
0
0
0
0
0
0
0
0
0
0
0
0
0
0
-0.438253
0
0
0
0
0
0
0
0
0
0
0
0
-0.70213
-0.567843
0
0
0
0
0
0
0
0
0
0
0
0
-1.22174
-0.752448
0
0
0
0
0
0
0
0
0
0
0
-0.498566
-1.75364
-1.09074
0
0
0
0
0
0
0
0
0
0
0
-0.955259
-2.14532
-1.40279
-0.587856
0
0
0
0
0
0
0
0
0
0
-1.32335
-2.47113
-1.72106
-0.727248
0
0
0
0
0
0
0
0
0
0
-1.53896
-2.66718
-1.945
-0.85457
0
0
0
0
0
0
0
0
0
0
-1.67358
-2.79034
-2.11321
-0.974026
0
0
0
0
0
0
0
0
0
0
-1.77883
-2.79089
-2.14249
-1.01159
0
0
0
0
0
0
0
0
0
0
-1.87305
-2.74746
-2.11265
-0.996602
0
0
0
0
0
0
0
0
0
0
-1.9403
-2.60644
-1.94305
-0.834204
0
0
0
0
0
0
0
0
0
0
-1.9061
-2.4318
-1.6861
-0.599894
0
0
0
0
0
0
0
0
0
-0.0858925
-1.77828
-2.21416
-1.28498
0
0
0
0
0
0
0
0
0
0
0
-1.46334
-1.98018
-0.809524
0
0
0
0
0
0
0
0
0
0
0
-1.0919
-1.75363
0
0
0
0
0
0
0
0
0
0
0
0
-0.796202
-1.57717
0
0
0
0
0
0
0
0
0
0
0
0
-0.775118
-1.40865
0
0
0
0
0
0
0
0
0
0
0
-0.305252
-0.845136
-1.23585
0
0
0
0
0
0
0
0
0
0
0
-0.668798
-0.86701
-1.00264
0
0
0
0
0
0
0
0
0
0
0
-0.784689
-0.863383
-0.71
0
0
0
0
0
0
0
0
0
0
0
-0.82799
-0.816067
0
0
0
0
0
0
0
0
0
0
0
0
-0.627853
0
0
0
0
0
0
0
0
0
0
0
0
0
0
0
0
0
0
0
0
0
0
0
0
0
0
0
0
0
0
0
0
0
0
0
0
0
0
0
0
0
0
0
0
0
0
0
0
0
0
0
0
0
0
0
0
0
0
0
0
0
0
0
0
0
0
0
0
0
0
0
0
0
0
0
0
0
0
0
0
0
0
0
0
0
0
0
0
0
0
0
0
0
0
0
0
0
0
0
0
0
0
0
0
0
0
0
0
0
0
0
0
0
0
0
0
0
0
0
0
0
0
0
0
0
0
0
0
0
0
0
0
0
0
0
0
0
0
0
0
0
0
0
0
0
0
0
0
0
0
0
0
0
0
0
0
0
0
0
0
0
0
0
0
0
0
0
0
0
0
0
0
0
0
0
0
0
0
0
0
0
0
0
0
0
0
0
0
0
0
0
0
0
0
0
0
0
0
0
0
0
0
0
0
0
0
0
0
0
0
0
0
0
0
0
0
0
0
0
0
0
0
0
0
0
0
0
0
0
0
0
0
0
0
0
0
0
0
0
0
0
0
0
0
0
0
0
0
0
0
0
0
0
0
-0.530578
0
0
0
0
0
0
0
0
0
0
0
0
0
-0.708247
0
0
0
0
0
0
0
0
0
0
0
0
-0.435398
-0.828213
0
0
0
0
0
0
0
0
0
0
0
0
-0.914228
-0.956946
0
0
0
0
0
0
0
0
0
0
0
0
-1.40322
-1.09458
0
-0.39372
0
0
0
0
0
0
0
0
0
-0.565563
-1.88603
-1.35292
0
-0.421356
0
0
0
0
0
0
0
0
0
-0.999074
-2.24218
-1.6038
-0.468235
0
0
0
0
0
0
0
0
0
0
-1.33772
-2.52974
-1.86326
-0.584689
0
0
0
0
0
0
0
0
0
0
-1.54661
-2.71076
-2.03155
-0.709383
0
0
0
0
0
0
0
0
0
0
-1.6819
-2.8317
-2.14205
-0.83921
0
0
0
0
0
0
0
0
0
0
-1.7784
-2.84877
-2.12382
-0.88737
0
0
0
0
0
0
0
0
0
0
-1.85644
-2.82829
-2.0539
-0.880344
0
0
0
0
0
0
0
0
0
0
-1.90145
-2.70328
-1.86698
-0.716158
0
0
0
0
0
0
0
0
0
0
-1.87364
-2.53485
-1.60438
-0.504841
0
0
0
0
0
0
0
0
0
0
-1.79887
-2.29956
-1.22569
0
0
0
0
0
0
0
0
0
0
0
-1.59008
-2.06812
-0.803424
0
0
0
0
0
0
0
0
0
0
0
-1.3193
-1.83371
0
0
0
0
0
0
0
0
0
0
0
0
-1.04059
-1.67783
0
0
0
0
0
0
0
0
0
0
0
-0.339052
-0.928002
-1.56296
0
0
0
0
0
0
0
0
0
0
0
-0.539185
-0.925769
-1.38985
0
0
0
0
0
0
0
0
0
0
-0.310981
-0.830173
-0.976363
-1.13603
0
0
0
0
0
0
0
0
0
0
-0.352475
-0.977434
-0.928857
-0.87561
0
0
0
0
0
0
0
0
0
0
0
-0.962875
-0.908792
0
0
0
0
0
0
0
0
0
0
0
0
-0.724055
-0.739719
0
0
0
0
0
0
0
0
0
0
0
0
0
0
0
0
0
0
0
0
0
0
0
0
0
0
0
0
0
0
0
0
0
0
0
0
0
0
0
0
0
0
0
0
0
0
0
0
0
0
0
0
0
0
0
0
0
0
0
0
0
0
0
0
0
0
0
0
0
0
0
0
0
0
0
0
0
0
0
0
0
0
0
0
0
0
0
0
0
0
0
0
0
0
0
0
0
0
0
0
0
0
0
0
0
0
0
0
0
0
0
0
0
0
0
0
0
0
0
0
0
0
0
0
0
0
0
0
0
0
0
0
0
0
0
0
0
0
0
0
0
0
0
0
0
0
0
0
0
0
0
0
0
0
0
0
0
0
0
0
0
0
0
0
0
0
0
0
0
0
0
0
0
0
0
0
0
0
0
0
0
0
0
0
0
0
0
0
0
0
0
0
0
0
0
0
0
0
0
0
0
0
0
0
0
0
0
0
0
0
0
0
0
0
0
0
0
0
0
0
0
0
0
0
0
0
0
0
0
0
0
0
0
0
0
0
0
0
0
-0.488369
0
0
0
0
0
0
0
0
0
0
0
0
0
-0.762358
0
0
0
0
0
0
0
0
0
0
0
0
0
-0.961701
0
0
0
0
0
0
0
0
0
0
0
0
-0.646433
-1.11749
0
0
0
0
0
0
0
0
0
0
0
0
-1.07125
-1.25128
0
0
0
0
0
0
0
0
0
0
0
-0.090037
-1.51602
-1.35932
0
-0.427703
0
0
0
0
0
0
0
0
0
-0.676208
-1.96158
-1.55805
-0.288975
-0.439517
0
0
0
0
0
0
0
0
0
-1.09085
-2.30071
-1.75546
-0.369019
0
-0.485553
0
0
0
0
0
0
0
0
-1.40359
-2.56678
-1.96019
-0.467945
0
0
0
0
0
0
0
0
0
0
-1.60414
-2.73942
-2.08048
-0.59991
0
0
0
0
0
0
0
0
0
0
-1.7352
-2.8559
-2.1435
-0.753284
0
0
0
0
0
0
0
0
0
0
-1.81932
-2.87658
-2.0927
-0.815196
0
0
0
0
0
0
0
0
0
0
-1.8823
-2.85981
-1.99917
-0.809046
0
0
0
0
0
0
0
0
0
0
-1.91004
-2.73833
-1.81474
-0.618184
0
0
0
0
0
0
0
0
0
0
-1.87743
-2.58397
-1.56829
-0.397193
0
0
0
0
0
0
0
0
0
0
-1.81454
-2.36246
-1.22629
0
0
0
0
0
0
0
0
0
0
0
-1.66179
-2.15908
-0.833362
0
0
0
0
0
0
0
0
0
0
-0.140747
-1.48816
-1.93549
-0.341547
0
0
0
0
0
0
0
0
0
0
-0.325749
-1.25425
-1.77457
0
0
0
0
0
0
0
0
0
0
0
-0.556272
-1.08962
-1.65296
0
0
0
0
0
0
0
0
0
0
0
-0.738964
-0.9846
-1.5249
0
0
0
0
0
0
0
0
0
0
-0.361409
-0.965338
-1.03866
-1.2747
0
0
0
0
0
0
0
0
0
0
-0.409392
-1.09203
-1.01812
-1.00771
0
0
0
0
0
0
0
0
0
0
-0.391917
-1.11016
-0.977419
-0.657861
0
0
0
0
0
0
0
0
0
0
0
-0.808565
-0.804613
0
0
0
0
0
0
0
0
0
0
0
0
0
0
0
0
0
0
0
0
0
0
0
0
0
0
0
0
0
0
0
0
0
0
0
0
0
0
0
0
0
0
0
0
0
0
0
0
0
0
0
0
0
0
0
0
0
0
0
0
0
0
0
0
0
0
0
0
0
0
0
0
0
0
0
0
0
0
0
0
0
0
0
0
0
0
0
0
0
0
0
0
0
0
0
0
0
0
0
0
0
0
0
0
0
0
0
0
0
0
0
0
0
0
0
0
0
0
0
0
0
0
0
0
0
0
0
0
0
0
0
0
0
0
0
0
0
0
0
0
0
0
0
0
0
0
0
0
0
0
0
0
0
0
0
0
0
0
0
0
0
0
0
0
0
0
0
0
0
0
0
0
0
0
0
0
0
0
0
0
0
0
0
0
0
0
0
0
0
0
0
0
0
0
0
0
0
0
0
0
0
0
0
0
0
0
0
0
0
0
0
0
0
0
0
0
0
0
0
0
0
0
0
0
0
0
0
0
0
0
0
0
0
0
0
0
0
0
0
-0.598549
0
0
0
0
0
0
0
0
0
0
0
0
0
-0.897116
0
0
0
0
0
0
0
0
0
0
0
0
-0.531244
-1.1343
0
0
0
0
0
0
0
0
0
0
0
0
-0.922338
-1.33073
0
0
0
0
0
0
0
0
0
0
0
0
-1.28815
-1.47396
-0.382515
0
0
0
0
0
0
0
0
0
0
-0.289748
-1.68115
-1.56494
-0.349997
0
0
0
0
0
0
0
0
0
0
-0.861354
-2.07242
-1.70903
-0.314612
0
0
0
0
0
0
0
0
0
0
-1.2776
-2.38048
-1.85387
-0.293437
0
-0.388882
0
0
0
0
0
0
0
0
-1.5734
-2.61607
-1.99825
-0.397753
0
0
0
0
0
0
0
0
0
0
-1.75695
-2.78005
-2.0772
-0.5773
0
0
0
0
0
0
0
0
0
0
-1.86047
-2.898
-2.10712
-0.799305
0
0
0
0
0
0
0
0
0
0
-1.90368
-2.92857
-2.05973
-0.892734
0
0
0
0
0
0
0
0
0
0
-1.9282
-2.91585
-1.98533
-0.899192
0
0
0
0
0
0
0
0
0
0
-1.94317
-2.78914
-1.84291
-0.679933
0
0
0
0
0
0
0
0
0
0
-1.93337
-2.62882
-1.64307
-0.410381
0
0
0
0
0
0
0
0
0
0
-1.91498
-2.41774
-1.35584
0
0
0
0
0
0
0
0
0
0
-0.0852071
-1.79387
-2.24667
-0.996215
0
0
0
0
0
0
0
0
0
0
-0.359336
-1.66407
-2.04069
-0.535501
0
0
0
0
0
0
0
0
0
0
-0.558321
-1.46016
-1.86436
0
0
0
0
0
0
0
0
0
0
0
-0.732837
-1.25214
-1.70558
0
0
0
0
0
0
0
0
0
0
0
-0.888451
-1.02567
-1.56913
0
0
0
0
0
0
0
0
0
0
-0.256155
-1.05673
-1.00475
-1.38295
0
0
0
0
0
0
0
0
0
0
-0.354606
-1.13306
-1.01823
-1.10939
0
0
0
0
0
0
0
0
0
0
-0.322962
-1.19023
-0.984851
-0.820919
0
0
0
0
0
0
0
0
0
0
0
-0.893443
-0.823944
0
0
0
0
0
0
0
0
0
0
0
0
-0.529825
0
0
0
0
0
0
0
0
0
0
0
0
0
0
0
0
0
0
0
0
0
0
0
0
0
0
0
0
0
0
0
0
0
0
0
0
0
0
0
0
0
0
0
0
0
0
0
0
0
0
0
0
0
0
0
0
0
0
0
0
0
0
0
0
0
0
0
0
0
0
0
0
0
0
0
0
0
0
0
0
0
0
0
0
0
0
0
0
0
0
0
0
0
0
0
0
0
0
0
0
0
0
0
0
0
0
0
0
0
0
0
0
0
0
0
0
0
0
0
0
0
0
0
0
0
0
0
0
0
0
0
0
0
0
0
0
0
0
0
0
0
0
0
0
0
0
0
0
0
0
0
0
0
0
0
0
0
0
0
0
0
0
0
0
0
0
0
0
0
0
0
0
0
0
0
0
0
0
0
0
0
0
0
0
0
0
0
0
0
0
0
0
0
0
0
0
0
0
0
0
0
0
0
0
0
0
0
0
0
0
0
0
0
0
0
0
0
0
0
0
0
0
0
0
0
0
-0.64366
0
0
0
0
0
0
0
0
0
0
0
0
-0.406217
-0.971289
0
0
0
0
0
0
0
0
0
0
0
0
-0.730268
-1.22218
0
0
0
0
0
0
0
0
0
0
0
0
-1.10348
-1.43188
-0.356955
0
0
0
0
0
0
0
0
0
0
0
-1.44837
-1.56817
-0.484312
0
0
0
0
0
0
0
0
0
0
-0.513301
-1.80807
-1.64772
-0.439706
0
0
0
0
0
0
0
0
0
0
-1.10231
-2.1561
-1.76788
-0.346953
0
0
0
0
0
0
0
0
0
0
-1.53706
-2.43668
-1.89277
0
0
0
0
0
0
0
0
0
0
0
-1.82645
-2.65369
-2.00723
-0.368062
0
0
0
0
0
0
0
0
0
0
-1.99792
-2.81707
-2.06448
-0.588745
0
0
0
0
0
0
0
0
0
0
-2.07763
-2.9434
-2.07422
-0.862204
0
0
0
0
0
0
0
0
0
0
-2.08239
-2.98751
-2.03137
-0.974462
0
0
0
0
0
0
0
0
0
0
-2.06083
-2.98373
-1.97186
-0.989475
0
0
0
0
0
0
0
0
0
0
-2.03935
-2.85636
-1.86312
-0.755469
0
0
0
0
0
0
0
0
0
0
-2.0207
-2.68427
-1.71004
-0.45244
0
0
0
0
0
0
0
0
0
0
-2.02497
-2.46047
-1.47883
0
0
0
0
0
0
0
0
0
0
-0.29157
-1.92075
-2.29476
-1.15593
0
0
0
0
0
0
0
0
0
0
-0.549717
-1.78822
-2.11718
-0.723542
0
0
0
0
0
0
0
0
0
0
-0.74196
-1.57104
-1.94836
0
0
0
0
0
0
0
0
0
0
0
-0.842881
-1.35484
-1.77687
0
0
0
0
0
0
0
0
0
0
0
-0.96923
-1.05554
-1.61278
0
0
0
0
0
0
0
0
0
0
0
-1.11674
-0.971907
-1.46296
0
0
0
0
0
0
0
0
0
0
0
-1.16009
-0.975959
-1.2119
0
0
0
0
0
0
0
0
0
0
0
-1.20308
-0.997155
-0.921062
0
0
0
0
0
0
0
0
0
0
0
-0.958593
-0.822307
-0.635429
0
0
0
0
0
0
0
0
0
0
0
-0.57145
-0.646061
0
0
0
0
0
0
0
0
0
0
0
0
0
0
0
0
0
0
0
0
0
0
0
0
0
0
0
0
0
0
0
0
0
0
0
0
0
0
0
0
0
0
0
0
0
0
0
0
0
0
0
0
0
0
0
0
0
0
0
0
0
0
0
0
0
0
0
0
0
0
0
0
0
0
0
0
0
0
0
0
0
0
0
0
0
0
0
0
0
0
0
0
0
0
0
0
0
0
0
0
0
0
0
0
0
0
0
0
0
0
0
0
0
0
0
0
0
0
0
0
0
0
0
0
0
0
0
0
0
0
0
0
0
0
0
0
0
0
0
0
0
0
0
0
0
0
0
0
0
0
0
0
0
0
0
0
0
0
0
0
0
0
0
0
0
0
0
0
0
0
0
0
0
0
0
0
0
0
0
0
0
0
0
0
0
0
0
0
0
0
0
0
0
0
0
0
0
0
0
0
0
0
0
0
0
0
0
0
0
0
0
0
0
0
0
0
0
0
0
0
0
0
0
0
0
-0.605405
0
0
0
0
0
0
0
0
0
0
0
0
-0.529577
-0.943003
0
0
0
0
0
0
0
0
0
0
0
0
-0.88367
-1.18624
0
0
0
0
0
0
0
0
0
0
0
0
-1.25786
-1.39472
-0.357204
0
0
0
0
0
0
0
0
0
0
-0.0612729
-1.58013
-1.53114
-0.495499
0
0
0
0
0
0
0
0
0
0
-0.777797
-1.89194
-1.63346
-0.473357
0
0
0
0
0
0
0
0
0
0
-1.3845
-2.1916
-1.76855
-0.377208
0
0
0
0
0
0
0
0
0
0
-1.83036
-2.44677
-1.90281
-0.274787
0
0
0
0
0
0
0
0
0
0
-2.10977
-2.66256
-2.01214
-0.407925
0
0
0
0
0
0
0
0
0
0
-2.27001
-2.83923
-2.06832
-0.650877
0
0
0
0
0
0
0
0
0
0
-2.33319
-2.98402
-2.07925
-0.944668
0
0
0
0
0
0
0
0
0
0
-2.31533
-3.04335
-2.05183
-1.0564
0
0
0
0
0
0
0
0
0
0
-2.26316
-3.04895
-2.00842
-1.07184
0
0
0
0
0
0
0
0
0
0
-2.20742
-2.9271
-1.91505
-0.835266
0
0
0
0
0
0
0
0
0
0
-2.15796
-2.75539
-1.78594
-0.51378
0
0
0
0
0
0
0
0
0
0
-2.14638
-2.52555
-1.59545
0
0
0
0
0
0
0
0
0
0
-0.555017
-2.03878
-2.3393
-1.30985
0
0
0
0
0
0
0
0
0
0
-0.734971
-1.89557
-2.16715
-0.905656
0
0
0
0
0
0
0
0
0
0
-0.892386
-1.63202
-2.016
-0.368912
0
0
0
0
0
0
0
0
0
0
-0.930615
-1.39116
-1.85467
0
0
0
0
0
0
0
0
0
0
0
-0.995066
-1.04797
-1.67871
0
0
0
0
0
0
0
0
0
0
0
-1.1218
-0.925344
-1.51126
0
0
0
0
0
0
0
0
0
0
0
-1.14375
-0.894005
-1.28831
0
0
0
0
0
0
0
0
0
0
0
-1.15059
-0.961693
-0.968846
0
0
0
0
0
0
0
0
0
0
0
-0.951038
-0.790798
-0.697836
0
0
0
0
0
0
0
0
0
0
0
-0.569341
-0.633269
0
0
0
0
0
0
0
0
0
0
0
0
0
0
0
0
0
0
0
0
0
0
0
0
0
0
0
0
0
0
0
0
0
0
0
0
0
0
0
0
0
0
0
0
0
0
0
0
0
0
0
0
0
0
0
0
0
0
0
0
0
0
0
0
0
0
0
0
0
0
0
0
0
0
0
0
0
0
0
0
0
0
0
0
0
0
0
0
0
0
0
0
0
0
0
0
0
0
0
0
0
0
0
0
0
0
0
0
0
0
0
0
0
0
0
0
0
0
0
0
0
0
0
0
0
0
0
0
0
0
0
0
0
0
0
0
0
0
0
0
0
0
0
0
0
0
0
0
0
0
0
0
0
0
0
0
0
0
0
0
0
0
0
0
0
0
0
0
0
0
0
0
0
0
0
0
0
0
0
0
0
0
0
0
0
0
0
0
0
0
0
0
0
0
0
0
0
0
0
0
0
0
0
0
0
0
0
0
0
0
0
0
0
0
0
0
0
0
0
0
0
0
0
0
0
-0.563265
0
0
0
0
0
0
0
0
0
0
0
0
-0.603861
-0.894545
0
0
0
0
0
0
0
0
0
0
0
0
-0.97536
-1.11324
0
0
0
0
0
0
0
0
0
0
0
0
-1.33505
-1.30028
-0.32368
0
0
0
0
0
0
0
0
0
0
-0.306039
-1.63258
-1.4424
-0.459386
0
0
0
0
0
0
0
0
0
0
-1.00915
-1.91155
-1.57915
-0.454629
0
0
0
0
0
0
0
0
0
0
-1.611
-2.18542
-1.73891
-0.365646
0
0
0
0
0
0
0
0
0
0
-2.05649
-2.43132
-1.88889
-0.273102
0
0
0
0
0
0
0
0
0
0
-2.33571
-2.65948
-2.0046
-0.418314
0
0
0
0
0
0
0
0
0
0
-2.50068
-2.85658
-2.07104
-0.668074
0
0
0
0
0
0
0
0
0
0
-2.56953
-3.02159
-2.09652
-0.965251
0
0
0
0
0
0
0
0
0
0
-2.54828
-3.09286
-2.08912
-1.07173
0
0
0
0
0
0
0
0
0
0
-2.48386
-3.10026
-2.06207
-1.08889
0
0
0
0
0
0
0
0
0
0
-2.40017
-2.9774
-1.97596
-0.866169
0
0
0
0
0
0
0
0
0
0
-2.31452
-2.80892
-1.85324
-0.55865
0
0
0
0
0
0
0
0
0
0
-2.259
-2.58696
-1.68323
0
0
0
0
0
0
0
0
0
0
-0.759992
-2.12073
-2.38633
-1.43387
0
0
0
0
0
0
0
0
0
0
-0.854216
-1.96617
-2.20625
-1.06993
0
0
0
0
0
0
0
0
0
0
-0.947569
-1.67595
-2.06873
-0.57758
0
0
0
0
0
0
0
0
0
0
-0.952326
-1.41678
-1.9305
0
0
0
0
0
0
0
0
0
0
0
-0.973475
-1.08365
-1.75536
0
0
0
0
0
0
0
0
0
0
0
-1.08032
-0.939579
-1.55773
0
0
0
0
0
0
0
0
0
0
0
-1.09698
-0.852766
-1.34497
0
0
0
0
0
0
0
0
0
0
0
-1.06514
-0.893659
-1.00586
0
0
0
0
0
0
0
0
0
0
0
-0.878678
-0.726212
-0.731085
0
0
0
0
0
0
0
0
0
0
0
-0.532732
-0.541929
0
0
0
0
0
0
0
0
0
0
0
0
0
0
0
0
0
0
0
0
0
0
0
0
0
0
0
0
0
0
0
0
0
0
0
0
0
0
0
0
0
0
0
0
0
0
0
0
0
0
0
0
0
0
0
0
0
0
0
0
0
0
0
0
0
0
0
0
0
0
0
0
0
0
0
0
0
0
0
0
0
0
0
0
0
0
0
0
0
0
0
0
0
0
0
0
0
0
0
0
0
0
0
0
0
0
0
0
0
0
0
0
0
0
0
0
0
0
0
0
0
0
0
0
0
0
0
0
0
0
0
0
0
0
0
0
0
0
0
0
0
0
0
0
0
0
0
0
0
0
0
0
0
0
0
0
0
0
0
0
0
0
0
0
0
0
0
0
0
0
0
0
0
0
0
0
0
0
0
0
0
0
0
0
0
0
0
0
0
0
0
0
0
0
0
0
0
0
0
0
0
0
0
0
0
0
0
0
0
0
0
0
0
0
0
0
0
0
0
0
0
0
0
0
0
-0.51177
0
0
0
0
0
0
0
0
0
0
0
0
-0.661946
-0.825633
0
0
0
0
0
0
0
0
0
0
0
0
-1.03912
-1.01042
0
0
0
0
0
0
0
0
0
0
0
0
-1.36662
-1.16899
0
0
0
0
0
0
0
0
0
0
0
-0.534673
-1.63584
-1.32195
-0.380999
0
0
0
0
0
0
0
0
0
0
-1.19196
-1.88953
-1.49832
-0.395316
0
0
0
0
0
0
0
0
0
0
-1.77162
-2.14501
-1.68584
-0.327743
0
0
0
0
0
0
0
0
0
0
-2.21214
-2.38384
-1.85431
-0.263715
0
0
0
0
0
0
0
0
0
0
-2.50064
-2.6314
-1.98421
-0.419056
0
0
0
0
0
0
0
0
0
0
-2.68314
-2.85581
-2.06942
-0.666562
0
0
0
0
0
0
0
0
0
0
-2.77263
-3.04736
-2.11908
-0.955664
0
0
0
0
0
0
0
0
0
0
-2.75776
-3.13509
-2.13526
-1.05056
0
0
0
0
0
0
0
0
0
0
-2.68822
-3.1457
-2.12677
-1.06519
0
0
0
0
0
0
0
0
0
0
-2.57997
-3.01951
-2.04774
-0.862913
0
0
0
0
0
0
0
0
0
0
-2.46484
-2.8516
-1.92587
-0.589163
0
0
0
0
0
0
0
0
0
0
-2.36541
-2.64358
-1.76136
0
0
0
0
0
0
0
0
0
0
-0.900928
-2.18636
-2.43953
-1.53606
0
0
0
0
0
0
0
0
0
0
-0.926498
-2.01273
-2.25099
-1.21415
0
0
0
0
0
0
0
0
0
0
-0.946924
-1.71387
-2.11342
-0.775918
0
0
0
0
0
0
0
0
0
0
-0.927695
-1.448
-2.00044
-0.437928
0
0
0
0
0
0
0
0
0
0
-0.930069
-1.14674
-1.83375
0
0
0
0
0
0
0
0
0
0
0
-1.00783
-0.99499
-1.60962
0
0
0
0
0
0
0
0
0
0
0
-1.01947
-0.845977
-1.38445
0
0
0
0
0
0
0
0
0
0
0
-0.943337
-0.800556
-1.03318
0
0
0
0
0
0
0
0
0
0
0
-0.753614
-0.620251
-0.747198
0
0
0
0
0
0
0
0
0
0
0
-0.458221
0
0
0
0
0
0
0
0
0
0
0
0
0
0
0
0
0
0
0
0
0
0
0
0
0
0
0
0
0
0
0
0
0
0
0
0
0
0
0
0
0
0
0
0
0
0
0
0
0
0
0
0
0
0
0
0
0
0
0
0
0
0
0
0
0
0
0
0
0
0
0
0
0
0
0
0
0
0
0
0
0
0
0
0
0
0
0
0
0
0
0
0
0
0
0
0
0
0
0
0
0
0
0
0
0
0
0
0
0
0
0
0
0
0
0
0
0
0
0
0
0
0
0
0
0
0
0
0
0
0
0
0
0
0
0
0
0
0
0
0
0
0
0
0
0
0
0
0
0
0
0
0
0
0
0
0
0
0
0
0
0
0
0
0
0
0
0
0
0
0
0
0
0
0
0
0
0
0
0
0
0
0
0
0
0
0
0
0
0
0
0
0
0
0
0
0
0
0
0
0
0
0
0
0
0
0
0
0
0
0
0
0
0
0
0
0
0
0
0
0
0
0
0
0
0
-0.154818
-0.457517
0
0
0
0
0
0
0
0
0
0
0
0
-0.635174
-0.759555
0
0
0
0
0
0
0
0
0
0
0
0
-1.00104
-0.922987
0
0
0
0
0
0
0
0
0
0
0
0
-1.29972
-1.06395
0
0
0
0
0
0
0
0
0
0
0
-0.693343
-1.55914
-1.22677
-0.314815
0
0
0
0
0
0
0
0
0
0
-1.27223
-1.81724
-1.43043
-0.328856
0
0
0
0
0
0
0
0
0
0
-1.82586
-2.07783
-1.62732
-0.277494
0
0
0
0
0
0
0
0
0
0
-2.26597
-2.32222
-1.79942
-0.236781
0
0
0
0
0
0
0
0
0
0
-2.5868
-2.58554
-1.93206
-0.388507
0
0
0
0
0
0
0
0
0
0
-2.80091
-2.83156
-2.03225
-0.62394
0
0
0
0
0
0
0
0
0
0
-2.91914
-3.04351
-2.10695
-0.898832
0
0
0
0
0
0
0
0
0
0
-2.9152
-3.1455
-2.14708
-0.987041
0
0
0
0
0
0
0
0
0
0
-2.84693
-3.15916
-2.1575
-1.00452
0
0
0
0
0
0
0
0
0
0
-2.7283
-3.02951
-2.08662
-0.835701
0
0
0
0
0
0
0
0
0
0
-2.59819
-2.86151
-1.96976
-0.616178
0
0
0
0
0
0
0
0
0
0
-2.47084
-2.66909
-1.81356
-0.29918
0
0
0
0
0
0
0
0
0
-0.963645
-2.26069
-2.47916
-1.61133
0
0
0
0
0
0
0
0
0
0
-0.940646
-2.07328
-2.2973
-1.33652
0
0
0
0
0
0
0
0
0
0
-0.898262
-1.79793
-2.15174
-0.959359
0
0
0
0
0
0
0
0
0
0
-0.859893
-1.55866
-2.04048
-0.665355
0
0
0
0
0
0
0
0
0
0
-0.864162
-1.31639
-1.86154
-0.410475
0
0
0
0
0
0
0
0
0
0
-0.935609
-1.1498
-1.62751
0
0
0
0
0
0
0
0
0
0
0
-0.961762
-0.933745
-1.3971
0
0
0
0
0
0
0
0
0
0
0
-0.869815
-0.773049
-1.06542
0
0
0
0
0
0
0
0
0
0
0
-0.683368
-0.553757
-0.778186
0
0
0
0
0
0
0
0
0
0
0
-0.439646
0
0
0
0
0
0
0
0
0
0
0
0
0
0
0
0
0
0
0
0
0
0
0
0
0
0
0
0
0
0
0
0
0
0
0
0
0
0
0
0
0
0
0
0
0
0
0
0
0
0
0
0
0
0
0
0
0
0
0
0
0
0
0
0
0
0
0
0
0
0
0
0
0
0
0
0
0
0
0
0
0
0
0
0
0
0
0
0
0
0
0
0
0
0
0
0
0
0
0
0
0
0
0
0
0
0
0
0
0
0
0
0
0
0
0
0
0
0
0
0
0
0
0
0
0
0
0
0
0
0
0
0
0
0
0
0
0
0
0
0
0
0
0
0
0
0
0
0
0
0
0
0
0
0
0
0
0
0
0
0
0
0
0
0
0
0
0
0
0
0
0
0
0
0
0
0
0
0
0
0
0
0
0
0
0
0
0
0
0
0
0
0
0
0
0
0
0
0
0
0
0
0
0
0
0
0
0
0
0
0
0
0
0
0
0
0
0
0
0
0
0
0
0
0
0
-0.147604
-0.400567
0
0
0
0
0
0
0
0
0
0
0
0
-0.590436
-0.695631
0
0
0
0
0
0
0
0
0
0
0
0
-0.932951
-0.847057
0
0
0
0
0
0
0
0
0
0
0
-0.330465
-1.1959
-0.973505
0
0
0
0
0
0
0
0
0
0
0
-0.802651
-1.44455
-1.14304
-0.25504
0
0
0
0
0
0
0
0
0
0
-1.2869
-1.70891
-1.36869
-0.265665
0
0
0
0
0
0
0
0
0
0
-1.80437
-1.97488
-1.56755
-0.231871
0
0
0
0
0
0
0
0
0
0
-2.2405
-2.22399
-1.73767
-0.214132
0
0
0
0
0
0
0
0
0
0
-2.60373
-2.50059
-1.86882
-0.357794
0
0
0
0
0
0
0
0
0
0
-2.85654
-2.76852
-1.98406
-0.57736
0
0
0
0
0
0
0
0
0
0
-3.00877
-3.00282
-2.0859
-0.835025
0
0
0
0
0
0
0
0
0
0
-3.01987
-3.12378
-2.15114
-0.917734
0
0
0
0
0
0
0
0
0
0
-2.95713
-3.14714
-2.18095
-0.939575
0
0
0
0
0
0
0
0
0
0
-2.83491
-3.02186
-2.11952
-0.808071
0
0
0
0
0
0
0
0
0
0
-2.69742
-2.86075
-2.01077
-0.644726
0
0
0
0
0
0
0
0
0
0
-2.55553
-2.68745
-1.86514
-0.417197
0
0
0
0
0
0
0
0
0
-0.967905
-2.32942
-2.51739
-1.68227
0
0
0
0
0
0
0
0
0
0
-0.908616
-2.1366
-2.3491
-1.44558
0
0
0
0
0
0
0
0
0
0
-0.820661
-1.89103
-2.19485
-1.11883
0
0
0
0
0
0
0
0
0
0
-0.774894
-1.68389
-2.07337
-0.858758
0
0
0
0
0
0
0
0
0
0
-0.793747
-1.4901
-1.87449
-0.625538
0
0
0
0
0
0
0
0
0
0
-0.87127
-1.30978
-1.63727
-0.371412
0
0
0
0
0
0
0
0
0
0
-0.911132
-1.04045
-1.4058
0
0
0
0
0
0
0
0
0
0
0
-0.811671
-0.772041
-1.09749
0
0
0
0
0
0
0
0
0
0
0
-0.636128
-0.498138
-0.818592
0
0
0
0
0
0
0
0
0
0
0
-0.438541
0
-0.575253
0
0
0
0
0
0
0
0
0
0
0
0
0
0
0
0
0
0
0
0
0
0
0
0
0
0
0
0
0
0
0
0
0
0
0
0
0
0
0
0
0
0
0
0
0
0
0
0
0
0
0
0
0
0
0
0
0
0
0
0
0
0
0
0
0
0
0
0
0
0
0
0
0
0
0
0
0
0
0
0
0
0
0
0
0
0
0
0
0
0
0
0
0
0
0
0
0
0
0
0
0
0
0
0
0
0
0
0
0
0
0
0
0
0
0
0
0
0
0
0
0
0
0
0
0
0
0
0
0
0
0
0
0
0
0
0
0
0
0
0
0
0
0
0
0
0
0
0
0
0
0
0
0
0
0
0
0
0
0
0
0
0
0
0
0
0
0
0
0
0
0
0
0
0
0
0
0
0
0
0
0
0
0
0
0
0
0
0
0
0
0
0
0
0
0
0
0
0
0
0
0
0
0
0
0
0
0
0
0
0
0
0
0
0
0
0
0
0
0
0
0
0
0
0
0
0
0
0
0
0
0
0
0
0
0
0
0
-0.482618
-0.549923
0
0
0
0
0
0
0
0
0
0
0
-0.140302
-0.818915
-0.702925
0
0
0
0
0
0
0
0
0
0
0
-0.551637
-1.09389
-0.881537
0
0
0
0
0
0
0
0
0
0
0
-0.967174
-1.35407
-1.09251
0
0
0
0
0
0
0
0
0
0
0
-1.35689
-1.63018
-1.34952
-0.235491
0
0
0
0
0
0
0
0
0
0
-1.82325
-1.90599
-1.53753
-0.252806
0
0
0
0
0
0
0
0
0
0
-2.23926
-2.16286
-1.68911
-0.278484
0
0
0
0
0
0
0
0
0
0
-2.61865
-2.44899
-1.79323
-0.388598
0
0
0
0
0
0
0
0
0
0
-2.87993
-2.72338
-1.8978
-0.567943
0
0
0
0
0
0
0
0
0
0
-3.03552
-2.96135
-2.00088
-0.788573
0
0
0
0
0
0
0
0
0
0
-3.05642
-3.08133
-2.07048
-0.87652
0
0
0
0
0
0
0
0
0
0
-3.00599
-3.10449
-2.10523
-0.914699
-0.31335
0
0
0
0
0
0
0
0
0
-2.90627
-2.98554
-2.05123
-0.827816
0
0
0
0
0
0
0
0
0
0
-2.78095
-2.83874
-1.96244
-0.702879
0
0
0
0
0
0
0
0
0
-0.96796
-2.644
-2.69154
-1.85211
-0.515521
0
0
0
0
0
0
0
0
0
-1.01714
-2.42204
-2.55151
-1.71177
-0.336291
0
0
0
0
0
0
0
0
0
-0.929128
-2.23902
-2.4086
-1.53143
0
0
0
0
0
0
0
0
0
0
-0.807307
-2.02351
-2.25813
-1.26282
0
0
0
0
0
0
0
0
0
0
-0.75362
-1.83606
-2.11704
-1.02349
0
0
0
0
0
0
0
0
0
0
-0.780256
-1.66116
-1.88186
-0.789956
0
0
0
0
0
0
0
0
0
0
-0.888164
-1.47169
-1.63838
-0.533247
0
0
0
0
0
0
0
0
0
0
-0.956638
-1.19596
-1.40752
0
0
0
0
0
0
0
0
0
0
0
-0.878779
-0.931363
-1.12208
0
0
0
0
0
0
0
0
0
0
0
-0.700988
-0.668131
-0.844546
0
0
0
0
0
0
0
0
0
0
0
-0.498481
0
-0.604297
0
0
0
0
0
0
0
0
0
0
0
0
0
0
0
0
0
0
0
0
0
0
0
0
0
0
0
0
0
0
0
0
0
0
0
0
0
0
0
0
0
0
0
0
0
0
0
0
0
0
0
0
0
0
0
0
0
0
0
0
0
0
0
0
0
0
0
0
0
0
0
0
0
0
0
0
0
0
0
0
0
0
0
0
0
0
0
0
0
0
0
0
0
0
0
0
0
0
0
0
0
0
0
0
0
0
0
0
0
0
0
0
0
0
0
0
0
0
0
0
0
0
0
0
0
0
0
0
0
0
0
0
0
0
0
0
0
0
0
0
0
0
0
0
0
0
0
0
0
0
0
0
0
0
0
0
0
0
0
0
0
0
0
0
0
0
0
0
0
0
0
0
0
0
0
0
0
0
0
0
0
0
0
0
0
0
0
0
0
0
0
0
0
0
0
0
0
0
0
0
0
0
0
0
0
0
0
0
0
0
0
0
0
0
0
0
0
0
0
0
0
0
0
0
0
0
0
0
0
0
0
0
0
0
0
0
0
-0.409951
-0.395153
0
0
0
0
0
0
0
0
0
0
0
-0.357544
-0.734629
-0.555295
0
0
0
0
0
0
0
0
0
0
0
-0.749045
-1.02357
-0.80274
0
0
0
0
0
0
0
0
0
0
0
-1.12111
-1.28708
-1.05811
0
0
0
0
0
0
0
0
0
0
0
-1.43148
-1.55889
-1.34402
-0.223758
0
0
0
0
0
0
0
0
0
0
-1.83433
-1.8293
-1.51821
-0.293938
0
0
0
0
0
0
0
0
0
0
-2.2123
-2.08295
-1.6478
-0.35808
0
0
0
0
0
0
0
0
0
0
-2.58598
-2.3725
-1.71902
-0.43635
0
0
0
0
0
0
0
0
0
0
-2.84107
-2.64784
-1.80627
-0.577237
0
0
0
0
0
0
0
0
0
0
-2.99131
-2.88579
-1.90481
-0.761183
-0.317494
0
0
0
0
0
0
0
0
0
-3.02229
-3.00327
-1.97602
-0.857967
-0.470354
0
0
0
0
0
0
0
0
0
-2.98801
-3.02939
-2.01513
-0.914798
-0.5353
0
0
0
0
0
0
0
0
0
-2.91544
-2.92603
-1.97242
-0.867731
-0.353948
0
0
0
0
0
0
0
0
0
-2.80688
-2.80489
-1.91057
-0.76973
0
0
0
0
0
0
0
0
0
-1.00207
-2.68266
-2.6921
-1.84395
-0.604875
0
0
0
0
0
0
0
0
0
-1.025
-2.47915
-2.58385
-1.74916
-0.454698
0
0
0
0
0
0
0
0
0
-0.921347
-2.31814
-2.46807
-1.61797
-0.328209
0
0
0
0
0
0
0
0
0
-0.787962
-2.13104
-2.32658
-1.39654
-0.299873
0
0
0
0
0
0
0
0
0
-0.745867
-1.96172
-2.16654
-1.17439
0
0
0
0
0
0
0
0
0
0
-0.78871
-1.80076
-1.89677
-0.945291
0
0
0
0
0
0
0
0
0
0
-0.931418
-1.60322
-1.64948
-0.689806
0
0
0
0
0
0
0
0
0
0
-1.01688
-1.33154
-1.42334
0
0
0
0
0
0
0
0
0
0
0
-0.950262
-1.09146
-1.15172
0
0
0
0
0
0
0
0
0
0
0
-0.768797
-0.842511
-0.877275
0
0
0
0
0
0
0
0
0
0
0
-0.548429
-0.476216
-0.635455
0
0
0
0
0
0
0
0
0
0
0
0
0
0
0
0
0
0
0
0
0
0
0
0
0
0
0
0
0
0
0
0
0
0
0
0
0
0
0
0
0
0
0
0
0
0
0
0
0
0
0
0
0
0
0
0
0
0
0
0
0
0
0
0
0
0
0
0
0
0
0
0
0
0
0
0
0
0
0
0
0
0
0
0
0
0
0
0
0
0
0
0
0
0
0
0
0
0
0
0
0
0
0
0
0
0
0
0
0
0
0
0
0
0
0
0
0
0
0
0
0
0
0
0
0
0
0
0
0
0
0
0
0
0
0
0
0
0
0
0
0
0
0
0
0
0
0
0
0
0
0
0
0
0
0
0
0
0
0
0
0
0
0
0
0
0
0
0
0
0
0
0
0
0
0
0
0
0
0
0
0
0
0
0
0
0
0
0
0
0
0
0
0
0
0
0
0
0
0
0
0
0
0
0
0
0
0
0
0
0
0
0
0
0
0
0
0
0
0
0
0
0
0
-0.191644
0
0
0
0
0
0
0
0
0
0
0
0
-0.248757
-0.554045
-0.28856
0
0
0
0
0
0
0
0
0
0
0
-0.664964
-0.862634
-0.455276
0
0
0
0
0
0
0
0
0
0
0
-1.04629
-1.16347
-0.788988
0
0
0
0
0
0
0
0
0
0
0
-1.39802
-1.40713
-1.0831
0
0
0
0
0
0
0
0
0
0
0
-1.6702
-1.62877
-1.38327
-0.256704
0
0
0
0
0
0
0
0
0
0
-1.99276
-1.84553
-1.54073
-0.378185
0
0
0
0
0
0
0
0
0
0
-2.29406
-2.05699
-1.64745
-0.46977
-0.356038
0
0
0
0
0
0
0
0
0
-2.58474
-2.32502
-1.68363
-0.519103
-0.360869
0
0
0
0
0
0
0
0
0
-2.77507
-2.57606
-1.73461
-0.632222
-0.433205
0
0
0
0
0
0
0
0
0
-2.87279
-2.79261
-1.79791
-0.793419
-0.562046
0
0
0
0
0
0
0
0
0
-2.89325
-2.89114
-1.84845
-0.910107
-0.674306
0
0
0
0
0
0
0
0
0
-2.86455
-2.9142
-1.87994
-0.987527
-0.702642
0
0
0
0
0
0
0
0
0
-2.81613
-2.83479
-1.85869
-0.956341
-0.486178
0
0
0
0
0
0
0
0
0
-2.72489
-2.74916
-1.83865
-0.855458
0
0
0
0
0
0
0
0
0
-0.994344
-2.61998
-2.67708
-1.83211
-0.67425
0
0
0
0
0
0
0
0
0
-1.00284
-2.45139
-2.59663
-1.79121
-0.548672
0
0
0
0
0
0
0
0
0
-0.902441
-2.32306
-2.50877
-1.71129
-0.467358
0
0
0
0
0
0
0
0
0
-0.794633
-2.15914
-2.38768
-1.5446
-0.503211
0
0
0
0
0
0
0
0
0
-0.795559
-2.00446
-2.22374
-1.34675
-0.511722
0
0
0
0
0
0
0
0
0
-0.87282
-1.85051
-1.94777
-1.13493
-0.459884
0
0
0
0
0
0
0
0
0
-1.04376
-1.66734
-1.70736
-0.892538
0
0
0
0
0
0
0
0
0
0
-1.11947
-1.44387
-1.49005
-0.556921
0
0
0
0
0
0
0
0
0
0
-1.03416
-1.29289
-1.21103
0
0
0
0
0
0
0
0
0
0
0
-0.827692
-1.08369
-0.922247
0
0
0
0
0
0
0
0
0
0
0
-0.547242
-0.778838
-0.641771
0
0
0
0
0
0
0
0
0
0
0
0
0
0
0
0
0
0
0
0
0
0
0
0
0
0
0
0
0
0
0
0
0
0
0
0
0
0
0
0
0
0
0
0
0
0
0
0
0
0
0
0
0
0
0
0
0
0
0
0
0
0
0
0
0
0
0
0
0
0
0
0
0
0
0
0
0
0
0
0
0
0
0
0
0
0
0
0
0
0
0
0
0
0
0
0
0
0
0
0
0
0
0
0
0
0
0
0
0
0
0
0
0
0
0
0
0
0
0
0
0
0
0
0
0
0
0
0
0
0
0
0
0
0
0
0
0
0
0
0
0
0
0
0
0
0
0
0
0
0
0
0
0
0
0
0
0
0
0
0
0
0
0
0
0
0
0
0
0
0
0
0
0
0
0
0
0
0
0
0
0
0
0
0
0
0
0
0
0
0
0
0
0
0
0
0
0
0
0
0
0
0
0
0
0
0
0
0
0
0
0
0
0
0
0
0
0
0
0
0
0
0
-0.0493257
-0.476251
0
0
0
0
0
0
0
0
0
0
0
0
-0.516242
-0.785577
-0.263766
0
0
0
0
0
0
0
0
0
0
0
-0.91784
-1.05392
-0.432218
0
0
0
0
0
0
0
0
0
0
0
-1.2735
-1.33659
-0.815089
0
0
0
0
0
0
0
0
0
0
0
-1.60091
-1.54826
-1.12064
0
0
0
0
0
0
0
0
0
0
0
-1.8519
-1.715
-1.41715
-0.296691
0
0
0
0
0
0
0
0
0
0
-2.11242
-1.86824
-1.55926
-0.448418
0
0
0
0
0
0
0
0
0
0
-2.34457
-2.02511
-1.64914
-0.550954
-0.382313
0
0
0
0
0
0
0
0
0
-2.54772
-2.25671
-1.66035
-0.583875
-0.436808
0
0
0
0
0
0
0
0
0
-2.66439
-2.47488
-1.67948
-0.68769
-0.543012
0
0
0
0
0
0
0
0
0
-2.69782
-2.66613
-1.70562
-0.846626
-0.687749
0
0
0
0
0
0
0
0
0
-2.6985
-2.74743
-1.73081
-0.9813
-0.774843
0
0
0
0
0
0
0
0
0
-2.66863
-2.7721
-1.75161
-1.07027
-0.779686
0
0
0
0
0
0
0
0
0
-2.64083
-2.72365
-1.75475
-1.03339
-0.545415
0
0
0
0
0
0
0
0
0
-2.56835
-2.67727
-1.77889
-0.918134
0
0
0
0
0
0
0
0
0
-0.908431
-2.49232
-2.64369
-1.82847
-0.718215
0
0
0
0
0
0
0
0
0
-0.91838
-2.37271
-2.58915
-1.83196
-0.61873
0
0
0
0
0
0
0
0
0
-0.845995
-2.28404
-2.53114
-1.78785
-0.577505
0
0
0
0
0
0
0
0
0
-0.79953
-2.14804
-2.43138
-1.6659
-0.659599
0
0
0
0
0
0
0
0
0
-0.860801
-2.0197
-2.26359
-1.49729
-0.68994
0
0
0
0
0
0
0
0
0
-0.982136
-1.87777
-1.99421
-1.31773
-0.644571
0
0
0
0
0
0
0
0
0
-1.16943
-1.71353
-1.77079
-1.09069
-0.528083
0
0
0
0
0
0
0
0
0
-1.21495
-1.54407
-1.56676
-0.774937
0
0
0
0
0
0
0
0
0
0
-1.10111
-1.47085
-1.27785
-0.474458
0
0
0
0
0
0
0
0
0
0
-0.874634
-1.28218
-0.990168
0
0
0
0
0
0
0
0
0
0
0
-0.528312
-1.03424
-0.681222
0
0
0
0
0
0
0
0
0
0
0
0
-0.675414
0
0
0
0
0
0
0
0
0
0
0
0
0
0
0
0
0
0
0
0
0
0
0
0
0
0
0
0
0
0
0
0
0
0
0
0
0
0
0
0
0
0
0
0
0
0
0
0
0
0
0
0
0
0
0
0
0
0
0
0
0
0
0
0
0
0
0
0
0
0
0
0
0
0
0
0
0
0
0
0
0
0
0
0
0
0
0
0
0
0
0
0
0
0
0
0
0
0
0
0
0
0
0
0
0
0
0
0
0
0
0
0
0
0
0
0
0
0
0
0
0
0
0
0
0
0
0
0
0
0
0
0
0
0
0
0
0
0
0
0
0
0
0
0
0
0
0
0
0
0
0
0
0
0
0
0
0
0
0
0
0
0
0
0
0
0
0
0
0
0
0
0
0
0
0
0
0
0
0
0
0
0
0
0
0
0
0
0
0
0
0
0
0
0
0
0
-0.497417
0
0
0
0
0
0
0
0
0
0
0
0
-0.351148
-0.863229
0
0
0
0
0
0
0
0
0
0
0
0
-0.791411
-1.12061
-0.392113
0
0
0
0
0
0
0
0
0
0
0
-1.16338
-1.32941
-0.551202
0
0
0
0
0
0
0
0
0
0
0
-1.48576
-1.56099
-0.902016
0
0
0
0
0
0
0
0
0
0
0
-1.7792
-1.73057
-1.17597
0
0
0
0
0
0
0
0
0
0
0
-2.01385
-1.84356
-1.44124
-0.336979
0
0
0
0
0
0
0
0
0
0
-2.22255
-1.92636
-1.57035
-0.485186
0
0
0
0
0
0
0
0
0
0
-2.39137
-2.01496
-1.65388
-0.575518
0
0
0
0
0
0
0
0
0
0
-2.50121
-2.18779
-1.66068
-0.609822
-0.345587
0
0
0
0
0
0
0
0
0
-2.53047
-2.35834
-1.66168
-0.734342
-0.497116
0
0
0
0
0
0
0
0
0
-2.4763
-2.51578
-1.65593
-0.924942
-0.670363
0
0
0
0
0
0
0
0
0
-2.43273
-2.58051
-1.65311
-1.07322
-0.739391
0
0
0
0
0
0
0
0
0
-2.38054
-2.60884
-1.65975
-1.15897
-0.728312
0
0
0
0
0
0
0
0
0
-2.36047
-2.59209
-1.6849
-1.08379
-0.495263
0
0
0
0
0
0
0
0
0
-2.3064
-2.57814
-1.7438
-0.939411
0
0
0
0
0
0
0
0
0
-0.740243
-2.26695
-2.57262
-1.82844
-0.719795
0
0
0
0
0
0
0
0
0
-0.767268
-2.20447
-2.54031
-1.85725
-0.65699
0
0
0
0
0
0
0
0
0
-0.761275
-2.15468
-2.51186
-1.83643
-0.65836
0
0
0
0
0
0
0
0
0
-0.816653
-2.05716
-2.43118
-1.76069
-0.77171
0
0
0
0
0
0
0
0
0
-0.952857
-1.97224
-2.26965
-1.63572
-0.819835
0
0
0
0
0
0
0
0
0
-1.13171
-1.85174
-2.03524
-1.50564
-0.798818
0
0
0
0
0
0
0
0
0
-1.30926
-1.73078
-1.8459
-1.29545
-0.738534
0
0
0
0
0
0
0
0
0
-1.30221
-1.63559
-1.65447
-1.02031
-0.725567
0
0
0
0
0
0
0
0
0
-1.14729
-1.632
-1.36246
-0.756573
0
0
0
0
0
0
0
0
0
0
-0.896873
-1.45676
-1.09127
0
0
0
0
0
0
0
0
0
0
0
-0.478504
-1.27045
-0.774498
0
0
0
0
0
0
0
0
0
0
0
0
-0.944666
0
0
0
0
0
0
0
0
0
0
0
0
0
0
0
0
0
0
0
0
0
0
0
0
0
0
0
0
0
0
0
0
0
0
0
0
0
0
0
0
0
0
0
0
0
0
0
0
0
0
0
0
0
0
0
0
0
0
0
0
0
0
0
0
0
0
0
0
0
0
0
0
0
0
0
0
0
0
0
0
0
0
0
0
0
0
0
0
0
0
0
0
0
0
0
0
0
0
0
0
0
0
0
0
0
0
0
0
0
0
0
0
0
0
0
0
0
0
0
0
0
0
0
0
0
0
0
0
0
0
0
0
0
0
0
0
0
0
0
0
0
0
0
0
0
0
0
0
0
0
0
0
0
0
0
0
0
0
0
0
0
0
0
0
0
0
0
0
0
0
0
0
0
0
0
0
0
0
0
0
0
0
-0.40659
0
0
0
0
0
0
0
0
0
0
0
0
-0.255218
-0.84662
0
0
0
0
0
0
0
0
0
0
0
0
-0.635429
-1.19266
-0.353193
0
0
0
0
0
0
0
0
0
0
0
-1.00669
-1.41255
-0.531207
0
0
0
0
0
0
0
0
0
0
0
-1.33701
-1.55763
-0.669202
0
0
0
0
0
0
0
0
0
0
0
-1.61986
-1.71844
-0.967696
0
0
0
0
0
0
0
0
0
0
0
-1.86014
-1.84414
-1.20548
0
0
0
0
0
0
0
0
0
0
0
-2.05611
-1.92411
-1.43565
-0.348119
0
0
0
0
0
0
0
0
0
0
-2.21465
-1.96394
-1.55127
-0.481952
0
0
0
0
0
0
0
0
0
0
-2.33426
-2.00613
-1.62992
-0.558181
0
0
0
0
0
0
0
0
0
0
-2.38093
-2.12883
-1.64067
-0.611927
0
0
0
0
0
0
0
0
0
0
-2.34827
-2.25572
-1.6374
-0.769073
-0.325231
0
0
0
0
0
0
0
0
0
-2.22624
-2.38022
-1.61855
-0.99396
-0.522755
0
0
0
0
0
0
0
0
0
-2.14653
-2.42664
-1.59588
-1.13538
-0.583681
0
0
0
0
0
0
0
0
0
-2.07694
-2.45269
-1.58994
-1.19996
-0.569716
0
0
0
0
0
0
0
0
0
-2.07202
-2.45379
-1.62366
-1.07632
-0.361633
0
0
0
0
0
0
0
0
0
-2.04458
-2.45733
-1.70142
-0.910023
0
0
0
0
0
0
0
0
0
-0.525871
-2.04182
-2.47163
-1.79758
-0.695233
0
0
0
0
0
0
0
0
0
-0.587195
-2.02369
-2.46748
-1.83659
-0.686223
0
0
0
0
0
0
0
0
0
-0.672217
-2.00452
-2.46554
-1.83402
-0.731438
0
0
0
0
0
0
0
0
0
-0.823232
-1.96179
-2.39582
-1.79849
-0.845095
0
0
0
0
0
0
0
0
0
-1.02209
-1.93065
-2.25168
-1.72322
-0.876063
0
0
0
0
0
0
0
0
0
-1.255
-1.83982
-2.06868
-1.63415
-0.875156
0
0
0
0
0
0
0
0
0
-1.40567
-1.76795
-1.91335
-1.43464
-0.86885
0
0
0
0
0
0
0
0
0
-1.35837
-1.7344
-1.71035
-1.2167
-0.878921
0
0
0
0
0
0
0
0
0
-1.19042
-1.74393
-1.42685
-0.981354
-0.991137
0
0
0
0
0
0
0
0
0
-0.918302
-1.57159
-1.17964
-0.841601
0
0
0
0
0
0
0
0
0
0
-0.461377
-1.42402
-0.897389
0
0
0
0
0
0
0
0
0
0
0
0
-1.14654
0
0
0
0
0
0
0
0
0
0
0
0
0
0
0
0
0
0
0
0
0
0
0
0
0
0
0
0
0
0
0
0
0
0
0
0
0
0
0
0
0
0
0
0
0
0
0
0
0
0
0
0
0
0
0
0
0
0
0
0
0
0
0
0
0
0
0
0
0
0
0
0
0
0
0
0
0
0
0
0
0
0
0
0
0
0
0
0
0
0
0
0
0
0
0
0
0
0
0
0
0
0
0
0
0
0
0
0
0
0
0
0
0
0
0
0
0
0
0
0
0
0
0
0
0
0
0
0
0
0
0
0
0
0
0
0
0
0
0
0
0
0
0
0
0
0
0
0
0
0
0
0
0
0
0
0
0
0
0
0
0
0
0
0
0
0
0
0
0
0
0
0
0
0
0
0
0
0
0
0
0
0
-0.736956
0
0
0
0
0
0
0
0
0
0
0
0
-0.615065
-1.13801
-0.364797
0
0
0
0
0
0
0
0
0
0
0
-0.910164
-1.46403
-0.537611
0
0
0
0
0
0
0
0
0
0
0
-1.20027
-1.66316
-0.671432
0
0
0
0
0
0
0
0
0
0
-0.178265
-1.47851
-1.76678
-0.776624
0
0
0
0
0
0
0
0
0
0
-0.374392
-1.73424
-1.85195
-1.00229
0
0
0
0
0
0
0
0
0
0
-0.572412
-1.92598
-1.92495
-1.20253
0
0
0
0
0
0
0
0
0
0
-0.680141
-2.0697
-1.98023
-1.40173
-0.33196
0
0
0
0
0
0
0
0
0
-0.7348
-2.16554
-1.99824
-1.51036
-0.434678
0
0
0
0
0
0
0
0
0
0
-2.23073
-2.01543
-1.58867
-0.487876
0
0
0
0
0
0
0
0
0
0
-2.22309
-2.0985
-1.61258
-0.57732
0
0
0
0
0
0
0
0
0
0
-2.14117
-2.18569
-1.61754
-0.778971
0
0
0
0
0
0
0
0
0
0
-1.96604
-2.27478
-1.60293
-1.04153
0
0
0
0
0
0
0
0
0
0
-1.86244
-2.29404
-1.56793
-1.16228
0
0
0
0
0
0
0
0
0
0
-1.78957
-2.30235
-1.54798
-1.19503
0
0
0
0
0
0
0
0
0
0
-1.81296
-2.30163
-1.56734
-1.01572
0
0
0
0
0
0
0
0
0
0
-1.81107
-2.31093
-1.63646
-0.836156
0
0
0
0
0
0
0
0
0
-0.294156
-1.81933
-2.34108
-1.71844
-0.652088
0
0
0
0
0
0
0
0
0
-0.419377
-1.81696
-2.36414
-1.76778
-0.717166
0
0
0
0
0
0
0
0
0
-0.600189
-1.82935
-2.37185
-1.79105
-0.803086
0
0
0
0
0
0
0
0
0
-0.825522
-1.85754
-2.31751
-1.80238
-0.880407
0
0
0
0
0
0
0
0
0
-1.08891
-1.87702
-2.21469
-1.7824
-0.885131
0
0
0
0
0
0
0
0
0
-1.35777
-1.83702
-2.10496
-1.71434
-0.915886
0
0
0
0
0
0
0
0
0
-1.46211
-1.82462
-1.97115
-1.54549
-0.953315
0
0
0
0
0
0
0
0
0
-1.39553
-1.84135
-1.74314
-1.39465
-1.00676
0
0
0
0
0
0
0
0
0
-1.23797
-1.8161
-1.4912
-1.18901
-1.16046
0
0
0
0
0
0
0
0
0
-0.929948
-1.66629
-1.26708
-1.12786
0
0
0
0
0
0
0
0
0
0
-0.486946
-1.53574
-1.06418
0
0
0
0
0
0
0
0
0
0
0
0
-1.33533
0
0
0
0
0
0
0
0
0
0
0
0
0
0
0
0
0
0
0
0
0
0
0
0
0
0
0
0
0
0
0
0
0
0
0
0
0
0
0
0
0
0
0
0
0
0
0
0
0
0
0
0
0
0
0
0
0
0
0
0
0
0
0
0
0
0
0
0
0
0
0
0
0
0
0
0
0
0
0
0
0
0
0
0
0
0
0
0
0
0
0
0
0
0
0
0
0
0
0
0
0
0
0
0
0
0
0
0
0
0
0
0
0
0
0
0
0
0
0
0
0
0
0
0
0
0
0
0
0
0
0
0
0
0
0
0
0
0
0
0
0
0
0
0
0
0
0
0
0
0
0
0
0
0
0
0
0
0
0
0
0
0
0
0
0
0
0
-0.394452
-0.418046
0
0
0
0
0
0
0
0
0
0
0
0
-0.725895
-0.967687
0
0
0
0
0
0
0
0
0
0
0
0
-0.993782
-1.31947
-0.420581
0
0
0
0
0
0
0
0
0
0
-0.164474
-1.1919
-1.61135
-0.590842
0
0
0
0
0
0
0
0
0
0
-0.288889
-1.37798
-1.78595
-0.680785
0
0
0
0
0
0
0
0
0
0
-0.388275
-1.55883
-1.87447
-0.749679
0
0
0
0
0
0
0
0
0
0
-0.473282
-1.75886
-1.90727
-0.932288
0
0
0
0
0
0
0
0
0
0
-0.58131
-1.90325
-1.92872
-1.11808
0
0
0
0
0
0
0
0
0
0
-0.64797
-1.98847
-1.95922
-1.31529
-0.27017
0
0
0
0
0
0
0
0
0
-0.674532
-2.01584
-1.97186
-1.42793
-0.345954
0
0
0
0
0
0
0
0
0
-0.653323
-2.02133
-1.98982
-1.50663
-0.385679
0
0
0
0
0
0
0
0
0
-0.628195
-1.97975
-2.05715
-1.53696
-0.511011
0
0
0
0
0
0
0
0
0
0
-1.88364
-2.12055
-1.54835
-0.734205
0
0
0
0
0
0
0
0
0
0
-1.71429
-2.18052
-1.54212
-1.00362
0
0
0
0
0
0
0
0
0
0
-1.63894
-2.16887
-1.50563
-1.09064
0
0
0
0
0
0
0
0
0
0
-1.60608
-2.15137
-1.47939
-1.0911
0
0
0
0
0
0
0
0
0
0
-1.66559
-2.14029
-1.48523
-0.884019
0
0
0
0
0
0
0
0
0
-0.126467
-1.67672
-2.15664
-1.54477
-0.732483
0
0
0
0
0
0
0
0
0
-0.120808
-1.66936
-2.19847
-1.62355
-0.634637
0
0
0
0
0
0
0
0
0
-0.290693
-1.67284
-2.23249
-1.67957
-0.774402
0
0
0
0
0
0
0
0
0
-0.502007
-1.71932
-2.23505
-1.72157
-0.869666
0
0
0
0
0
0
0
0
0
-0.750569
-1.78706
-2.20915
-1.7628
-0.883494
0
0
0
0
0
0
0
0
0
-1.05281
-1.82939
-2.16217
-1.76054
-0.8637
0
0
0
0
0
0
0
0
0
-1.29996
-1.84362
-2.12615
-1.68695
-0.891566
0
0
0
0
0
0
0
0
0
-1.37676
-1.88281
-1.97245
-1.57437
-0.936313
0
0
0
0
0
0
0
0
0
-1.33422
-1.89685
-1.73667
-1.46439
-1.04769
0
0
0
0
0
0
0
0
0
-1.21397
-1.80432
-1.50217
-1.31159
0
0
0
0
0
0
0
0
0
0
-0.888098
-1.67138
-1.30606
-1.32853
0
0
0
0
0
0
0
0
0
0
-0.521319
-1.53119
-1.18044
0
0
0
0
0
0
0
0
0
0
0
0
-1.40534
0
0
0
0
0
0
0
0
0
0
0
0
0
0
0
0
0
0
0
0
0
0
0
0
0
0
0
0
0
0
0
0
0
0
0
0
0
0
0
0
0
0
0
0
0
0
0
0
0
0
0
0
0
0
0
0
0
0
0
0
0
0
0
0
0
0
0
0
0
0
0
0
0
0
0
0
0
0
0
0
0
0
0
0
0
0
0
0
0
0
0
0
0
0
0
0
0
0
0
0
0
0
0
0
0
0
0
0
0
0
0
0
0
0
0
0
0
0
0
0
0
0
0
0
0
0
0
0
0
0
0
0
0
0
0
0
0
0
0
0
0
0
0
0
0
0
0
0
0
0
0
0
0
0
0
0
0
0
0
0
0
0
0
0
0
0
0
-0.838416
-0.605014
0
0
0
0
0
0
0
0
0
0
0
0
-1.08874
-1.15241
0
0
0
0
0
0
0
0
0
0
0
-0.366756
-1.28962
-1.48233
-0.407413
0
0
0
0
0
0
0
0
0
0
-0.529
-1.41738
-1.72443
-0.609584
0
0
0
0
0
0
0
0
0
0
-0.574147
-1.55028
-1.85723
-0.66855
0
0
0
0
0
0
0
0
0
0
-0.603968
-1.65203
-1.92184
-0.683833
0
0
0
0
0
0
0
0
0
0
-0.619411
-1.77816
-1.92368
-0.811088
0
0
0
0
0
0
0
0
0
0
-0.635235
-1.87042
-1.91754
-0.967416
0
0
0
0
0
0
0
0
0
0
-0.628067
-1.91245
-1.93411
-1.15599
0
0
0
0
0
0
0
0
0
0
-0.599944
-1.88871
-1.94717
-1.27453
0
0
0
0
0
0
0
0
0
0
-0.542156
-1.8417
-1.97158
-1.35999
0
0
0
0
0
0
0
0
0
0
-0.476815
-1.77697
-2.02733
-1.40254
-0.426555
0
0
0
0
0
0
0
0
0
-0.342969
-1.68024
-2.06905
-1.42461
-0.663784
0
0
0
0
0
0
0
0
0
0
-1.53901
-2.09827
-1.42874
-0.930587
0
0
0
0
0
0
0
0
0
0
-1.50808
-2.04954
-1.38854
-0.976086
0
0
0
0
0
0
0
0
0
0
-1.51841
-1.99793
-1.3517
-0.940911
0
0
0
0
0
0
0
0
0
0
-1.59242
-1.96467
-1.34509
-0.716572
0
0
0
0
0
0
0
0
0
-0.00543686
-1.58981
-1.97048
-1.41125
-0.624303
0
0
0
0
0
0
0
0
0
-0.0400624
-1.55396
-1.99069
-1.51104
-0.641272
0
0
0
0
0
0
0
0
0
-0.199357
-1.56341
-2.02288
-1.58576
-0.83227
0
0
0
0
0
0
0
0
0
-0.397348
-1.61729
-2.04577
-1.65553
-0.912139
0
0
0
0
0
0
0
0
0
-0.655663
-1.68821
-2.08439
-1.70453
-0.893026
0
0
0
0
0
0
0
0
0
-0.946112
-1.7734
-2.11979
-1.6846
-0.862259
0
0
0
0
0
0
0
0
0
-1.14215
-1.865
-2.13447
-1.64601
-0.843139
0
0
0
0
0
0
0
0
0
-1.23175
-1.95355
-1.94772
-1.60109
-0.916845
0
0
0
0
0
0
0
0
0
-1.24685
-1.91499
-1.7514
-1.52521
0
0
0
0
0
0
0
0
0
0
-1.13758
-1.79845
-1.50201
-1.46356
0
0
0
0
0
0
0
0
0
0
-0.857346
-1.6499
-1.37887
-1.5318
0
0
0
0
0
0
0
0
0
0
-0.568367
-1.52282
0
0
0
0
0
0
0
0
0
0
0
0
0
-1.43214
0
0
0
0
0
0
0
0
0
0
0
0
0
0
0
0
0
0
0
0
0
0
0
0
0
0
0
0
0
0
0
0
0
0
0
0
0
0
0
0
0
0
0
0
0
0
0
0
0
0
0
0
0
0
0
0
0
0
0
0
0
0
0
0
0
0
0
0
0
0
0
0
0
0
0
0
0
0
0
0
0
0
0
0
0
0
0
0
0
0
0
0
0
0
0
0
0
0
0
0
0
0
0
0
0
0
0
0
0
0
0
0
0
0
0
0
0
0
0
0
0
0
0
0
0
0
0
0
0
0
0
0
0
0
0
0
0
0
0
0
0
0
0
0
0
0
0
0
0
0
0
0
0
-0.614184
0
0
0
0
0
0
0
0
0
0
0
0
0
-1.12775
-0.642121
0
0
0
0
0
0
0
0
0
0
0
-0.36766
-1.36723
-1.12562
0
0
0
0
0
0
0
0
0
0
0
-0.673639
-1.49837
-1.47618
0
0
0
0
0
0
0
0
0
0
-0.0788427
-0.836243
-1.53952
-1.68641
-0.40196
0
0
0
0
0
0
0
0
0
0
-0.843239
-1.60718
-1.77131
-0.495834
0
0
0
0
0
0
0
0
0
0
-0.803387
-1.65751
-1.80789
-0.504691
0
0
0
0
0
0
0
0
0
0
-0.773535
-1.72241
-1.78861
-0.607594
0
0
0
0
0
0
0
0
0
0
-0.730295
-1.74428
-1.78642
-0.746948
0
0
0
0
0
0
0
0
0
0
-0.630298
-1.72514
-1.8219
-0.924362
0
0
0
0
0
0
0
0
0
0
-0.48422
-1.65462
-1.85183
-1.03944
0
0
0
0
0
0
0
0
0
0
-0.302206
-1.56893
-1.8849
-1.12641
0
0
0
0
0
0
0
0
0
0
-0.154253
-1.50979
-1.92988
-1.18117
-0.323613
0
0
0
0
0
0
0
0
0
0
-1.44604
-1.95916
-1.21129
-0.533412
0
0
0
0
0
0
0
0
0
0
-1.37513
-1.97504
-1.21901
-0.765508
0
0
0
0
0
0
0
0
0
0
-1.39782
-1.91547
-1.18368
-0.778528
0
0
0
0
0
0
0
0
0
0
-1.44421
-1.85026
-1.16041
-0.725061
0
0
0
0
0
0
0
0
0
0
-1.51301
-1.79557
-1.19475
-0.522187
0
0
0
0
0
0
0
0
0
0
-1.51728
-1.78551
-1.30705
-0.500541
0
0
0
0
0
0
0
0
0
0
-1.48955
-1.79527
-1.45438
-0.59275
0
0
0
0
0
0
0
0
0
-0.127512
-1.50951
-1.8579
-1.53552
-0.788624
0
0
0
0
0
0
0
0
0
-0.303748
-1.53658
-1.92183
-1.59496
-0.881529
0
0
0
0
0
0
0
0
0
-0.504228
-1.59247
-2.01011
-1.5831
-0.885574
0
0
0
0
0
0
0
0
0
-0.694544
-1.69897
-2.07438
-1.54672
-0.831593
0
0
0
0
0
0
0
0
0
-0.840707
-1.83767
-2.05968
-1.55685
-0.780298
0
0
0
0
0
0
0
0
0
-0.972626
-1.91227
-1.89516
-1.52784
0
0
0
0
0
0
0
0
0
0
-1.02243
-1.8419
-1.73043
-1.51946
0
0
0
0
0
0
0
0
0
0
-0.925986
-1.74039
-1.4782
-1.51798
0
0
0
0
0
0
0
0
0
0
-0.740139
-1.57266
-1.42432
0
0
0
0
0
0
0
0
0
0
0
0
-1.4726
0
0
0
0
0
0
0
0
0
0
0
0
0
0
0
0
0
0
0
0
0
0
0
0
0
0
0
0
0
0
0
0
0
0
0
0
0
0
0
0
0
0
0
0
0
0
0
0
0
0
0
0
0
0
0
0
0
0
0
0
0
0
0
0
0
0
0
0
0
0
0
0
0
0
0
0
0
0
0
0
0
0
0
0
0
0
0
0
0
0
0
0
0
0
0
0
0
0
0
0
0
0
0
0
0
0
0
0
0
0
0
0
0
0
0
0
0
0
0
0
0
0
0
0
0
0
0
0
0
0
0
0
0
0
0
0
0
0
0
0
0
0
0
0
0
0
0
0
0
0
0
0
0
0
0
0
0
0
0
0
0
0
0
0
0
0
0
-0.86231
0
0
0
0
0
0
0
0
0
0
0
0
0
-1.30509
-0.700483
0
0
0
0
0
0
0
0
0
0
0
-0.614199
-1.56365
-1.08455
0
0
0
0
0
0
0
0
0
0
-0.401298
-0.87218
-1.67366
-1.40362
0
0
0
0
0
0
0
0
0
0
-0.391776
-1.03131
-1.62143
-1.63401
0
0
0
0
0
0
0
0
0
0
-0.21902
-1.07114
-1.60089
-1.68146
0
0
0
0
0
0
0
0
0
0
0
-1.01715
-1.58441
-1.66278
0
0
0
0
0
0
0
0
0
0
0
-0.943751
-1.62029
-1.58578
-0.389465
0
0
0
0
0
0
0
0
0
0
-0.854095
-1.60268
-1.55509
-0.498398
0
0
0
0
0
0
0
0
0
0
-0.699564
-1.52145
-1.60395
-0.637722
0
0
0
0
0
0
0
0
0
0
-0.473905
-1.38489
-1.67005
-0.727856
0
0
0
0
0
0
0
0
0
0
-0.182156
-1.23882
-1.73479
-0.800713
0
0
0
0
0
0
0
0
0
0
0
-1.19587
-1.78095
-0.865878
0
0
0
0
0
0
0
0
0
0
0
-1.19015
-1.80025
-0.905762
-0.405001
0
0
0
0
0
0
0
0
0
0
-1.22148
-1.79526
-0.922492
-0.586599
0
0
0
0
0
0
0
0
0
0
-1.3108
-1.70941
-0.904929
-0.5509
0
0
0
0
0
0
0
0
0
0
-1.40062
-1.6079
-0.916876
-0.458275
0
0
0
0
0
0
0
0
0
0
-1.46237
-1.51259
-1.02435
0
0
0
0
0
0
0
0
0
0
0
-1.45887
-1.50132
-1.20895
0
0
0
0
0
0
0
0
0
0
0
-1.39774
-1.544
-1.41623
-0.496073
0
0
0
0
0
0
0
0
0
0
-1.39543
-1.68928
-1.47924
-0.74369
0
0
0
0
0
0
0
0
0
0
-1.41449
-1.82895
-1.48282
-0.889423
0
0
0
0
0
0
0
0
0
0
-1.49288
-1.95429
-1.43365
-0.894588
0
0
0
0
0
0
0
0
0
-0.337765
-1.64376
-1.98952
-1.43535
-0.818221
0
0
0
0
0
0
0
0
0
-0.451391
-1.78743
-1.99103
-1.46221
0
0
0
0
0
0
0
0
0
0
-0.634492
-1.82678
-1.88137
-1.47646
0
0
0
0
0
0
0
0
0
0
-0.678067
-1.80203
-1.72471
-1.55512
0
0
0
0
0
0
0
0
0
0
-0.702068
-1.67803
-1.52027
-1.55635
0
0
0
0
0
0
0
0
0
0
0
-1.54412
-1.47151
0
0
0
0
0
0
0
0
0
0
0
0
0
0
0
0
0
0
0
0
0
0
0
0
0
0
0
0
0
0
0
0
0
0
0
0
0
0
0
0
0
0
0
0
0
0
0
0
0
0
0
0
0
0
0
0
0
0
0
0
0
0
0
0
0
0
0
0
0
0
0
0
0
0
0
0
0
0
0
0
0
0
0
0
0
0
0
0
0
0
0
0
0
0
0
0
0
0
0
0
0
0
0
0
0
0
0
0
0
0
0
0
0
0
0
0
0
0
0
0
0
0
0
0
0
0
0
0
0
0
0
0
0
0
0
0
0
0
0
0
0
0
0
0
0
0
0
0
0
0
0
0
0
0
0
0
0
0
0
0
0
0
0
0
0
0
0
0
0
0
0
0
0
0
0
0
0
0
0
0
-0.932274
0
0
0
0
0
0
0
0
0
0
0
0
-0.387704
-1.32704
-0.62941
0
0
0
0
0
0
0
0
0
0
0
-0.729391
-1.52398
-0.959418
0
0
0
0
0
0
0
0
0
0
-0.503169
-0.932039
-1.66466
-1.19767
0
0
0
0
0
0
0
0
0
0
-0.501727
-1.0527
-1.57611
-1.41002
0
0
0
0
0
0
0
0
0
0
-0.320078
-1.10619
-1.46547
-1.49321
0
0
0
0
0
0
0
0
0
0
0
-1.09738
-1.36474
-1.46982
0
0
0
0
0
0
0
0
0
0
0
-1.04682
-1.37808
-1.34214
0
0
0
0
0
0
0
0
0
0
0
-0.927278
-1.36437
-1.26779
0
0
0
0
0
0
0
0
0
0
0
-0.702651
-1.29197
-1.29081
-0.376082
0
0
0
0
0
0
0
0
0
0
-0.395319
-1.13785
-1.35569
-0.428827
0
0
0
0
0
0
0
0
0
0
0
-0.953369
-1.42784
-0.483325
0
0
0
0
0
0
0
0
0
0
0
-0.919242
-1.47932
-0.574591
0
0
0
0
0
0
0
0
0
0
0
-0.961899
-1.50179
-0.632459
0
0
0
0
0
0
0
0
0
0
0
-1.07501
-1.49677
-0.661759
0
0
0
0
0
0
0
0
0
0
0
-1.20829
-1.41511
-0.654934
0
0
0
0
0
0
0
0
0
0
0
-1.31547
-1.32083
-0.691848
0
0
0
0
0
0
0
0
0
0
0
-1.34915
-1.24109
-0.850636
0
0
0
0
0
0
0
0
0
0
0
-1.32453
-1.29203
-1.07159
0
0
0
0
0
0
0
0
0
0
0
-1.25806
-1.42146
-1.28255
0
0
0
0
0
0
0
0
0
0
0
-1.28548
-1.66024
-1.30903
-0.677036
0
0
0
0
0
0
0
0
0
0
-1.34118
-1.8297
-1.31399
-0.842564
0
0
0
0
0
0
0
0
0
0
-1.44911
-1.90773
-1.3008
-0.862728
0
0
0
0
0
0
0
0
0
0
-1.56019
-1.92739
-1.3108
0
0
0
0
0
0
0
0
0
0
0
-1.6255
-1.96624
-1.36338
0
0
0
0
0
0
0
0
0
0
0
-1.70259
-1.86159
-1.46271
0
0
0
0
0
0
0
0
0
0
0
-1.70781
-1.77932
-1.56428
0
0
0
0
0
0
0
0
0
0
0
-1.63651
-1.59985
0
0
0
0
0
0
0
0
0
0
0
0
-1.57217
0
0
0
0
0
0
0
0
0
0
0
0
0
0
0
0
0
0
0
0
0
0
0
0
0
0
0
0
0
0
0
0
0
0
0
0
0
0
0
0
0
0
0
0
0
0
0
0
0
0
0
0
0
0
0
0
0
0
0
0
0
0
0
0
0
0
0
0
0
0
0
0
0
0
0
0
0
0
0
0
0
0
0
0
0
0
0
0
0
0
0
0
0
0
0
0
0
0
0
0
0
0
0
0
0
0
0
0
0
0
0
0
0
0
0
0
0
0
0
0
0
0
0
0
0
0
0
0
0
0
0
0
0
0
0
0
0
0
0
0
0
0
0
0
0
0
0
0
0
0
0
0
0
0
0
0
0
0
0
0
0
0
0
0
0
0
0
0
0
0
0
0
0
0
0
0
0
0
0
0
0
-1.00445
0
0
0
0
0
0
0
0
0
0
0
0
-0.412958
-1.33086
0
0
0
0
0
0
0
0
0
0
0
0
-0.718472
-1.47019
-0.818644
0
0
0
0
0
0
0
0
0
0
-0.511861
-0.950268
-1.54589
-1.01652
0
0
0
0
0
0
0
0
0
0
-0.469256
-1.03087
-1.46125
-1.16422
0
0
0
0
0
0
0
0
0
0
-0.2967
-1.05183
-1.31625
-1.22
0
0
0
0
0
0
0
0
0
0
0
-1.04785
-1.11086
-1.2328
0
0
0
0
0
0
0
0
0
0
0
-1.03463
-1.06583
-1.09488
0
0
0
0
0
0
0
0
0
0
0
-0.948036
-1.0215
-0.968475
0
0
0
0
0
0
0
0
0
0
0
-0.70911
-0.942815
-0.927838
0
0
0
0
0
0
0
0
0
0
0
-0.350301
-0.769375
-0.965624
0
0
0
0
0
0
0
0
0
0
0
0
-0.548376
-1.02993
0
0
0
0
0
0
0
0
0
0
0
0
-0.539839
-1.08515
0
0
0
0
0
0
0
0
0
0
0
0
-0.652325
-1.11293
0
0
0
0
0
0
0
0
0
0
0
0
-0.854905
-1.11442
-0.368381
0
0
0
0
0
0
0
0
0
0
0
-1.01832
-1.05064
-0.363776
0
0
0
0
0
0
0
0
0
0
0
-1.12849
-0.985226
-0.408354
0
0
0
0
0
0
0
0
0
0
0
-1.14095
-0.952521
-0.592202
0
0
0
0
0
0
0
0
0
0
0
-1.1279
-1.10105
-0.828041
0
0
0
0
0
0
0
0
0
0
0
-1.10605
-1.32024
-1.06283
0
0
0
0
0
0
0
0
0
0
0
-1.19573
-1.60148
-1.12561
-0.630345
0
0
0
0
0
0
0
0
0
0
-1.2972
-1.76234
-1.17373
-0.850681
0
0
0
0
0
0
0
0
0
0
-1.37528
-1.86222
-1.16337
0
0
0
0
0
0
0
0
0
0
0
-1.40468
-1.91914
-1.20426
0
0
0
0
0
0
0
0
0
0
0
-1.47959
-1.95461
-1.33561
0
0
0
0
0
0
0
0
0
0
0
-1.58396
-1.91964
-1.45498
0
0
0
0
0
0
0
0
0
0
0
-1.63402
-1.90337
0
0
0
0
0
0
0
0
0
0
0
0
-1.65771
0
0
0
0
0
0
0
0
0
0
0
0
0
0
0
0
0
0
0
0
0
0
0
0
0
0
0
0
0
0
0
0
0
0
0
0
0
0
0
0
0
0
0
0
0
0
0
0
0
0
0
0
0
0
0
0
0
0
0
0
0
0
0
0
0
0
0
0
0
0
0
0
0
0
0
0
0
0
0
0
0
0
0
0
0
0
0
0
0
0
0
0
0
0
0
0
0
0
0
0
0
0
0
0
0
0
0
0
0
0
0
0
0
0
0
0
0
0
0
0
0
0
0
0
0
0
0
0
0
0
0
0
0
0
0
0
0
0
0
0
0
0
0
0
0
0
0
0
0
0
0
0
0
0
0
0
0
0
0
0
0
0
0
0
0
0
0
0
0
0
0
0
0
0
0
0
0
0
0
0
0
0
0
0
0
0
0
0
0
0
0
0
0
0
0
0
0
0
0
0
0
0
0
0
0
0
0
0
0
-1.21892
0
0
0
0
0
0
0
0
0
0
0
0
-0.546645
-1.29517
0
0
0
0
0
0
0
0
0
0
0
-0.388676
-0.752311
-1.32288
-0.809659
0
0
0
0
0
0
0
0
0
0
0
-0.881099
-1.15898
-0.957977
0
0
0
0
0
0
0
0
0
0
0
-0.896409
-1.00478
-0.990525
0
0
0
0
0
0
0
0
0
0
0
-0.863332
-0.801536
-0.980948
0
0
0
0
0
0
0
0
0
0
0
-0.84364
-0.772346
-0.819476
0
0
0
0
0
0
0
0
0
0
0
-0.766624
-0.732863
-0.677749
0
0
0
0
0
0
0
0
0
0
0
-0.533346
-0.68082
-0.581339
0
0
0
0
0
0
0
0
0
0
0
0
-0.521904
-0.600868
0
0
0
0
0
0
0
0
0
0
0
0
-0.314959
-0.665934
0
0
0
0
0
0
0
0
0
0
0
0
-0.30307
-0.759569
0
0
0
0
0
0
0
0
0
0
0
0
-0.412912
-0.810507
0
0
0
0
0
0
0
0
0
0
0
0
-0.613052
-0.825124
0
0
0
0
0
0
0
0
0
0
0
0
-0.770572
-0.771412
0
0
0
0
0
0
0
0
0
0
0
0
-0.887445
-0.723774
0
0
0
0
0
0
0
0
0
0
0
0
-0.941542
-0.726245
0
0
0
0
0
0
0
0
0
0
0
0
-0.992775
-0.920252
-0.494952
0
0
0
0
0
0
0
0
0
0
0
-1.0489
-1.16571
-0.795231
0
0
0
0
0
0
0
0
0
0
0
-1.14709
-1.48395
-0.906845
0
0
0
0
0
0
0
0
0
0
0
-1.19896
-1.70837
-0.988517
0
0
0
0
0
0
0
0
0
0
0
-1.22839
-1.85083
-1.04759
0
0
0
0
0
0
0
0
0
0
0
-1.26246
-1.91048
-1.17185
0
0
0
0
0
0
0
0
0
0
0
-1.3188
-2.01301
0
0
0
0
0
0
0
0
0
0
0
0
-1.44438
-2.04415
0
0
0
0
0
0
0
0
0
0
0
0
-1.60089
-2.01409
0
0
0
0
0
0
0
0
0
0
0
0
-1.65043
0
0
0
0
0
0
0
0
0
0
0
0
0
0
0
0
0
0
0
0
0
0
0
0
0
0
0
0
0
0
0
0
0
0
0
0
0
0
0
0
0
0
0
0
0
0
0
0
0
0
0
0
0
0
0
0
0
0
0
0
0
0
0
0
0
0
0
0
0
0
0
0
0
0
0
0
0
0
0
0
0
0
0
0
0
0
0
0
0
0
0
0
0
0
0
0
0
0
0
0
0
0
0
0
0
0
0
0
0
0
0
0
0
0
0
0
0
0
0
0
0
0
0
0
0
0
0
0
0
0
0
0
0
0
0
0
0
0
0
0
0
0
0
0
0
0
0
0
0
0
0
0
0
0
0
0
0
0
0
0
0
0
0
0
0
0
0
0
0
0
0
0
0
0
0
0
0
0
0
0
0
0
0
0
0
0
0
0
0
0
0
0
0
0
0
0
0
0
0
0
0
0
0
0
0
0
0
0
0
-1.18442
0
0
0
0
0
0
0
0
0
0
0
0
0
-1.13991
0
0
0
0
0
0
0
0
0
0
0
0
-0.521109
-1.08902
0
0
0
0
0
0
0
0
0
0
0
0
-0.603401
-0.887458
-0.812583
0
0
0
0
0
0
0
0
0
0
0
-0.66
-0.657792
-0.830846
0
0
0
0
0
0
0
0
0
0
0
-0.664723
-0.404512
-0.827329
0
0
0
0
0
0
0
0
0
0
0
-0.639195
-0.446813
-0.591981
0
0
0
0
0
0
0
0
0
0
0
-0.542049
-0.494036
0
0
0
0
0
0
0
0
0
0
0
0
-0.287123
-0.523285
0
0
0
0
0
0
0
0
0
0
0
0
0
-0.412043
0
0
0
0
0
0
0
0
0
0
0
0
0
0
0
0
0
0
0
0
0
0
0
0
0
0
0
0
-0.431831
0
0
0
0
0
0
0
0
0
0
0
0
-0.309324
-0.5115
0
0
0
0
0
0
0
0
0
0
0
0
-0.465464
-0.527516
0
0
0
0
0
0
0
0
0
0
0
0
-0.59086
-0.464449
0
0
0
0
0
0
0
0
0
0
0
0
-0.703933
-0.413268
0
0
0
0
0
0
0
0
0
0
0
0
-0.8011
-0.447174
0
0
0
0
0
0
0
0
0
0
0
0
-0.882099
-0.69749
0
0
0
0
0
0
0
0
0
0
0
0
-0.944618
-1.01454
0
0
0
0
0
0
0
0
0
0
0
0
-0.99619
-1.39711
0
0
0
0
0
0
0
0
0
0
0
0
-1.05173
-1.65194
0
0
0
0
0
0
0
0
0
0
0
0
-1.105
-1.83521
0
0
0
0
0
0
0
0
0
0
0
0
-1.11777
-1.98552
0
0
0
0
0
0
0
0
0
0
0
0
-1.19129
-2.14033
0
0
0
0
0
0
0
0
0
0
0
0
-1.39615
-2.15744
0
0
0
0
0
0
0
0
0
0
0
0
-1.56799
0
0
0
0
0
0
0
0
0
0
0
0
0
0
0
0
0
0
0
0
0
0
0
0
0
0
0
0
0
0
0
0
0
0
0
0
0
0
0
0
0
0
0
0
0
0
0
0
0
0
0
0
0
0
0
0
0
0
0
0
0
0
0
0
0
0
0
0
0
0
0
0
0
0
0
0
0
0
0
0
0
0
0
0
0
0
0
0
0
0
0
0
0
0
0
0
0
0
0
0
0
0
0
0
0
0
0
0
0
0
0
0
0
0
0
0
0
0
0
0
0
0
0
0
0
0
0
0
0
0
0
0
0
0
0
0
0
0
0
0
0
0
0
0
0
0
0
0
0
0
0
0
0
0
0
0
0
0
0
0
0
0
0
0
0
0
0
0
0
0
0
0
0
0
0
0
0
0
0
0
0
0
0
0
0
0
0
0
0
0
0
0
0
0
0
0
0
0
0
0
0
0
0
0
0
0
0
0
0
0
0
0
0
0
0
0
0
0
0
0
0
0
0
0
0
0
0
0
0
0
0
0
0
0
0
0
0
0
0
0
0
0
0
0
0
0
0
0
0
0
0
0
0
0
0
0
0
0
0
0
0
0
0
0
0
0
0
0
0
0
0
0
0
0
0
0
0
0
0
0
0
0
0
0
0
0
0
0
0
0
0
0
0
0
-0.756564
0
0
0
0
0
0
0
0
0
0
0
0
0
0
0
0
0
0
0
0
0
0
0
0
0
0
0
0
0
0
0
0
0
0
0
0
0
0
0
0
-0.402633
0
0
0
0
0
0
0
0
0
0
0
0
0
-0.394794
0
0
0
0
0
0
0
0
0
0
0
0
0
0
0
0
0
0
0
0
0
0
0
0
0
0
0
0
0
0
0
0
0
0
0
0
0
0
0
0
0
0
0
0
0
0
0
0
0
0
0
0
0
0
0
-0.42535
0
0
0
0
0
0
0
0
0
0
0
0
0
-0.460567
0
0
0
0
0
0
0
0
0
0
0
0
0
-0.512556
0
0
0
0
0
0
0
0
0
0
0
0
0
-0.62307
0
0
0
0
0
0
0
0
0
0
0
0
0
-0.720977
-0.551825
0
0
0
0
0
0
0
0
0
0
0
0
-0.827592
-0.878841
0
0
0
0
0
0
0
0
0
0
0
0
-0.873002
-1.28179
0
0
0
0
0
0
0
0
0
0
0
0
-0.907155
-1.61102
0
0
0
0
0
0
0
0
0
0
0
0
-0.931753
-1.88098
0
0
0
0
0
0
0
0
0
0
0
0
-0.98903
-2.05998
0
0
0
0
0
0
0
0
0
0
0
0
0
-2.1696
0
0
0
0
0
0
0
0
0
0
0
0
0
-1.98707
0
0
0
0
0
0
0
0
0
0
0
0
0
0
0
0
0
0
0
0
0
0
0
0
0
0
0
0
0
0
0
0
0
0
0
0
0
0
0
0
0
0
0
0
0
0
0
0
0
0
0
0
0
0
0
0
0
0
0
0
0
0
0
0
0
0
0
0
0
0
0
0
0
0
0
0
0
0
0
0
0
0
0
0
0
0
0
0
0
0
0
0
0
0
0
0
0
0
0
0
0
0
0
0
0
0
0
0
0
0
0
0
0
0
0
0
0
0
0
0
0
0
0
0
0
0
0
0
0
0
0
0
0
0
0
0
0
0
0
0
0
0
0
0
0
0
0
0
0
0
0
0
0
0
0
0
0
0
0
0
0
0
0
0
0
0
0
0
0
0
0
0
0
0
0
0
0
0
0
0
0
0
0
0
0
0
0
0
0
0
0
0
0
0
0
0
0
0
0
0
0
0
0
0
0
0
0
0
0
0
0
0
0
0
0
0
0
0
0
0
0
0
0
0
0
0
0
0
0
0
0
0
0
0
0
0
0
0
0
0
0
0
0
0
0
0
0
0
0
0
0
0
0
0
0
0
0
0
0
0
0
0
0
0
0
0
0
0
0
0
0
0
0
0
0
0
0
0
0
0
0
0
0
0
0
0
0
0
0
0
0
0
0
0
0
0
0
0
0
0
0
0
0
0
0
0
0
0
0
0
0
0
0
0
0
0
0
0
0
0
0
0
0
0
0
0
0
0
0
0
0
0
0
0
0
0
0
0
0
0
0
0
0
0
0
0
0
0
0
0
0
0
0
0
0
0
0
0
0
0
0
0
0
0
0
0
0
0
0
0
0
0
0
0
0
0
0
0
0
0
0
0
0
0
0
0
0
0
0
0
0
0
0
0
0
0
0
0
0
0
0
0
0
0
0
0
0
0
0
0
0
0
0
0
0
0
0
0
0
0
0
0
0
0
0
0
0
0
0
0
0
0
0
0
0
0
0
0
0
0
0
0
0
0
0
0
0
0
0
0
0
0
0
0
0
0
0
0
0
0
-0.490597
0
0
0
0
0
0
0
0
0
0
0
0
0
-0.629658
0
0
0
0
0
0
0
0
0
0
0
0
0
-0.766789
0
0
0
0
0
0
0
0
0
0
0
0
0
-0.785247
-1.31736
0
0
0
0
0
0
0
0
0
0
0
0
0
-1.68036
0
0
0
0
0
0
0
0
0
0
0
0
0
-1.95182
0
0
0
0
0
0
0
0
0
0
0
0
0
-2.04098
0
0
0
0
0
0
0
0
0
0
0
0
0
0
0
0
0
0
0
0
0
0
0
0
0
0
0
0
0
0
0
0
0
0
0
0
0
0
0
0
0
0
0
0
0
0
0
0
0
0
0
0
0
0
0
0
0
0
0
0
0
0
0
0
0
0
0
0
0
0
0
0
0
0
0
0
0
0
0
0
0
0
0
0
0
0
0
0
0
0
0
0
0
0
0
0
0
0
0
0
0
0
0
0
0
0
0
0
0
0
0
0
0
0
0
0
0
0
0
0
0
0
0
0
0
0
0
0
0
0
0
0
0
0
0
0
0
0
0
0
0
0
0
0
0
0
0
0
0
0
0
0
0
0
0
0
0
0
0
0
0
0
0
0
0
0
0
0
0
0
0
0
0
0
0
0
0
0
0
0
0
0
0
0
0
0
0
0
0
0
0
0
0
0
0
0
0
0
0
0
0
0
0
0
0
0
0
0
0
0
0
0
0
0
0
0
0
0
0
0
0
0
0
0
0
0
0
0
0
0
0
0
0
0
0
0
0
0
0
0
0
0
0
0
0
0
0
0
0
0
0
0
0
0
0
0
0
0
0
0
0
0
0
0
0
0
0
0
0
0
0
0
0
0
0
0
0
0
0
0
0
0
0
0
0
0
0
0
0
0
0
0
0
0
0
0
0
0
0
0
0
0
0
0
0
0
0
0
0
0
0
0
0
0
0
0
0
0
0
0
0
0
0
0
0
0
0
0
0
0
0
0
0
0
0
0
0
0
0
0
0
0
0
0
0
0
0
0
0
0
0
0
0
0
0
0
0
0
0
0
0
0
0
0
0
0
0
0
0
0
0
0
0
0
0
0
0
0
0
0
0
0
0
0
0
0
0
0
0
0
0
0
0
0
0
0
0
0
0
0
0
0
0
0
0
0
0
0
0
0
0
0
0
0
0
0
0
0
0
0
0
0
0
0
0
0
0
0
0
0
0
0
0
0
0
0
0
0
0
0
0
0
0
0
0
0
0
0
0
0
0
0
0
0
0
0
0
0
0
0
0
0
0
0
0
0
0
0
0
0
0
0
0
0
0
0
0
0
0
0
0
0
0
0
0
0
0
0
0
0
0
0
0
0
0
0
0
0
0
0
0
0
0
0
0
0
0
0
0
0
0
0
0
0
0
0
0
0
0
0
0
0
0
0
0
0
0
0
0
0
0
0
0
0
0
0
0
0
0
0
0
0
0
0
0
0
0
0
0
0
0
0
0
0
0
0
0
0
0
0
0
0
0
0
0
0
0
0
0
0
0
0
0
0
0
0
0
0
0
0
0
0
0
0
0
0
0
0
0
0
0
0
0
0
0
0
0
0
0
0
0
0
0
0
0
0
0
0
0
0
0
0
0
0
0
0
0
0
0
0
0
0
0
0
0
0
0
0
0
0
0
0
0
0
0
0
0
0
0
0
0
0
0
0
0
0
0
0
0
0
0
0
0
0
0
0
0
0
0
0
0
0
0
0
0
0
0
0
0
0
0
0
0
0
0
0
0
0
0
0
0
0
0
0
0
0
0
0
0
0
0
0
0
0
0
0
0
0
0
0
0
0
0
0
0
0
0
0
0
0
0
0
0
0
0
0
0
0
0
0
0
0
0
0
0
0
0
0
0
0
0
0
0
0
0
0
0
0
0
0
0
0
0
0
0
0
0
0
0
0
0
0
0
0
0
0
0
0
0
0
0
0
0
0
0
0
0
0
0
0
0
0
0
0
0
0
0
0
0
0
0
0
0
0
0
0
0
0
0
0
0
0
0
0
0
0
0
0
0
0
0
0
0
0
0
0
0
0
0
0
0
0
0
0
0
0
0
0
0
0
0
0
0
0
0
0
0
0
0
0
0
0
0
0
0
0
0
0
0
0
0
0
0
0
0
0
0
0
0
0
0
0
0
0
0
0
0
0
0
0
0
0
0
0
0
0
0
0
0
0
0
0
0
0
0
0
0
0
0
0
0
0
0
0
0
0
0
0
0
0
0
0
0
0
0
0
0
0
0
0
0
0
0
0
0
0
0
0
0
0
0
0
0
0
0
0
0
0
0
0
0
0
0
0
0
0
0
0
0
0
0
0
0
0
0
0
0
0
0
0
0
0
0
0
0
0
0
0
0
0
0
0
0
0
0
0
0
0
0
0
0
0
0
0
0
0
0
0
0
0
0
0
0
0
0
0
0
0
0
0
0
0
0
0
0
0
0
0
0
0
0
0
0
0
0
0
0
0
0
0
0
0
0
0
0
0
0
0
0
0
0
0
0
0
0
0
0
0
0
0
0
0
0
0
0
0
0
0
0
0
0
0
0
0
0
0
0
0
0
0
0
0
0
0
0
0
0
0
0
0
0
0
0
0
0
0
0
0
0
0
0
0
0
0
0
0
0
0
0
0
0
0
0
0
0
0
0
0
0
0
0
0
0
0
0
0
0
0
0
0
0
0
0
0
0
0
0
0
0
0
0
0
0
0
0
0
0
0
0
0
0
0
0
0
0
0
0
0
0
0
0
0
0
0
0
0
0
0
0
0
0
0
0
0
0
0
0
0
0
0
0
0
0
0
0
0
0
0
0
0
0
0
0
0
0
0
0
0
0
0
0
0
0
0
0
0
0
0
0
0
0
0
0
0
0
0
0
0
0
0
0
0
0
0
0
0
0
0
0
0
0
0
0
0
0
0
0
0
0
0
0
0
0
0
0
0
0
0
0
0
0
0
0
0
0
0
0
0
0
0
0
0
0
0
0
0
0
0
0
0
0
0
0
0
0
0
0
0
0
0
0
0
0
0
0
0
0
0
0
0
0
0
0
0
0
0
0
0
0
0
0
0
0
0
0
0
0
0
0
0
0
0
0
0
0
0
0
0
0
0
0
0
0
0
0
0
0
0
0
0
0
0
0
0
0
0
0
0
0
0
0
0
0
0
0
0
0
0
0
0
0
0
0
0
0
0
0
0
0
0
0
0
0
0
0
0
0
0
0
0
0
0
0
0
0
0
0
0
0
0
0
0
0
0
0
0
0
0
0
0
0
0
0
0
0
0
0
0
0
0
0
0
0
0
0
0
0
0
0
0
0
0
0
0
0
0
0
0
0
0
0
0
0
0
0
0
0
0
0
0
0
0
0
0
0
0
0
0
0
0
0
0
0
0
0
0
0
0
0
0
0
0
0
0
0
0
0
0
0
0
0
0
0
0
0
0
0
0
0
0
0
0
0
0
0
0
0
0
0
0
0
0
0
0
0
0
0
0
0
0
0
0
0
0
0
0
0
0
0
0
0
0
0
0
0
0
0
0
0
0
0
0
0
0
0
0
0
0
0
0
0
0
0
0
0
0
0
0
0
0
0
0
0
0
0
0
0
0
0
0
0
0
0
0
0
0
0
0
0
0
0
0
0
0
0
0
0
0
0
0
0
0
0
0
0
0
0
0
0
0
0
0
0
0
0
0
0
0
0
0
0
0
0
0
0
0
0
0
0
0
0
0
0
0
0
0
0
0
0
0
0
0
0
0
0
0
0
0
0
0
0
0
0
0
0
0
0
0
0
0
0
0
0
0
0
0
0
0
0
0
0
0
0
0
0
0
0
0
0
0
0
0
0
0
0
0
0
0
0
0
0
0
0
0
0
0
0
0
0
0
0
0
0
0
0
0
0
0
0
0
0
0
0
0
0
0
0
0
0
0
0
0
0
0
0
0
0
0
0
0
0
0
0
0
0
0
0
0
0
0
0
0
0
0
0
0
0
0
0
0
0
0
0
0
0
0
0
0
0
0
0
0
0
0
0
0
0
0
0
0
0
0
0
0
0
0
0
0
0
0
0
0
0
0
0
0
0
0
0
0
0
0
0
0
0
0
0
0
0
0
0
0
0
0
0
0
0
0
0
0
0
0
0
0
0
0
0
0
0
0
0
0
0
0
0
0
0
0
0
0
0
0
0
0
0
0
0
0
0
0
0
0
0
0
0
0
0
0
0
0
0
0
0
0
0
0
0
0
0
0
0
0
0
0
0
0
0
0
0
0
0
0
0
0
0
0
0
0
0
0
0
0
0
0
0
0
0
0
0
0
0
0
0
0
0
0
0
0
0
0
0
0
0
0
0
0
0
0
0
0
0
0
0
0
0
0
0
0
0
0
0
0
0
0
0
0
0
0
0
0
0
0
0
0
0
0
0
0
0
0
0
0
0
0
0
0
0
0
0
0
0
0
0
0
0
0
0
0
0
0
0
0
0
0
0
0
0
0
0
0
0
0
0
0
0
0
0
0
0
0
0
0
0
0
0
0
0
0
0
0
0
0
0
0
0
0
0
0
0
0
0
0
0
0
0
0
0
0
0
0
0
0
0
0
0
0
0
0
0
0
0
0
0
0
0
0
0
0
0
0
0
0
0
0
0
0
0
0
0
0
0
0
0
0
0
0
0
0
0
0
0
0
0
0
0
0
0
0
0
0
0
0
0
0
0
0
0
0
0
0
0
0
0
0
0
0
0
0
0
0
0
0
0
0
0
0
0
0
0
0
0
0
0
0
0
0
0
0
0
0
0
0
0
0
0
0
0
0
0
0
0
0
0
0
0
0
0
0
0
0
0
0
0
0
0
0
0
0
0
0
0
0
0
0
0
0
0
0
0
0
0
0
0
0
0
0
0
0
0
0
0
0
0
0
0
0
0
0
0
0
0
0
0
0
0
0
0
0
0
0
0
0
0
0
0
0
0
0
0
0
0
0
0
0
0
0
0
0
0
0
0
0
0
0
0
0
0
0
0
0
0
0
0
0
0
0
0
0
0
0
0
0
0
0
0
0
0
0
0
0
0
0
0
0
0
0
0
0
0
0
0
0
0
0
0
0
0
0
0
0
0
0
0
0
0
0
0
0
0
0
0
0
0
0
0
0
0
0
0
0
0
0
0
0
0
0
0
0
0
0
0
0
0
0
0
0
0
0
0
0
0
0
0
0
0
0
0
0
0
0
0
0
0
0
0
0
0
0
0
0
0
0
0
0
0
0
0
0
0
0
0
0
0
0
0
0
0
0
0
0
0
0
0
0
0
0
0
0
0
0
0
0
0
0
0
0
0
0
0
0
0
0
0
0
0
0
0
0
0
0
0
0
0
0
0
0
0
0
0
0
0
0
0
0
0
0
0
0
0
0
0
0
0
0
0
0
0
0
0
0
0
0
0
0
0
0
0
0
0
0
0
0
0
0
0
0
0
0
0
0
0
0
0
0
0
0
0
0
0
0
0
0
0
0
0
0
0
0
0
0
0
0
0
0
0
0
0
0
0
0
0
0
0
0
0
0
0
0
0
0
0
0
0
0
0
0
0
0
0
0
0
0
0
0
0
0
0
0
0
0
0
0
0
0
0
0
0
0
0
0
0
0
0
0
0
0
0
0
0
0
0
0
0
0
0
0
0
0
0
0
0
0
0
0
0
0
0
0
0
0
0
0
0
0
0
0
0
0
0
0
0
0
0
0
0
0
0
0
0
0
0
0
