19	19	24
 0.2	0.2	0.2
 2	-7.6	-1
 0
 0
 0
 0
 0
 0
 0
 0
 0
 0
 0
 0
 0
 0
 0
 0
 0
 0
 0
 0
 0
 0
 0
 0
 0
 0
 0
 0
 0
 0
 0
 0
 0
 0
 0
 0
 0
 0
 0
 0
 0
 0
 0
 0
 0
 0
 0
 0
 0
 0
 0
 0
 0
 0
 0
 0
 0
 0
 0
 0
 0
 0
 0
 0
 0
 0
 0
 0
 0
 0
 0
 0
 0
 0
 0
 0
 0
 0
 0
 0
 0
 0
 0
 0
 0
 0
 0
 0
 0
 0
 0
 0
 0
 0
 0
 0
 0
 0
 0
 0
 0
 0
 0
 0
 0
 0
 0
 0
 0
 0
 0
 0
 0
 0
 0
 0
 0
 0
 0
 0
 0
 0
 0
 0
 0
 0
 0
 0
 0
 0
 0
 0
 0
 0
 0
 0
 0
 0
 0
 0
 0
 0
 0
 0
 0
 0
 0
 0
 0
 0
 0
 0
 0
 0
 0
 0
 0
 0
 0
 0
 0
 0
 0
 0
 0
 0
 0
 0
 0
 0
 0
 0
 0
 0
 0
 0
 0
 0
 0
 0
 0
 0
 0
 0
 0
 0
 0
 0
 0
 0
 0
 0
 0
 0
 0
 0
 0
 0
 0
 0
 0
 0
 0
 0
 0
 0
 0
 0
 0
 0
 0
 0
 0
 0
 0
 0
 0
 0
 0
 0
 0
 0
 0
 0
 0
 0
 0
 0
 0
 0
 0
 0
 0
 0
 0
 0
 0
 0
 0
 0
 0
 0
 0
 0
 0
 0
 0
 0
 0
 0
 0
 0
 0
 0
 0
 0
 0
 0
 0
 0
 0
 0
 0
 0
 0
 0
 0
 0
 0
 0
 0
 0
 0
 0
 0
 0
 0
 0
 0
 0
 0
 0
 0
 0
 0
 0
 0
 0
 0
 0
 0
 0
 0
 0
 0
 0
 0
 0
 0
 0
 0
 0
 0
 0
 0
 0
 0
 0
 0
 0
 0
 0
 0
 0
 0
 0
 0
 0
 0
 0
 0
 0
 0
 0
 0
 0
 0
 0
 0
 0
 0
 0
 0
 0
 0
 0
 0
 0
 0
 0
 0
 0
 0
 0
 0
 0
 0
 0
 0
 0
 0
 0
 0
 0
 0
 0
 0
 0
 0
 0
 0
 0
 0
 0
 0
 0
 0
 0
 0
 0
 0
 0
 0
 0
 0
 0
 0
 0
 0
 0
 0
 0
 0
 0
 0
 0
 0
 0
 0
 0
 0
 0
 0
 0
 0
 0
 0
 0
 0
 0
 0
 0
 0
 0
 0
 0
 0
 0
 0
 0
 0
 0
 0
 0
 0
 0
 0
 0
 0
 0
 0
 0
 0
 0
 0
 0
 0
 0
 0
 0
 0
 0
 0
 0
 0
 0
 0
 0
 0
 0
 0
 0
 0
 0
 0
 0
 0
 0
 0
 0
 0
 0
 0
 0
 0
 0
 0
 0
 0
 0
 0
 0
 0
 0
 0
 0
 0
 0
 0
 0
 0
 0
 0
 0
 0
 0
 0
 0
 0
 0
 0
 0
 0
 0
 0
 0
 0
 0
 0
 0
 0
 0
 0
 0
 0
 0
 0
 0
 0
 0
 0
 0
 0
 0
 0
 0
 0
 0
 0
 0
 0
 0
 0
 0
 0
 0
 0
 0
 0
 0
 0
 0
 0
 0
 0
 0
 0
 0
 0
 0
 0
 0
 0
 0
 0
 0
 0
 0
 0
 0
 0
 0
 0
 0
 0
 0
 0
 0
 0
 0
 0
 0
 0
 0
 0
 0
 0
 0
 0
 0
 0
 0
 0
 0
 0
 0
 0
 0
 0
 0
 0
 0
 0
 0
 0
 0
 0
 0
 0
 0
 0
 0
 0
 0
 0
 0
 0
 0
 0
 0
 0
 0
 0
 0
 0
 0
 0
 0
 0
 0
 0
 0
 0
 0
 0
 0
 0
 0
 0
 0
 0
 0
 0
 0
 0
 0
 0
 0
 0
 0
 0
 0
 0
 0
 0
 0
 0
 0
 0
 0
 0
 0
 0
 0
 0
 0
 0
 0
 0
 0
 0
 0
 0
 0
 0
 0
 0
 0
 0
 0
 0
 0
 0
 0
 0
 0
 0
 0
 0
 0
 0
 0
 0
 0
 0
 0
 0
 0
 0
 0
 0
 0
 0
 0
 0
 0
 0
 0
 0
 0
 0
 0
 0
 0
 0
 0
 0
 0
 0
 0
 0
 0
 0
 0
 0
 0
 0
 0
 0
 0
 0
 0
 0
 0
 0
 0
 0
 0
 0
 0
 0
 0
 0
 0
 0
 0
 0
 0
 0
 0
 0
 0
 0
 0
 0
 0
 0
 0
 0
 0
 0
 0
 0
 0
 0
 0
 0
 0
 0
 0
 0
 0
 0
 0
 0
 0
 0
 0
 0
 0
 0
 0
 0
 0
 0
 0
 0
 0
 0
 0
 0
 0
 0
 0
 0
 0
 0
 0
 0
 0
 0
 0
 0
 0
 0
 0
 0
 0
 0
 0
 0
 0
 0
 0
 0
 0
 0
 0
 0
 0
 0
 0
 0
 0
 0
 0
 0
 0
 0
 0
 0
 0
 0
 0
 0
 0
 0
 0
 0
 0
 0
 0
 0
 0
 0
 0
 0
 0
 0
 0
 0
 0
 0
 0
 0
 0
 0
 0
 0
 0
 0
 0
 0
 0
 0
 0
 0
 0
 0
 0
 0
 0
 0
 0
 0
 0
 0
 0
 0
 0
 0
 0
 0
 0
 0
 0
 0
 0
 0
 0
 0
 0
 0
 0
 0
 0
 0
 0
 0
 0
 0
 0
 0
 0
 0
 0
 0
 0
 0
 0
 0
 0
 0
 0
 0
 0
 0
 0
 0
 0
 0
 0
 0
 0
 0
 0
 0
 0
 0
 0
 0
 0
 0
 0
 0
 0
 0
 0
 0
 0
 0
 0
 0
 0
 0
 0
 0
 0
 0
 0
 0
 0
 0
 0
 0
 0
 0
 0
 0
 0
 0
 0
 0
 0
 0
 0
 0
 0
 0
 0
 0
 0
 0
 0
 0
 0
 0
 0
 0
 0
 0
 0
 0
 0
 0
 0
 0
 0
 0
 0
 0
 0
 0
 0
 0
 0
 0
 0
 0
 0
 0
 0
 0
 0
 0
 0
 0
 0
 0
 0
 0
 0
 0
 0
 0
 0
 0
 0
 0
 0
 0
 0
 0
 0
 0
 0
 0
 0
 0
 0
 0
 0
 0
 0
 0
 0
 0
 0
 0
 0
 0
 0
 0
 0
 0
 0
 0
 0
 0
 0
 0
 0
 0
 0
 0
 0
 0
 0
 0
 0
 0
 0
 0
 0
 0
 0
 0
 0
 0
 0
 0
 0
 0
 0
 0
 0
 0
 0
 0
 0
 0
 0
 0
 0
 0
 0
 0
 0
 0
 0
 0
 0
 0
 0
 0
 0
 0
 0
 0
 0
 0
 0
 0
 0
 0
 0
 0
 0
 0
 0
 0
 0
 0
 0
 0
 0
 0
 0
 0
 0
 0
 0
 0
 0
 0
 0
 0
 0
 0
 0
 0
 0
 0
 0
 0
 0
 0
 0
 0
 0
 0
 0
 0
 0
 0
 0
 0
 0
 0
 0
 0
 0
 0
 0
 0
 0
 0
 0
 0
 0
 0
 0
 0
 0
 0
 0
 0
 0
 0
 0
 0
 0
 0
 0
 0
 0
 0
 0
 0
 0
 0
 0
 0
 0
 0
 0
 0
 0
 0
 0
 0
 0
 0
 0
 0
 0
 0
 0
 0
 0
 0
 0
 0
 0
 0
 0
 0
 0
 0
 0
 0
 0
 0
 0
 0
 0
 0
 0
 0
 0
 0
 0
 0
 0
 0
 0
 0
 0
 0
 0
 0
 0
 0
 0
 0
 0
 0
 0
 0
 0
 0
 0
 0
 0
 0
 0
 0
 0
 0
 0
 0
 0
 0
 0
 0
 0
 0
 0
 0
 0
 0
 0
 0
 0
 0
 0
 0
 0
 0
 0
 0
 0
 0
 0
 0
 0
 0
 0
 0
 0
 0
 0
 0
 0
 0
 0
 0
 0
 0
 0
 0
 0
 0
 0
 0
 0
 0
 0
 0
 0
 0
 0
 0
 0
 0
 0
 0
 0
 0
 0
 0
 0
 0
 0
 0
 0
 0
 0
 0
 0
 0
 0
 0
 0
 0
 0
 0
 0
 0
 0
 0
 0
 0
 0
 0
 0
 0
 0
 0
 0
 0
 0
 0
 0
 0
 0
 0
 0
 0
 0
 0
 0
 0
 0
 0
 0
 0
 0
 0
 0
 0
 0
 0
 0
 0
 0
 0
 0
 0
 0
 0
 0
 0
 0
 0
 0
 0
 0
 0
 0
 0
 0
 0
 0
 0
 0
 0
 0
 0
 0
 0
 0
 0
 0
 0
 0
 0
 0
 0
 0
 0
 0
 0
 0
 0
 0
 0
 0
 0
 0
 0
 0
 0
 0
 0
 0
 0
 0
 0
 0
 0
 0
 0
 0
 0
 0
 0
 0
 0
 0
 0
 0
 0
 0
 0
 0
 0
 0
 0
 0
 0
 0
 0
 0
 0
 0
 0
 0
 0
 0
 0
 0
 0
 -0.7468159457617594
 -0.9087090600684702
 -0.5229291835604242
 0
 0
 0
 0
 0
 0
 0
 0
 0
 0
 0
 0
 0
 0
 0
 0
 0
 0
 0
 0
 -0.7625770254753359
 -1.5203388833510276
 -1.6834275485553656
 -1.3054812206249746
 -0.4469603851654096
 0
 0
 0
 0
 0
 0
 0
 0
 0
 0
 0
 0
 0
 0
 0
 0
 0
 0
 0
 -0.23270022783868605
 -0.9938574139371763
 -1.1791468204912317
 -0.9158766199519386
 -0.6144672696562514
 -0.8988076979169479
 -1.3255071810524797
 -1.3422747548884493
 -0.8666505699315801
 0
 0
 0
 0
 0
 0
 0
 0
 0
 0
 0
 0
 0
 0
 0
 0
 0
 0
 -0.2585837589344848
 -0.9030970267591245
 -1.520534821409317
 -1.896131937444978
 -1.8677554542320518
 -1.3856179438822043
 -0.3807562805089635
 0
 0
 0
 0
 0
 0
 0
 0
 0
 0
 0
 0
 0
 0
 0
 0
 0
 0
 -0.6690973380765248
 -1.2376480516478399
 -1.5061375762585199
 -1.4201275241012423
 -0.9477172317582783
 -0.019126224924189472
 0
 0
 0
 0
 0
 0
 0
 0
 0
 0
 0
 0
 0
 0
 0
 0
 0
 0
 0
 -0.17181998760647943
 -0.4130644213723027
 -0.275374672041087
 0
 0
 0
 0
 0
 0
 0
 0
 0
 0
 0
 0
 0
 0
 0
 0
 0
 0
 0
 0
 0
 0
 0
 0
 0
 0
 0
 0
 0
 0
 0
 0
 0
 0
 0
 0
 0
 0
 0
 0
 0
 0
 0
 0
 0
 0
 0
 0
 0
 0
 0
 0
 0
 0
 0
 0
 0
 0
 0
 0
 0
 0
 0
 0
 0
 0
 0
 0
 0
 0
 0
 0
 0
 0
 0
 0
 0
 0
 0
 0
 0
 0
 0
 0
 0
 0
 0
 0
 0
 0
 0
 0
 0
 0
 0
 0
 0
 0
 0
 0
 0
 0
 0
 0
 0
 0
 0
 0
 0
 0
 0
 0
 0
 0
 0
 0
 0
 0
 0
 0
 0
 0
 0
 0
 0
 0
 0
 0
 0
 0
 0
 0
 0
 0
 0
 0
 0
 0
 0
 0
 0
 0
 0
 0
 0
 0
 0
 0
 0
 0
 0
 0
 0
 0
 0
 0
 0
 0
 0
 0
 0
 0
 0
 0
 0
 0
 0
 0
 0
 0
 0
 0
 0
 0
 0
 0
 0
 0
 0
 0
 0
 0
 0
 0
 0
 0
 0
 0
 0
 0
 0
 0
 0
 0
 0
 0
 0
 0
 0
 0
 0
 0
 0
 0
 0
 0
 0
 0
 0
 0
 0
 0
 0
 0
 0
 0
 0
 0
 0
 0
 0
 0
 0
 0
 0
 0
 0
 0
 0
 0
 0
 0
 0
 0
 0
 0
 0
 0
 0
 0
 0
 0
 0
 0
 0
 0
 0
 0
 0
 0
 0
 0
 0
 0
 0
 0
 0
 0
 0
 0
 0
 0
 0
 0
 0
 0
 0
 0
 0
 0
 0
 0
 0
 0
 0
 0
 0
 0
 0
 0
 0
 0
 0
 0
 0
 0
 0
 0
 0
 0
 0
 0
 0
 0
 0
 0
 0
 0
 0
 0
 0
 0
 0
 -0.09903263684414476
 -1.3679639868836952
 -2.1255509425139225
 -2.287366833146322
 -1.9009706276845861
 -0.9674236349237724
 0
 0
 0
 0
 0
 0
 0
 0
 0
 0
 0
 0
 0
 0
 0
 0
 0
 -0.1890967140890023
 -2.024742890913351
 -3.2936782988105433
 -4.051285221157206
 -4.213243214382064
 -3.827756380372538
 -2.90228107717049
 -1.4221863374782915
 -0.2636265149447361
 0
 0
 0
 0
 0
 0
 0
 0
 0
 0
 0
 0
 0
 0
 0
 -0.9626431159079907
 -2.798118182424825
 -4.067108879414211
 -4.825049683258733
 -4.989243767957935
 -4.616231824066982
 -3.780239121821813
 -2.9401836609819876
 -2.9516010541168027
 -2.931544186260063
 -2.449721090342223
 -1.408504752786155
 0
 0
 0
 0
 0
 0
 0
 0
 0
 0
 0
 0
 -0.44320962394958485
 -2.269736311532138
 -3.5389860209620894
 -4.303687527233664
 -4.511021836783974
 -4.32922143917756
 -4.1864365136659245
 -4.46728362739946
 -4.787471819357936
 -4.74451621823995
 -4.244959840149915
 -3.211021569095621
 -1.5511162077704217
 0
 0
 0
 0
 0
 0
 0
 0
 0
 0
 0
 0
 -0.5897942109271179
 -1.8368394104081576
 -2.6989135571657874
 -3.373414261027511
 -4.073102469447092
 -4.738797827467465
 -5.238316276265169
 -5.481895737900386
 -5.3784879636629235
 -4.872874582419394
 -3.884666484413228
 -2.328023384589189
 -0.46283276918221716
 0
 0
 0
 0
 0
 0
 0
 0
 0
 0
 0
 0
 0
 -0.9118896233728773
 -2.610501020962321
 -3.809536187894601
 -4.615153710675978
 -5.103323586547139
 -5.280059654819995
 -5.136563266104823
 -4.654857293002548
 -3.759404981788447
 -2.3521657429598655
 -0.6116574349800947
 0
 0
 0
 0
 0
 0
 0
 0
 0
 0
 0
 0
 0
 0
 -1.279960772277005
 -2.6135474192377357
 -3.549155405082618
 -4.1378367013462185
 -4.347259256111389
 -4.186618402894037
 -3.692005296805328
 -2.8168662763762686
 -1.4601870214098742
 0
 0
 0
 0
 0
 0
 0
 0
 0
 0
 0
 0
 0
 0
 0
 0
 -0.6805835331073613
 -1.8006932646185438
 -2.508231578175976
 -2.7493805497257418
 -2.542170597326
 -1.9608408663398267
 -1.000357429416023
 0
 0
 0
 0
 0
 0
 0
 0
 0
 0
 0
 0
 0
 0
 0
 0
 0
 0
 0
 0
 -0.06381932463052387
 0
 0
 0
 0
 0
 0
 0
 0
 0
 0
 0
 0
 0
 0
 0
 0
 0
 0
 0
 0
 0
 0
 0
 0
 0
 0
 0
 0
 0
 0
 0
 0
 0
 0
 0
 0
 0
 0
 0
 0
 0
 0
 0
 0
 0
 0
 0
 0
 0
 0
 0
 0
 0
 0
 0
 0
 0
 0
 0
 0
 0
 0
 0
 0
 0
 0
 0
 0
 0
 0
 0
 0
 0
 0
 0
 0
 0
 0
 0
 0
 0
 0
 0
 0
 0
 0
 0
 0
 0
 0
 0
 0
 0
 0
 0
 0
 0
 0
 0
 0
 0
 0
 0
 0
 0
 0
 0
 0
 0
 0
 0
 0
 0
 0
 0
 0
 0
 0
 0
 0
 0
 0
 0
 0
 0
 0
 0
 0
 0
 0
 0
 0
 0
 0
 0
 0
 0
 0
 0
 0
 0
 0
 0
 0
 0
 0
 0
 0
 0
 0
 0
 0
 0
 0
 0
 0
 0
 0
 0
 0
 0
 0
 0
 0
 0
 0
 0
 0
 0
 0
 0
 0
 0
 0
 0
 0
 0
 0
 0
 0
 0
 0
 0
 0
 0
 0
 0
 0
 0
 0
 0
 0
 0
 0
 0
 0
 0
 0
 0
 0
 0
 0
 0
 0
 0
 0
 0
 0
 0
 0
 0
 0
 0
 0
 0
 0
 0
 0
 0
 0
 0
 0
 0
 0
 0
 0
 0
 0
 0
 0
 0
 0
 0
 0
 -0.3882036553065742
 -0.550007439222628
 -0.1635136718717245
 0
 0
 0
 0
 0
 0
 0
 0
 0
 0
 0
 0
 0
 0
 0
 0
 0
 0
 0
 -1.667971376266129
 -2.936903323496246
 -3.694492244291787
 -3.856318719330619
 -3.4699674830432734
 -2.5366379662023073
 -0.9571772760816204
 0
 0
 0
 0
 0
 0
 0
 0
 0
 0
 0
 0
 0
 0
 0
 0
 -1.75816895974849
 -3.5937102823733786
 -4.862636307559074
 -5.620270396976165
 -5.782392918033203
 -5.397605393715646
 -4.475471652649742
 -3.0139362663062865
 -1.889715125039121
 -1.5786868411804456
 -1.0634203398129287
 -0.015501348476098187
 0
 0
 0
 0
 0
 0
 0
 0
 0
 0
 0
 0
 -2.53575065871261
 -4.367889228986757
 -5.636451729247298
 -6.39480792201249
 -6.561800735884236
 -6.2004431122919215
 -5.4129032136053175
 -4.681675575007219
 -4.660815194605217
 -4.5822593665229325
 -4.071813640613268
 -3.0198883326737977
 -1.3257146824086226
 0
 0
 0
 0
 0
 0
 0
 0
 0
 0
 -0.28761420901832757
 -2.192104033801928
 -3.875319349170316
 -5.120383306198306
 -5.890704046014019
 -6.150756306560401
 -6.125682558119227
 -6.191417998382732
 -6.4516632065317445
 -6.628226343293679
 -6.491989570116234
 -5.951633083061788
 -4.913825255981519
 -3.283741734989791
 -1.3501146556977996
 0
 0
 0
 0
 0
 0
 0
 0
 -0.40117834647362116
 -1.6097876900046364
 -2.361718667459189
 -2.931989990883345
 -3.6868281627135824
 -4.5324596745281145
 -5.475557106889472
 -6.339122330252955
 -6.985387788985704
 -7.369762952224792
 -7.4742741114130595
 -7.2786309509817695
 -6.740652041521482
 -5.771936877216779
 -4.277222862089281
 -2.4742681590626496
 -0.20646182380011346
 0
 0
 0
 0
 0
 0
 0
 -1.0003909266029645
 -2.1938312071303114
 -2.8367574416160855
 -2.9755639503453866
 -2.913290251546054
 -3.5912981170632152
 -5.097677476682115
 -6.213561214938876
 -6.942157062887088
 -7.3485855461964995
 -7.443923878613294
 -7.247801111135004
 -6.754291991199863
 -5.882002518489786
 -4.516834350938834
 -2.807923804360808
 -0.6167905000848135
 0
 0
 0
 0
 0
 0
 0
 -0.2766611177084215
 -1.4698563396175093
 -2.1103980334372574
 -2.2315306841050697
 -2.0448760169239852
 -2.4207613404196646
 -3.8774416204229194
 -5.068131562078765
 -5.917953292847703
 -6.451983511063781
 -6.6272228503809165
 -6.447144210781668
 -5.9446610937712485
 -5.071384170972789
 -3.7224064186327626
 -2.031842236090154
 0
 0
 0
 0
 0
 0
 0
 0
 0
 0
 -0.23850193700663702
 -0.3602373262540173
 -0.1499620209317829
 -0.3875020167719523
 -1.8393177065882131
 -3.173737606584404
 -4.1940317420096695
 -4.857947989889086
 -5.083233563700372
 -4.871028165813639
 -4.287121590927446
 -3.325106599647164
 -1.919241744540896
 -0.21995175576804016
 0
 0
 0
 0
 0
 0
 0
 0
 0
 0
 0
 0
 0
 0
 0
 -0.3246355401350165
 -1.4775332249913404
 -2.211713579405547
 -2.4464622808064673
 -2.1898858892651676
 -1.5272648408947287
 -0.5017911453528487
 0
 0
 0
 0
 0
 0
 0
 0
 0
 0
 0
 0
 0
 0
 0
 0
 0
 0
 0
 0
 0
 0
 0
 0
 0
 0
 0
 0
 0
 0
 0
 0
 0
 0
 0
 0
 0
 0
 0
 0
 0
 0
 0
 0
 0
 0
 0
 0
 0
 0
 0
 0
 0
 0
 0
 0
 0
 0
 0
 0
 0
 0
 0
 0
 0
 0
 0
 0
 0
 0
 0
 0
 0
 0
 0
 0
 0
 0
 0
 0
 0
 0
 0
 0
 0
 0
 0
 0
 0
 0
 0
 0
 0
 0
 0
 0
 0
 0
 0
 0
 0
 0
 0
 0
 0
 0
 0
 0
 0
 0
 0
 0
 0
 0
 0
 0
 0
 0
 0
 0
 0
 0
 0
 0
 0
 0
 0
 0
 0
 0
 0
 0
 0
 0
 0
 0
 0
 0
 0
 0
 0
 0
 0
 0
 0
 0
 0
 0
 0
 0
 0
 0
 0
 0
 0
 0
 0
 0
 0
 0
 0
 0
 0
 0
 0
 0
 0
 0
 0
 0
 0
 0
 0
 0
 0
 0
 0
 0
 0
 0
 0
 0
 0
 0
 0
 0
 0
 0
 0
 0
 0
 0
 0
 0
 0
 0
 0
 0
 0
 0
 0
 0
 0
 0
 0
 0
 0
 0
 0
 0
 0
 0
 0
 0
 0
 0
 0
 0
 0
 0
 0
 0
 0
 0
 0
 0
 0
 0
 0
 0
 0
 -0.17953736959115574
 -0.34134115350726724
 0
 0
 0
 0
 0
 0
 0
 0
 0
 0
 0
 0
 0
 0
 0
 0
 0
 0
 0
 0
 -1.4593135117741847
 -2.7282525772577557
 -3.4858578483490383
 -3.647743146133063
 -3.2615830172027334
 -2.3290069476050244
 -0.7535632722765602
 0
 0
 0
 0
 0
 0
 0
 0
 0
 0
 0
 0
 0
 0
 0
 0
 -1.55260358352945
 -3.385756401070431
 -4.654346490847309
 -5.4121447735791115
 -5.57518260061094
 -5.193413151291008
 -4.282908622582765
 -2.8733147867088347
 -1.8198879303227908
 -1.464592907451924
 -0.9109361863640206
 0
 0
 0
 0
 0
 0
 0
 0
 0
 0
 0
 0
 -0.20320607298533844
 -2.4189482618460545
 -4.179539641529307
 -5.436127876014489
 -6.195985486153002
 -6.378284762782309
 -6.065122245342664
 -5.419498965584841
 -4.879492465120111
 -4.7554642784148315
 -4.549316860652434
 -3.975728645422521
 -2.899823109185463
 -1.2094787244086103
 0
 0
 0
 0
 0
 0
 0
 0
 0
 -1.478647825138716
 -2.7101627991264516
 -3.552152267186556
 -4.303337694546172
 -5.16392310702823
 -5.897735085435589
 -6.356533535866053
 -6.649517492097373
 -6.876787705511738
 -6.994847262236587
 -6.929649863626543
 -6.627437405836861
 -6.008063867606548
 -4.95645840746794
 -3.365857521947998
 -1.4899175382778926
 0
 0
 0
 0
 0
 0
 0
 -1.5934803063121787
 -3.2642064657901484
 -4.472060147603339
 -5.156146689202872
 -5.387519557808662
 -5.447080782562514
 -5.858994572817629
 -6.76835496908835
 -7.508175555013188
 -7.945552826955395
 -8.094533860442771
 -7.978483032114163
 -7.635566489121658
 -7.033383528674795
 -6.067050005148239
 -4.617701893240973
 -2.8592216859169692
 -0.6313813926499092
 0
 0
 0
 0
 0
 0
 -2.1950450822742713
 -3.8656948094993666
 -5.072907126180578
 -5.751371686872311
 -5.950458944733578
 -5.8684997043007305
 -6.022561840157534
 -6.877990266116845
 -7.639338883457072
 -8.09436288960008
 -8.26709604938623
 -8.183785085049003
 -7.87874207909294
 -7.327703187127566
 -6.429651362160365
 -5.056366237385779
 -3.348165791233895
 -1.1605071603297343
 0
 0
 0
 0
 0
 0
 -1.471394710708866
 -3.1421850135241476
 -4.35000314596192
 -5.030876151125071
 -5.23502361067316
 -5.148494373074527
 -5.234186606384932
 -6.024617048148265
 -6.800974950861539
 -7.322006160926966
 -7.6036952074630415
 -7.6239129153391225
 -7.356276626226942
 -6.785871825811146
 -5.851425274177048
 -4.463158039692413
 -2.7765302837651324
 -0.639380918186947
 0
 0
 0
 0
 0
 0
 0
 -1.2699335414073474
 -2.480082232366305
 -3.1712499358141395
 -3.4068875137761
 -3.3961096491521614
 -3.564839309981002
 -4.367573814419401
 -5.199113780353006
 -5.830839485154511
 -6.239330466212177
 -6.33954137461844
 -6.086192196191028
 -5.513188831886334
 -4.635485453662645
 -3.428829580597437
 -1.9709612291881973
 -0.09411747632608325
 0
 0
 0
 0
 0
 0
 0
 0
 0
 0
 -0.28573562972080246
 -0.5260500260366792
 -0.8901639083477795
 -1.6911674774147567
 -2.602012189383366
 -3.3787341569636506
 -3.91876689969434
 -4.124667484584263
 -4.03431972962388
 -3.7793392109906954
 -3.338738977792974
 -2.5262718207720543
 -1.2807295077585774
 0
 0
 0
 0
 0
 0
 0
 0
 0
 0
 0
 0
 0
 0
 0
 0
 0
 -0.44330415833623604
 -0.9975820887311198
 -1.4368053654023054
 -1.6602271420265247
 -1.4921256837713255
 -0.7916282391116836
 0
 0
 0
 0
 0
 0
 0
 0
 0
 0
 0
 0
 0
 0
 0
 0
 0
 0
 0
 0
 0
 0
 0
 0
 0
 0
 0
 0
 0
 0
 0
 0
 0
 0
 0
 0
 0
 0
 0
 0
 0
 0
 0
 0
 0
 0
 0
 0
 0
 0
 0
 0
 0
 0
 0
 0
 0
 0
 0
 0
 0
 0
 0
 0
 0
 0
 0
 0
 0
 0
 0
 0
 0
 0
 0
 0
 0
 0
 0
 0
 0
 0
 0
 0
 0
 0
 0
 0
 0
 0
 0
 0
 0
 0
 0
 0
 0
 0
 0
 0
 0
 0
 0
 0
 0
 0
 0
 0
 0
 0
 0
 0
 0
 0
 0
 0
 0
 0
 0
 0
 0
 0
 0
 0
 0
 0
 0
 0
 0
 0
 0
 0
 0
 0
 0
 0
 0
 0
 0
 0
 0
 0
 0
 0
 0
 0
 0
 0
 0
 0
 0
 0
 0
 0
 0
 0
 0
 0
 0
 0
 0
 0
 0
 0
 0
 0
 0
 0
 0
 0
 0
 0
 0
 0
 0
 0
 0
 0
 0
 0
 0
 0
 0
 0
 0
 0
 0
 0
 0
 0
 0
 0
 0
 0
 0
 0
 0
 0
 0
 0
 0
 0
 0
 0
 0
 0
 0
 0
 0
 0
 0
 0
 0
 0
 0
 0
 0
 0
 0
 0
 0
 0
 0
 0
 0
 0
 0
 0
 0
 -0.7355036533121648
 -1.493492388224876
 -1.6563206586363561
 -1.2722768033502856
 -0.34551963579619027
 0
 0
 0
 0
 0
 0
 0
 0
 0
 0
 0
 0
 0
 0
 0
 0
 0
 0
 -1.4114470177233045
 -2.67318265577948
 -3.434501598810521
 -3.611817679228154
 -3.2630893599158926
 -2.4379628538972424
 -1.2507659077679056
 -0.30985491378573116
 0
 0
 0
 0
 0
 0
 0
 0
 0
 0
 0
 0
 0
 0
 -0.42450362336312963
 -1.4960274809745169
 -2.6040713099856783
 -3.6749380786199897
 -4.455276478722661
 -4.806881467314482
 -4.792039667069322
 -4.532927920177148
 -4.118865033385627
 -3.619465058753362
 -3.0434501024714384
 -2.2678327447692075
 -1.108902106369806
 0
 0
 0
 0
 0
 0
 0
 0
 0
 -0.7843310919892872
 -2.4646927818707836
 -3.6997958604850947
 -4.458950570566907
 -4.856345777362813
 -5.219637336698392
 -5.820658762161921
 -6.496321111291303
 -6.887342410130068
 -6.958272680463893
 -6.719131793142796
 -6.205464990079813
 -5.516840665370423
 -4.653051329118183
 -3.49667072486638
 -1.89915287957498
 -0.055997262437553985
 0
 0
 0
 0
 0
 0
 -0.36154550068082614
 -2.5736275275530707
 -4.253888321409468
 -5.487769879664892
 -6.235852330794184
 -6.574684140925825
 -6.745614464570093
 -7.103575483938678
 -7.7412377641453896
 -8.1980421146533
 -8.344850295793515
 -8.170268444976843
 -7.6972160351261305
 -7.028106519227554
 -6.183556299649157
 -5.064427627245331
 -3.5245675311951548
 -1.7289761611874566
 0
 0
 0
 0
 0
 0
 -0.9631105216851257
 -3.1752903992294756
 -4.8558169936382285
 -6.090690421447745
 -6.841611818962781
 -7.179093632465937
 -7.3048437576227405
 -7.528151666267946
 -8.09794139231009
 -8.605202765435877
 -8.840936177830727
 -8.773249520570888
 -8.417483081739675
 -7.845520043741941
 -7.0487164455990845
 -5.930200437869874
 -4.38145296600462
 -2.607697069594767
 -0.4205989864065014
 0
 0
 0
 0
 0
 -0.2396504407003892
 -2.452274856867624
 -4.133967393257436
 -5.373995824874429
 -6.1458124758831785
 -6.535053380918476
 -6.741211849081456
 -6.9951914682536
 -7.541049733640366
 -8.100032440189178
 -8.44722779296594
 -8.534210803194705
 -8.34368618093397
 -7.886567457381806
 -7.157905974087684
 -6.138565529186107
 -4.825279899768718
 -3.338201585552228
 -1.463599217870378
 0
 0
 0
 0
 0
 0
 -0.5848601909317814
 -2.27058024074981
 -3.5283716735571264
 -4.368600237062211
 -4.908774818664208
 -5.32003489270058
 -5.688660530578419
 -6.198556055654246
 -6.779578367927948
 -7.237187513729506
 -7.481634861474414
 -7.449052077067653
 -7.158445974300635
 -6.706703350517684
 -6.117051159371108
 -5.234667854430379
 -3.9709778848014974
 -2.2254839130820505
 0
 0
 0
 0
 0
 0
 0
 0
 -0.3834349651444917
 -1.4523332937808267
 -2.329079431754012
 -3.0127771860598838
 -3.46541707730462
 -3.8950287470079727
 -4.49738552797749
 -5.109480593426874
 -5.553313217330863
 -5.76214623590052
 -5.840961128232172
 -5.8397763829455664
 -5.581862941169962
 -4.853759939477771
 -3.6353652412245605
 -1.909382732818158
 0
 0
 0
 0
 0
 0
 0
 0
 0
 0
 0
 0
 0
 -0.39151117402375846
 -1.2322317026816902
 -2.213809888937937
 -3.0292804427507285
 -3.6229809831396764
 -4.007959744029387
 -4.149860429171283
 -3.928441912811918
 -3.2087947203037226
 -2.007642565762107
 -0.32677241720837813
 0
 0
 0
 0
 0
 0
 0
 0
 0
 0
 0
 0
 0
 0
 0
 -0.15686823726110966
 -1.2878600191571294
 -1.9870694151765882
 -2.2363098373720947
 -2.1564853135709887
 -1.8501873520253795
 -1.353873224543177
 -0.6321294136045852
 0
 0
 0
 0
 0
 0
 0
 0
 0
 0
 0
 0
 0
 0
 0
 0
 0
 0
 -0.0021023066388252687
 -0.3399157578263363
 -0.5766865166323676
 -0.8663055876688075
 -0.9608237261332269
 -0.5990315977389944
 0
 0
 0
 0
 0
 0
 0
 0
 0
 0
 0
 0
 0
 0
 0
 0
 0
 0
 0
 0
 0
 0
 -0.09245492155903534
 0
 0
 0
 0
 0
 0
 0
 0
 0
 0
 0
 0
 0
 0
 0
 0
 0
 0
 0
 0
 0
 0
 0
 0
 0
 0
 0
 0
 0
 0
 0
 0
 0
 0
 0
 0
 0
 0
 0
 0
 0
 0
 0
 0
 0
 0
 0
 0
 0
 0
 0
 0
 0
 0
 0
 0
 0
 0
 0
 0
 0
 0
 0
 0
 0
 0
 0
 0
 0
 0
 0
 0
 0
 0
 0
 0
 0
 0
 0
 0
 0
 0
 0
 0
 0
 0
 0
 0
 0
 0
 0
 0
 0
 0
 0
 0
 0
 0
 0
 0
 0
 0
 0
 0
 0
 0
 0
 0
 0
 0
 0
 0
 0
 0
 0
 0
 0
 0
 0
 0
 0
 0
 0
 0
 0
 0
 0
 0
 0
 0
 0
 0
 0
 0
 0
 0
 0
 0
 0
 0
 0
 0
 0
 0
 0
 0
 0
 0
 0
 0
 0
 0
 0
 0
 0
 0
 0
 0
 0
 0
 0
 0
 0
 0
 0
 0
 0
 0
 0
 0
 0
 0
 0
 0
 0
 0
 0
 0
 0
 0
 0
 0
 -0.23317021540112925
 -0.6477728414851756
 -0.6229805561930544
 -0.21178742092829772
 0
 0
 0
 0
 0
 0
 0
 0
 0
 0
 0
 0
 0
 0
 0
 0
 0
 -0.6841378187970033
 -1.4564497981919873
 -2.2848991038322417
 -3.1380402140775816
 -3.7559817953773544
 -3.943644441122397
 -3.729126875123292
 -3.1406277578433572
 -2.241126937483217
 -1.1173008678788614
 0
 0
 0
 0
 0
 0
 0
 0
 0
 0
 0
 -0.010421793486479203
 -1.7241587180071374
 -3.0451789170094274
 -3.9885501309339233
 -4.6311739606264295
 -5.19265769989058
 -5.815848761197097
 -6.374754748409518
 -6.610122534302345
 -6.502264413076315
 -6.0637041400047735
 -5.30606110972501
 -4.277203124119956
 -2.984810510282209
 -1.4108133500651636
 0
 0
 0
 0
 0
 0
 0
 0
 0
 -1.8002983274421664
 -3.5151268840528527
 -4.839608151047435
 -5.789538819978133
 -6.419087860024849
 -6.88837233867975
 -7.340450342464018
 -7.800442458816687
 -8.070927216439344
 -8.078068365902404
 -7.791503869509286
 -7.179899992324108
 -6.2859337106651445
 -5.127083638246001
 -3.661079980643123
 -1.8117782602007955
 0
 0
 0
 0
 0
 0
 0
 -0.17569599198729335
 -2.4056006955113087
 -4.1232794392336585
 -5.45916691396682
 -6.445287224915093
 -7.131477763717376
 -7.636408181353587
 -8.04260998204277
 -8.430114052593733
 -8.72662006117291
 -8.83464518217704
 -8.679091537738946
 -8.204273916042293
 -7.445665857256236
 -6.418069479421877
 -5.094964853163146
 -3.4857974366723266
 -1.8412785477351639
 0
 0
 0
 0
 0
 0
 0
 -1.7392145554386431
 -3.464999848027894
 -4.836675218264905
 -5.935639369784791
 -6.794530483169229
 -7.464358567474148
 -7.952871512872635
 -8.338916954679256
 -8.653553587298195
 -8.827576717477326
 -8.77758498154615
 -8.436577625752829
 -7.828867005219372
 -7.02334387522172
 -6.107399428828849
 -5.045774199214064
 -3.7334732088214135
 -1.9704282287533381
 0
 0
 0
 0
 0
 0
 -0.4827255334758789
 -2.2013081215537973
 -3.576817515382211
 -4.740729328361499
 -5.716995027844371
 -6.496055646312165
 -7.053300092259176
 -7.482311632558843
 -7.8424369654885036
 -8.082987693192614
 -8.133992496358578
 -7.935591902083525
 -7.551883763930535
 -7.130038875257827
 -6.647208548383714
 -5.8446980860748035
 -4.6108271134640395
 -2.879410005107819
 -0.5413763736398058
 0
 0
 0
 0
 0
 0
 -1.191405609713449
 -2.455324501841651
 -3.356467076186475
 -4.058140336837148
 -4.691578097399975
 -5.23016540435086
 -5.73022388716831
 -6.194250052296358
 -6.5773603387631905
 -6.831185566354588
 -6.897937484521548
 -6.82138697109903
 -6.66648079142669
 -6.315025902109859
 -5.5497996019687275
 -4.3268546031483925
 -2.612247210874081
 -0.3138863851555733
 0
 0
 0
 0
 0
 0
 0
 -0.7041543153102117
 -1.4685577345089058
 -1.8600896336069033
 -2.087449087333723
 -2.342231204731574
 -2.851567869894984
 -3.6099275658430043
 -4.5108730020072265
 -5.330451004041631
 -5.849648647001131
 -5.962346042551305
 -5.729215371770058
 -5.207687405241679
 -4.4177729984936995
 -3.4098571130705944
 -2.1162190384929955
 -0.42745059882047265
 0
 0
 0
 0
 0
 0
 0
 0
 0
 0
 0
 0
 0
 -1.4675038352707057
 -3.006699997208841
 -4.166248292647271
 -4.870676280680648
 -5.106565610996992
 -5.064231613044727
 -4.958409117644643
 -4.775518800286324
 -4.277783536912163
 -3.35634750039576
 -1.9158343686784853
 0
 0
 0
 0
 0
 0
 0
 0
 0
 0
 0
 0
 0
 0
 -1.0477277456123728
 -2.3101870937974542
 -3.201362900150528
 -3.8439887818945433
 -4.411899823001728
 -4.841708030231025
 -4.947155610886691
 -4.58961648994419
 -3.7811723517463403
 -2.4664107142288385
 -0.42437303706515905
 0
 0
 0
 0
 0
 0
 0
 0
 0
 0
 0
 0
 0
 0
 0
 -0.8568553371189358
 -2.1935636986029747
 -3.23525817340834
 -3.93034385353074
 -4.221049708252336
 -4.031480507238256
 -3.3898355177233013
 -2.2452919271019596
 -0.39806945831261764
 0
 0
 0
 0
 0
 0
 0
 0
 0
 0
 0
 0
 0
 0
 0
 0
 0
 -1.119746265795274
 -2.0806977968878053
 -2.6163147452247895
 -2.631268309765316
 -2.1469604304122125
 -1.1245368709307035
 0
 0
 0
 0
 0
 0
 0
 0
 0
 0
 0
 0
 0
 0
 0
 0
 0
 0
 0
 0
 -0.3515192294548086
 -0.4401173907416531
 -0.00135931677230694
 0
 0
 0
 0
 0
 0
 0
 0
 0
 0
 0
 0
 0
 0
 0
 0
 0
 0
 0
 0
 0
 0
 0
 0
 0
 0
 0
 0
 0
 0
 0
 0
 0
 0
 0
 0
 0
 0
 0
 0
 0
 0
 0
 0
 0
 0
 0
 0
 0
 0
 0
 0
 0
 0
 0
 0
 0
 0
 0
 0
 0
 0
 0
 0
 0
 0
 0
 0
 0
 0
 0
 0
 0
 0
 0
 0
 0
 0
 0
 0
 0
 0
 0
 0
 0
 0
 0
 0
 0
 0
 0
 0
 0
 0
 0
 0
 0
 0
 0
 0
 0
 0
 0
 0
 0
 0
 0
 0
 0
 0
 0
 0
 0
 0
 0
 0
 0
 0
 0
 0
 0
 0
 0
 0
 0
 0
 0
 0
 0
 0
 0
 0
 0
 0
 0
 0
 0
 0
 0
 0
 0
 0
 0
 0
 0
 0
 0
 0
 0
 0
 0
 0
 0
 0
 -0.8694247467428529
 -1.513104180180548
 -2.002987278187131
 -2.366593973029535
 -2.4196725175964477
 -2.088961499728055
 -1.3692135305172766
 -0.3417701405532938
 0
 0
 0
 0
 0
 0
 0
 0
 0
 0
 0
 0
 0
 0
 -1.7539623685784473
 -3.2489246416580793
 -4.211288917211892
 -4.770641311914277
 -5.072394193982699
 -5.249783343443497
 -5.26161689653563
 -5.013314280868105
 -4.467320123492726
 -3.6220799754812845
 -2.483960729151308
 -0.9994494972383077
 0
 0
 0
 0
 0
 0
 0
 0
 0
 0
 0
 -1.7368627641497651
 -3.5853278115295355
 -5.1076824777996315
 -6.10236397301745
 -6.686741935415382
 -6.976747159501436
 -7.109911085550273
 -7.138056925347383
 -6.980446580196901
 -6.555634697407933
 -5.808712835920236
 -4.751396134629801
 -3.3660360499551567
 -1.6273896355914506
 0
 0
 0
 0
 0
 0
 0
 0
 0
 -0.5443130895343291
 -2.5357344392556547
 -4.347394499060255
 -5.886954497602227
 -6.943603307584157
 -7.624526147448101
 -8.035764298218124
 -8.297423928001153
 -8.433934039820251
 -8.359889506410466
 -7.9915103770007505
 -7.28330095666376
 -6.273366721933438
 -4.975317327457482
 -3.4537950930623698
 -1.9030212293964803
 -0.43541130335916556
 0
 0
 0
 0
 0
 0
 0
 -1.515404755658512
 -3.2658060408765444
 -4.70275801413877
 -5.923532914483297
 -6.901529805071675
 -7.678100986301016
 -8.284565551011672
 -8.77059542109538
 -9.05486497714522
 -9.063828557565225
 -8.749590453290546
 -8.097565894158468
 -7.176087460745814
 -6.071014670715478
 -4.972549698107121
 -3.898057654682283
 -2.6111023602826737
 -0.8638321743827477
 0
 0
 0
 0
 0
 -0.08817620299642037
 -2.299784136772745
 -3.9801457709562618
 -5.223770906954488
 -6.039125091823657
 -6.589838212773817
 -7.1380651603513625
 -7.754037924663296
 -8.351017544102916
 -8.717104051526242
 -8.791073594101075
 -8.561594416604247
 -8.04432926080902
 -7.323986753830374
 -6.516123449880414
 -5.7287276993392595
 -4.800005029754885
 -3.5401978801139355
 -1.8035041504260558
 0
 0
 0
 0
 0
 0
 -1.9931486042642632
 -3.671960780002622
 -4.903541338202135
 -5.653749778735035
 -6.012925960935641
 -6.215543364068202
 -6.520596315379533
 -7.012371895712626
 -7.3954312466995535
 -7.560604487094389
 -7.539529735595948
 -7.373070159117327
 -7.041477969162568
 -6.517453628277195
 -5.794539607144758
 -4.8283450788039355
 -3.618441948344482
 -2.0625104419584988
 -0.09427196746559119
 0
 0
 0
 0
 0
 -0.33363533008372137
 -2.0268522157859525
 -3.2942872391687743
 -4.114258165044276
 -4.532061605046746
 -4.652681947888995
 -4.572704680328668
 -4.600237597534642
 -4.9661668782731345
 -5.6098816541251395
 -6.337609676360081
 -6.844269715287136
 -6.942638806637014
 -6.686175373150878
 -6.196633056391809
 -5.586876085993007
 -4.822130744018618
 -3.737394663947942
 -2.18848174589358
 0
 0
 0
 0
 0
 0
 0
 -0.6769643332728927
 -1.602993692699446
 -2.1350565695528942
 -2.317005152622696
 -2.1421151455828022
 -1.9411668074309691
 -2.822034699969719
 -4.233946869251379
 -5.383264528571184
 -6.165877730773283
 -6.607588448049327
 -6.860449170996919
 -6.964287472407599
 -6.812631031206598
 -6.28070777056918
 -5.3381368840460945
 -3.903034981951599
 -1.7180988118208447
 0
 0
 0
 0
 0
 0
 0
 0
 0
 0
 0
 0
 -0.6748081628537381
 -2.380786883883151
 -3.7222278296682063
 -4.881796501582368
 -5.843038622657597
 -6.561307097470687
 -6.987449220918643
 -7.052078195162651
 -6.686251126110254
 -5.90577025275093
 -4.647635009685496
 -2.6944124551319275
 -0.5309866449835399
 0
 0
 0
 0
 0
 0
 0
 0
 0
 0
 0
 0
 0
 -1.269666624478817
 -3.0390466448087254
 -4.456147234431171
 -5.4760485058593815
 -6.147622677166133
 -6.450907360385344
 -6.307169165011187
 -5.721279985011964
 -4.631663967595624
 -2.8392681343134267
 -0.7590242695407756
 0
 0
 0
 0
 0
 0
 0
 0
 0
 0
 0
 0
 0
 0
 -0.3199491708640263
 -2.1105865688803984
 -3.4730928203548705
 -4.462113801428584
 -5.035851673346411
 -5.085129941154069
 -4.6260398187110034
 -3.62201282088052
 -1.8950789945476139
 0
 0
 0
 0
 0
 0
 0
 0
 0
 0
 0
 0
 0
 0
 0
 0
 0
 -1.0320352648068534
 -2.1737926393951827
 -2.8431910824419484
 -2.945903865173115
 -2.5163379780123893
 -1.530077588228421
 0
 0
 0
 0
 0
 0
 0
 0
 0
 0
 0
 0
 0
 0
 0
 0
 0
 0
 0
 0
 0
 0
 0
 0
 0
 0
 0
 0
 0
 0
 0
 0
 0
 0
 0
 0
 0
 0
 0
 0
 0
 0
 0
 0
 0
 0
 0
 0
 0
 0
 0
 0
 0
 0
 0
 0
 0
 0
 0
 0
 0
 0
 0
 0
 0
 0
 0
 0
 0
 0
 0
 0
 0
 0
 0
 0
 0
 0
 0
 0
 0
 0
 0
 0
 0
 0
 0
 0
 0
 0
 0
 0
 0
 0
 0
 0
 0
 0
 0
 0
 0
 0
 0
 0
 0
 0
 0
 0
 0
 0
 0
 0
 0
 0
 0
 0
 0
 0
 0
 0
 0
 0
 0
 0
 0
 0
 0
 0
 0
 0
 0
 0
 0
 0
 0
 0
 0
 0
 0
 0
 0
 0
 0
 0
 0
 0
 0
 0
 0
 0
 0
 0
 0
 0
 -0.39768493020839024
 -0.3980869115332375
 -0.07317383467858996
 0
 0
 0
 0
 0
 0
 0
 0
 0
 0
 0
 0
 0
 0
 0
 0
 0
 0
 -0.7188082825811799
 -2.3587652841357105
 -3.3430486808000177
 -3.81458237662416
 -3.840600387442688
 -3.541274878607741
 -3.1915252037974025
 -2.79239481373542
 -2.158450949182452
 -1.1777170236645924
 0
 0
 0
 0
 0
 0
 0
 0
 0
 0
 0
 0
 0
 -0.5051492446484183
 -2.596673472081566
 -4.2374967509449215
 -5.254440608928389
 -5.794577485003453
 -5.9616938158625175
 -5.942017476448456
 -5.911328308540929
 -5.730308176650792
 -5.212108369697887
 -4.274786506825448
 -2.9636619788129526
 -1.2416000713525799
 0
 0
 0
 0
 0
 0
 0
 0
 0
 0
 -0.10555414258737095
 -2.0186296231218854
 -3.722670872939088
 -5.169261956266299
 -6.169177534471252
 -6.8124003765682986
 -7.2194402600969125
 -7.553412283210254
 -7.765241260048754
 -7.694897967490062
 -7.228902681777335
 -6.323734339079419
 -5.04466019937279
 -3.372692705164126
 -1.283734213404986
 0
 0
 0
 0
 0
 0
 0
 0
 0
 -2.185537613522266
 -3.88461629897664
 -5.17593609109224
 -6.087480688602298
 -6.73175478023631
 -7.297733316053965
 -7.872153196656654
 -8.432384778241154
 -8.75565969987205
 -8.73538939983196
 -8.308735816127397
 -7.454463609918689
 -6.250541704415545
 -4.707046900494653
 -2.887644465876412
 -1.1433175191159561
 0
 0
 0
 0
 0
 0
 0
 -0.8926611733243872
 -3.1088060507646436
 -4.797859084820274
 -6.056345367561703
 -6.8681203504977315
 -7.316630293679776
 -7.599932680997529
 -7.914673921579121
 -8.34672715692027
 -8.639225847546433
 -8.627420750852266
 -8.24259047684271
 -7.4844671179977205
 -6.4551366083606645
 -5.198500562112644
 -3.7718427237965857
 -2.3051192185240943
 -0.8840667715633197
 0
 0
 0
 0
 0
 0
 -0.595665901277334
 -2.8174324466391214
 -4.517764461259626
 -5.803278282748743
 -6.66182837738646
 -7.133365101613734
 -7.319456236749548
 -7.316595516543163
 -7.362950118441509
 -7.498304900551577
 -7.508504599538695
 -7.312213032280164
 -6.966878442822365
 -6.4934549988265315
 -5.830465359734149
 -4.976001445167251
 -3.9984054485268583
 -2.9394105053566753
 -1.6149364764431704
 0
 0
 0
 0
 0
 0
 -1.171299038996386
 -2.900858427981178
 -4.255004352176535
 -5.234389026721013
 -5.8192293650707985
 -6.039830873331362
 -5.877122936722508
 -5.4665749279255245
 -5.393791348398631
 -5.903622566171008
 -6.524156132527919
 -6.890158122251161
 -6.9317744628905436
 -6.771724010971832
 -6.478731617514518
 -5.979434997934954
 -5.187501251217618
 -4.042605168404205
 -2.4460059930623155
 -0.09486667769982837
 0
 0
 0
 0
 0
 -0.265815020925368
 -1.7080322131333343
 -2.816321686360382
 -3.504344769266522
 -3.778859280592684
 -3.6004500702832765
 -3.1409416067480915
 -3.6224077566269512
 -4.811476624095068
 -5.762872761183706
 -6.444287074895315
 -6.973299334670123
 -7.360320386072445
 -7.498169728821344
 -7.285170771041827
 -6.681493872185925
 -5.699184832320677
 -4.266305996067818
 -2.1364202119388453
 0
 0
 0
 0
 0
 0
 0
 0
 -0.07692324353602942
 -0.4039810158261421
 -0.2487604110840227
 -0.1968036583923123
 -1.56464310728839
 -3.02255183714155
 -4.2179220433902795
 -5.405180433516516
 -6.445218199656118
 -7.166671976736064
 -7.541837901625281
 -7.553825008153885
 -7.177115968723056
 -6.424798270384238
 -5.219934229535571
 -3.3397732330442897
 -1.221936995754997
 0
 0
 0
 0
 0
 0
 0
 0
 0
 0
 0
 0
 -0.20677270304016382
 -1.9359310534582121
 -3.725490236529917
 -5.123245038654534
 -6.1048071081610535
 -6.752111422076511
 -7.064802737695521
 -6.956812446793982
 -6.410842695678048
 -5.357066317645508
 -3.597394969964647
 -1.5331906630545848
 0
 0
 0
 0
 0
 0
 0
 0
 0
 0
 0
 0
 0
 0
 -1.0390354038741334
 -2.8123690059828403
 -4.177595760845934
 -5.184445804340369
 -5.7813931895844455
 -5.85041975293761
 -5.405179592764865
 -4.410922359527721
 -2.6916922999208763
 -0.6436946992506014
 0
 0
 0
 0
 0
 0
 0
 0
 0
 0
 0
 0
 0
 0
 0
 -0.19242370890282423
 -1.7945640123651172
 -2.949064197106467
 -3.629047896733155
 -3.7391376851386626
 -3.3142917805309366
 -2.3312077700986604
 -0.6192190997934226
 0
 0
 0
 0
 0
 0
 0
 0
 0
 0
 0
 0
 0
 0
 0
 0
 0
 0
 0
 -0.3253617217551419
 -0.45083794693165125
 -0.033396478501924065
 0
 0
 0
 0
 0
 0
 0
 0
 0
 0
 0
 0
 0
 0
 0
 0
 0
 0
 0
 0
 0
 0
 0
 0
 0
 0
 0
 0
 0
 0
 0
 0
 0
 0
 0
 0
 0
 0
 0
 0
 0
 0
 0
 0
 0
 0
 0
 0
 0
 0
 0
 0
 0
 0
 0
 0
 0
 0
 0
 0
 0
 0
 0
 0
 0
 0
 0
 0
 0
 0
 0
 0
 0
 0
 0
 0
 0
 0
 0
 0
 0
 0
 0
 0
 0
 0
 0
 0
 0
 0
 0
 0
 0
 0
 0
 0
 0
 0
 0
 0
 0
 0
 0
 0
 0
 0
 0
 0
 0
 0
 0
 0
 0
 0
 0
 0
 0
 0
 0
 0
 0
 0
 0
 0
 0
 0
 0
 0
 0
 0
 0
 0
 0
 0
 0
 0
 0
 0
 0
 0
 0
 0
 0
 0
 0
 0
 0
 0
 0
 0
 0
 0
 0
 0
 -0.954963967952855
 -1.4148616903239075
 -1.4113255313765096
 -1.0744692971555274
 -0.7599890139355674
 -0.4671155562379372
 0
 0
 0
 0
 0
 0
 0
 0
 0
 0
 0
 0
 0
 0
 0
 0
 -0.37959757365357305
 -1.9457903810081385
 -2.9380668254108855
 -3.4799786216478976
 -3.691830522753662
 -3.813418648297641
 -3.939915869113337
 -3.8513280475273834
 -3.3618221026654718
 -2.3963657281389734
 -1.0127922464518235
 0
 0
 0
 0
 0
 0
 0
 0
 0
 0
 0
 0
 -0.7834653495093882
 -2.267902624360284
 -3.4757768050892475
 -4.331359525690156
 -4.915253715721345
 -5.348085924866103
 -5.7788957738070135
 -6.063225441789075
 -6.023775213316917
 -5.551270192236481
 -4.598172558585372
 -3.23101129439262
 -1.4116432352860988
 0
 0
 0
 0
 0
 0
 0
 0
 0
 0
 -1.2439149130280676
 -2.9733012452692673
 -4.3302092528858225
 -5.330621134035093
 -5.984855587254154
 -6.395438411666252
 -6.690684875181525
 -7.041247567503541
 -7.296713821491751
 -7.249992902436574
 -6.781721954238611
 -5.8457692894485245
 -4.514398662263477
 -2.7676914077613093
 -0.5340939374736182
 0
 0
 0
 0
 0
 0
 0
 0
 0
 -2.182533208370419
 -3.920716106671982
 -5.294875801973777
 -6.311319178341144
 -6.945543186870815
 -7.2498722497231425
 -7.286683655972823
 -7.291285617548592
 -7.372312514666639
 -7.288811516121989
 -6.857509166112999
 -6.054186251081994
 -4.993181849888168
 -3.685392254643963
 -2.0592732469047794
 -0.14860940075423024
 0
 0
 0
 0
 0
 0
 0
 0
 -1.9020045603429443
 -3.662378398021062
 -5.08281531104179
 -6.16348518213905
 -6.836875048062549
 -7.122348841162786
 -7.015264730491278
 -6.66460649129555
 -6.471630022871915
 -6.466420469447786
 -6.469374660678989
 -6.330659769121537
 -5.886497645050209
 -5.081943851440178
 -3.9866505000734893
 -2.8253765113396545
 -1.6920182561191908
 -0.2905561930402545
 0
 0
 0
 0
 0
 0
 -0.27949179461411156
 -2.08950354338711
 -3.6040228561838283
 -4.800710793694165
 -5.549442030162412
 -5.858790796589336
 -5.696751225213445
 -5.139233300506291
 -5.036771572426376
 -5.819333294511736
 -6.517867427414063
 -6.752144174129949
 -6.528092823350627
 -6.038342090634595
 -5.489510378213266
 -4.854785193411747
 -3.967339038529931
 -2.730299665540456
 -1.062940919608689
 0
 0
 0
 0
 0
 0
 0
 -1.1322646416531592
 -2.435758687834105
 -3.2451912916814827
 -3.5812584667620033
 -3.4214203788364443
 -3.0282524573767278
 -3.790960349488649
 -4.9955268802156105
 -5.805833717767305
 -6.173925055095683
 -6.301733397847965
 -6.415076734161549
 -6.421462273450243
 -6.1189100639285385
 -5.444888234162258
 -4.422123737894575
 -2.990981427874722
 -0.913323853701212
 0
 0
 0
 0
 0
 0
 0
 0
 0
 -0.18814160282665426
 -0.0650920045921044
 -0.3210333846230551
 -1.8353380581188716
 -3.158467289820984
 -4.071608797525909
 -4.794247527961759
 -5.527195198471516
 -6.1261747252164955
 -6.434953654795107
 -6.401478817875898
 -6.015339028056255
 -5.284520530669713
 -4.117807808914139
 -2.2847494617131243
 -0.1936078547975253
 0
 0
 0
 0
 0
 0
 0
 0
 0
 0
 0
 0
 -0.032012807312943536
 -1.3319460511333698
 -2.808237339158487
 -4.104086208860079
 -5.043705573582487
 -5.672026428222042
 -5.99024335678881
 -5.904386751085999
 -5.381729916964828
 -4.347681329493787
 -2.605099027133061
 -0.5489666208635855
 0
 0
 0
 0
 0
 0
 0
 0
 0
 0
 0
 0
 0
 0
 -0.03682805908337805
 -1.7915077508962325
 -3.157006702226103
 -4.173429315635359
 -4.782626756371355
 -4.861752766723805
 -4.42341922717183
 -3.4339487103618858
 -1.7184444072640126
 0
 0
 0
 0
 0
 0
 0
 0
 0
 0
 0
 0
 0
 0
 0
 0
 0
 -0.8045027537617404
 -1.9653892048164519
 -2.650586029412927
 -2.7642606198679003
 -2.3416878550750786
 -1.3601246702922571
 0
 0
 0
 0
 0
 0
 0
 0
 0
 0
 0
 0
 0
 0
 0
 0
 0
 0
 0
 0
 0
 0
 0
 0
 0
 0
 0
 0
 0
 0
 0
 0
 0
 0
 0
 0
 0
 0
 0
 0
 0
 0
 0
 0
 0
 0
 0
 0
 0
 0
 0
 0
 0
 0
 0
 0
 0
 0
 0
 0
 0
 0
 0
 0
 0
 0
 0
 0
 0
 0
 0
 0
 0
 0
 0
 0
 0
 0
 0
 0
 0
 0
 0
 0
 0
 0
 0
 0
 0
 0
 0
 0
 0
 0
 0
 0
 0
 0
 0
 0
 0
 0
 0
 0
 0
 0
 0
 0
 0
 0
 0
 0
 0
 0
 0
 0
 0
 0
 0
 0
 0
 0
 0
 0
 0
 0
 0
 0
 0
 0
 0
 0
 0
 0
 0
 0
 0
 0
 0
 0
 0
 0
 0
 0
 0
 0
 0
 0
 0
 0
 0
 0
 0
 0
 0
 0
 0
 0
 0
 0
 0
 0
 0
 0
 0
 0
 0
 0
 0
 0
 0
 0
 0
 0
 0
 0
 0
 0
 0
 0
 0
 0
 0
 0
 0
 0
 0
 0
 0
 0
 0
 0
 0
 0
 0
 0
 0
 0
 0
 0
 0
 0
 0
 -0.08601519577475436
 -0.40547695872706946
 -0.6688436201221446
 -0.6240023861284314
 -0.1272964857003558
 0
 0
 0
 0
 0
 0
 0
 0
 0
 0
 0
 0
 0
 0
 0
 0
 -1.0858094783872874
 -1.943542236816337
 -2.4069163745943545
 -2.6102097834413893
 -2.843726051884918
 -3.068376227837696
 -3.008258197688467
 -2.5014538524170913
 -1.4920692786723215
 -0.05418475934416378
 0
 0
 0
 0
 0
 0
 0
 0
 0
 0
 0
 0
 -0.42677338053543323
 -2.0500738520905477
 -3.361586931248863
 -4.190509824621825
 -4.582592718673313
 -4.603774256910452
 -4.520525263271727
 -4.552538749943849
 -4.434730593279535
 -3.9170120323604394
 -2.9234977602127925
 -1.5461662392870963
 0
 0
 0
 0
 0
 0
 0
 0
 0
 0
 0
 0
 -1.3941678933755597
 -3.041031542689889
 -4.3700198691142695
 -5.198747237179376
 -5.562414633162799
 -5.477023415991381
 -5.099794385267814
 -4.840716941703941
 -4.655254122175391
 -4.273981933913904
 -3.673069020474311
 -2.901455388139678
 -1.8310698662746905
 -0.2764466374233745
 0
 0
 0
 0
 0
 0
 0
 0
 0
 0
 -1.1609509804567146
 -2.848527207108808
 -4.210061606996375
 -5.051153035318882
 -5.408117046445479
 -5.273739990269746
 -4.713208267958871
 -4.251053047769826
 -4.377702012422349
 -4.732772389401008
 -4.814028466673468
 -4.425267975189498
 -3.546794397525626
 -2.1552985264976554
 -0.40113938409040806
 0
 0
 0
 0
 0
 0
 0
 0
 0
 0
 -1.402480863889802
 -2.8206679754942536
 -3.6864762163063425
 -4.04885856095539
 -3.896245985543205
 -3.321538040160865
 -3.425848445063507
 -4.422823278931902
 -5.170255712683028
 -5.383142362302317
 -5.052875006857116
 -4.269469989837038
 -3.175415754661879
 -2.065508803492648
 -0.9973329573475418
 0
 0
 0
 0
 0
 0
 0
 0
 0
 0
 -0.4324733498591904
 -1.3201589185268574
 -1.6912354184924263
 -1.5489647130002897
 -1.334302437867584
 -2.425963771491456
 -3.672286359770217
 -4.456524391736116
 -4.702803942036603
 -4.485742773578988
 -4.055786348826818
 -3.651384434431284
 -3.175184825139212
 -2.428900303079897
 -1.3682090082133893
 0
 0
 0
 0
 0
 0
 0
 0
 0
 0
 0
 0
 0
 0
 -0.5134995870166286
 -1.814313957895358
 -2.624633616263364
 -2.9849728109910654
 -3.144211214614664
 -3.366205836542073
 -3.532270867833738
 -3.4480254049820642
 -3.052909842838229
 -2.3369307160713584
 -1.195746565268161
 0
 0
 0
 0
 0
 0
 0
 0
 0
 0
 0
 0
 0
 0
 0
 0
 -0.34367204389917205
 -1.3150304314578882
 -2.1615279702855226
 -2.7657414070186155
 -3.0858103432344066
 -3.0133223084296246
 -2.5043561662414433
 -1.4815143849807795
 0
 0
 0
 0
 0
 0
 0
 0
 0
 0
 0
 0
 0
 0
 0
 0
 0
 0
 -0.2850786711500515
 -1.3063940245918761
 -1.922353659931873
 -2.006991177794549
 -1.5723790486977673
 -0.5854647464648641
 0
 0
 0
 0
 0
 0
 0
 0
 0
 0
 0
 0
 0
 0
 0
 0
 0
 0
 0
 0
 0
 0
 0
 0
 0
 0
 0
 0
 0
 0
 0
 0
 0
 0
 0
 0
 0
 0
 0
 0
 0
 0
 0
 0
 0
 0
 0
 0
 0
 0
 0
 0
 0
 0
 0
 0
 0
 0
 0
 0
 0
 0
 0
 0
 0
 0
 0
 0
 0
 0
 0
 0
 0
 0
 0
 0
 0
 0
 0
 0
 0
 0
 0
 0
 0
 0
 0
 0
 0
 0
 0
 0
 0
 0
 0
 0
 0
 0
 0
 0
 0
 0
 0
 0
 0
 0
 0
 0
 0
 0
 0
 0
 0
 0
 0
 0
 0
 0
 0
 0
 0
 0
 0
 0
 0
 0
 0
 0
 0
 0
 0
 0
 0
 0
 0
 0
 0
 0
 0
 0
 0
 0
 0
 0
 0
 0
 0
 0
 0
 0
 0
 0
 0
 0
 0
 0
 0
 0
 0
 0
 0
 0
 0
 0
 0
 0
 0
 0
 0
 0
 0
 0
 0
 0
 0
 0
 0
 0
 0
 0
 0
 0
 0
 0
 0
 0
 0
 0
 0
 0
 0
 0
 0
 0
 0
 0
 0
 0
 0
 0
 0
 0
 0
 0
 0
 0
 0
 0
 0
 0
 0
 0
 0
 0
 0
 0
 0
 0
 0
 0
 0
 0
 0
 0
 0
 0
 0
 0
 0
 0
 0
 0
 0
 0
 0
 0
 0
 0
 0
 0
 0
 0
 0
 0
 0
 0
 0
 0
 0
 0
 0
 0
 0
 0
 0
 0
 0
 0
 0
 0
 0
 0
 0
 0
 0
 0
 0
 0
 0
 0
 0
 0
 -0.13761093145913605
 -1.0484307381175135
 -1.4438484532238176
 -1.3605036447900902
 -0.9670117191587106
 -0.6913820237158719
 -0.44964159239329504
 0
 0
 0
 0
 0
 0
 0
 0
 0
 0
 0
 0
 0
 0
 0
 0
 0
 -1.1199162219070855
 -2.0296877740047927
 -2.4157105848288953
 -2.2914299234821778
 -1.7262060780796507
 -1.154345930134113
 -0.8420967816523328
 -0.593536353366888
 -0.2674869239397708
 0
 0
 0
 0
 0
 0
 0
 0
 0
 0
 0
 0
 0
 0
 0
 -0.9112375908868309
 -1.8228568292487966
 -2.205575337856944
 -2.062744452666168
 -1.4186878636713454
 -0.8178611615997982
 -1.0832296673303654
 -1.6259744892568957
 -1.782348141221382
 -1.4115589288054426
 -0.5189610089985042
 0
 0
 0
 0
 0
 0
 0
 0
 0
 0
 0
 0
 0
 0
 -0.3530216645825508
 -0.7359972599582028
 -0.5878273510207181
 -0.03215407719628338
 -0.3192112663671587
 -1.4086733112633318
 -2.1717911649406307
 -2.3827843056221747
 -2.0309785028802407
 -1.1637306791601603
 0
 0
 0
 0
 0
 0
 0
 0
 0
 0
 0
 0
 0
 0
 0
 0
 0
 0
 0
 -0.6771480932433764
 -1.4577537854052984
 -1.6778472739360257
 -1.355627615132156
 -0.6068922119087805
 0
 0
 0
 0
 0
 0
 0
 0
 0
 0
 0
 0
 0
 0
 0
 0
 0
 0
 0
 0
 0
 0
 0
 0
 0
 0
 0
 0
 0
 0
 0
 0
 0
 0
 0
 0
 0
 0
 0
 0
 0
 0
 0
 0
 0
 0
 0
 0
 0
 0
 0
 0
 0
 0
 0
 0
 0
 0
 0
 0
 0
 0
 0
 0
 0
 0
 0
 0
 0
 0
 0
 0
 0
 0
 0
 0
 0
 0
 0
 0
 0
 0
 0
 0
 0
 0
 0
 0
 0
 0
 0
 0
 0
 0
 0
 0
 0
 0
 0
 0
 0
 0
 0
 0
 0
 0
 0
 0
 0
 0
 0
 0
 0
 0
 0
 0
 0
 0
 0
 0
 0
 0
 0
 0
 0
 0
 0
 0
 0
 0
 0
 0
 0
 0
 0
 0
 0
 0
 0
 0
 0
 0
 0
 0
 0
 0
 0
 0
 0
 0
 0
 0
 0
 0
 0
 0
 0
 0
 0
 0
 0
 0
 0
 0
 0
 0
 0
 0
 0
 0
 0
 0
 0
 0
 0
 0
 0
 0
 0
 0
 0
 0
 0
 0
 0
 0
 0
 0
 0
 0
 0
 0
 0
 0
 0
 0
 0
 0
 0
 0
 0
 0
 0
 0
 0
 0
 0
 0
 0
 0
 0
 0
 0
 0
 0
 0
 0
 0
 0
 0
 0
 0
 0
 0
 0
 0
 0
 0
 0
 0
 0
 0
 0
 0
 0
 0
 0
 0
 0
 0
 0
 0
 0
 0
 0
 0
 0
 0
 0
 0
 0
 0
 0
 0
 0
 0
 0
 0
 0
 0
 0
 0
 0
 0
 0
 0
 0
 0
 0
 0
 0
 0
 0
 0
 0
 0
 0
 0
 0
 0
 0
 0
 0
 0
 0
 0
 0
 0
 0
 0
 0
 0
 0
 0
 0
 0
 0
 0
 0
 0
 0
 0
 0
 0
 0
 0
 0
 0
 0
 0
 0
 0
 0
 0
 0
 0
 0
 0
 0
 0
 0
 0
 0
 0
 0
 0
 0
 0
 0
 0
 0
 0
 0
 0
 0
 0
 0
 0
 0
 0
 0
 0
 0
 0
 0
 0
 0
 0
 0
 0
 0
 0
 0
 0
 0
 0
 0
 0
 0
 0
 0
 0
 0
 0
 0
 0
 0
 0
 0
 0
 0
 0
 0
 0
 0
 0
 0
 0
 0
 0
 0
 0
 0
 0
 0
 0
 0
 0
 0
 0
 0
 0
 0
 0
 0
 0
 0
 0
 0
 0
 0
 0
 0
 0
 0
 0
 0
 0
 0
 0
 0
 0
 0
 0
 0
 0
 0
 0
 0
 0
 0
 0
 0
 0
 0
 0
 0
 0
 0
 0
 0
 0
 0
 0
 0
 0
 0
 0
 0
 0
 0
 0
 0
 0
 0
 0
 0
 0
 0
 0
 0
 0
 0
 0
 0
 0
 0
 0
 0
 0
 0
 0
 0
 0
 0
 0
 0
 0
 0
 0
 0
 0
 0
 0
 0
 0
 0
 0
 0
 0
 0
 0
 0
 0
 0
 0
 0
 0
 0
 0
 0
 0
 0
 0
 0
 0
 0
 0
 0
 0
 0
 0
 0
 0
 0
 0
 0
 0
 0
 0
 0
 0
 0
 0
 0
 0
 0
 0
 0
 0
 0
 0
 0
 0
 0
 0
 0
 0
 0
 0
 0
 0
 0
 0
 0
 0
 0
 0
 0
 0
 0
 0
 0
 0
 0
 0
 0
 0
 0
 0
 0
 0
 0
 0
 0
 0
 0
 0
 0
 0
 0
 0
 0
 0
 0
 0
 0
 0
 0
 0
 0
 0
 0
 0
 0
 0
 0
 0
 0
 0
 0
 0
 0
 0
 0
 0
 0
 0
 0
 0
 0
 0
 0
 0
 0
 0
 0
 0
 0
 0
 0
 0
 0
 0
 0
 0
 0
 0
 0
 0
 0
 0
 0
 0
 0
 0
 0
 0
 0
 0
 0
 0
 0
 0
 0
 0
 0
 0
 0
 0
 0
 0
 0
 0
 0
 0
 0
 0
 0
 0
 0
 0
 0
 0
 0
 0
 0
 0
 0
 0
 0
 0
 0
 0
 0
 0
 0
 0
 0
 0
 0
 0
 0
 0
 0
 0
 0
 0
 0
 0
 0
 0
 0
 0
 0
 0
 0
 0
 0
 0
 0
 0
 0
 0
 0
 0
 0
 0
 0
 0
 0
 0
 0
 0
 0
 0
 0
 0
 0
 0
 0
 0
 0
 0
 0
 0
 0
 0
 0
 0
 0
 0
 0
 0
 0
 0
 0
 0
 0
 0
 0
 0
 0
 0
 0
 0
 0
 0
 0
 0
 0
 0
 0
 0
 0
 0
 0
 0
 0
 0
 0
 0
 0
 0
 0
 0
 0
 0
 0
 0
 0
 0
 0
 0
 0
 0
 0
 0
 0
 0
 0
 0
 0
 0
 0
 0
 0
 0
 0
 0
 0
 0
 0
 0
 0
 0
 0
 0
 0
 0
 0
 0
 0
 0
 0
 0
 0
 0
 0
 0
 0
 0
 0
 0
 0
 0
 0
 0
 0
 0
 0
 0
 0
 0
 0
 0
 0
 0
 0
 0
 0
 0
 0
 0
 0
 0
 0
 0
 0
 0
 0
 0
 0
 0
 0
 0
 0
 0
 0
 0
 0
 0
 0
 0
 0
 0
 0
 0
 0
 0
 0
 0
 0
 0
 0
 0
 0
 0
 0
 0
 0
 0
 0
 0
 0
 0
 0
 0
 0
 0
 0
 0
 0
 0
 0
 0
 0
 0
 0
 0
 0
 0
 0
 0
 0
 0
 0
 0
 0
 0
 0
 0
 0
 0
 0
 0
 0
 0
 0
 0
 0
 0
 0
 0
 0
 0
 0
 0
 0
 0
 0
 0
 0
 0
 0
 0
 0
 0
 0
 0
 0
 0
 0
 0
 0
 0
 0
 0
 0
 0
 0
 0
 0
 0
 0
 0
 0
 0
 0
 0
 0
 0
 0
 0
 0
 0
 0
 0
 0
 0
 0
 0
 0
 0
 0
 0
 0
 0
 0
 0
 0
 0
 0
 0
 0
 0
 0
 0
 0
 0
 0
 0
 0
 0
 0
 0
 0
 0
 0
 0
 0
 0
 0
 0
 0
 0
 0
 0
 0
 0
 0
 0
 0
 0
 0
 0
 0
 0
 0
 0
 0
 0
 0
 0
 0
 0
 0
 0
 0
 0
 0
 0
 0
 0
 0
 0
 0
 0
 0
 0
 0
 0
 0
 0
 0
 0
 0
 0
 0
 0
 0
 0
 0
 0
 0
 0
 0
 0
 0
 0
 0
 0
 0
 0
 0
 0
 0
 0
 0
 0
 0
 0
 0
 0
 0
 0
 0
 0
 0
 0
 0
 0
 0
 0
 0
 0
 0
 0
 0
 0
 0
 0
 0
 0
 0
 0
 0
 0
 0
 0
 0
 0
 0
 0
 0
 0
 0
 0
 0
 0
 0
 0
 0
 0
 0
 0
 0
 0
 0
 0
 0
 0
 0
 0
 0
 0
 0
 0
 0
 0
 0
 0
 0
 0
 0
 0
 0
 0
 0
 0
 0
 0
 0
 0
 0
 0
 0
 0
 0
 0
 0
 0
 0
 0
 0
 0
 0
 0
 0
 0
 0
 0
 0
 0
 0
 0
 0
 0
 0
 0
 0
 0
 0
 0
 0
 0
 0
 0
 0
 0
 0
 0
 0
 0
 0
 0
 0
 0
 0
 0
 0
 0
 0
 0
 0
 0
 0
 0
 0
 0
 0
 0
 0
 0
 0
 0
 0
 0
 0
 0
 0
 0
 0
 0
 0
 0
 0
 0
 0
 0
 0
 0
 0
 0
 0
 0
 0
 0
 0
 0
 0
 0
 0
 0
 0
 0
 0
 0
 0
 0
 0
 0
 0
 0
 0
 0
 0
 0
 0
 0
 0
 0
 0
 0
 0
 0
 0
 0
 0
 0
 0
 0
 0
 0
 0
 0
 0
 0
 0
 0
 0
 0
 0
 0
 0
 0
 0
 0
 0
 0
 0
 0
 0
 0
 0
 0
 0
 0
 0
 0
 0
 0
 0
 0
 0
 0
 0
 0
 0
 0
 0
 0
 0
 0
 0
 0
 0
 0
 0
 0
 0
 0
 0
 0
 0
 0
 0
 0
 0
 0
 0
 0
 0
 0
 0
 0
 0
 0
 0
 0
 0
 0
 0
 0
 0
 0
 0
 0
 0
 0
 0
 0
 0
 0
 0
 0
 0
 0
 0
 0
 0
 0
 0
 0
 0
 0
 0
 0
 0
 0
 0
 0
 0
 0
 0
 0
 0
 0
 0
 0
 0
 0
 0
 0
 0
 0
 0
 0
 0
 0
 0
 0
 0
 0
 0
 0
 0
 0
 0
 0
 0
 0
 0
 0
 0
 0
 0
 0
 0
 0
 0
 0
 0
 0
 0
 0
 0
 0
 0
 0
 0
 0
 0
 0
 0
 0
 0
 0
 0
 0
 0
 0
 0
 0
 0
 0
 0
 0
 0
 0
 0
 0
 0
 0
 0
 0
 0
 0
 0
 0
 0
 0
 0
 0
 0
 0
 0
 0
 0
 0
 0
 0
 0
 0
 0
 0
 0
 0
 0
 0
 0
 0
 0
 0
 0
 0
 0
 0
 0
 0
 0
 0
 0
 0
 0
 0
 0
 0
 0
 0
 0
 0
 0
 0
 0
 0
 0
 0
 0
 0
 0
 0
 0
 0
 0
 0
 0
 0
 0
 0
 0
 0
 0
 0
 0
 0
 0
 0
 0
 0
 0
 0
 0
 0
 0
 0
 0
 0
 0
 0
 0
 0
 0
 0
 0
 0
 0
 0
 0
 0
 0
 0
 0
 0
 0
 0
 0
 0
 0
 0
 0
 0
 0
 0
 0
 0
 0
 0
 0
 0
 0
 0
 0
 0
 0
 0
 0
 0
 0
 0
 0
 0
 0
 0
 0
 0
 0
 0
 0
 0
 0
 0
 0
 0
 0
 0
 0
 0
 0
 0
 0
 0
 0
 0
 0
 0
 0
 0
 0
 0
 0
 0
 0
 0
 0
 0
 0
 0
 0
 0
 0
 0
 0
 0
 0
 0
 0
 0
 0
 0
 0
 0
 0
 0
 0
 0
 0
 0
 0
 0
 0
 0
 0
 0
 0
 0
 0
 0
 0
 0
 0
 0
 0
 0
 0
 0
 0
 0
 0
 0
 0
 0
 0
 0
 0
 0
 0
 0
 0
 0
 0
 0
 0
 0
 0
 0
 0
 0
 0
 0
 0
 0
 0
 0
 0
 0
 0
 0
 0
 0
 0
 0
 0
 0
 0
 0
 0
 0
 0
 0
 0
 0
 0
 0
 0
 0
 0
 0
 0
 0
 0
 0
 0
 0
 0
 0
 0
 0
 0
 0
 0
 0
 0
 0
 0
 0
 0
 0
 0
 0
 0
 0
 0
 0
 0
 0
 0
 0
 0
 0
 0
 0
 0
 0
 0
 0
 0
 0
 0
 0
 0
 0
 0
 0
 0
 0
 0
 0
 0
 0
 0
 0
 0
 0
 0
 0
 0
 0
 0
 0
 0
 0
 0
 0
 0
 0
 0
 0
 0
 0
 0
 0
 0
 0
 0
 0
 0
 0
 0
 0
 0
 0
 0
 0
 0
 0
 0
 0
 0
 0
 0
 0
 0
 0
 0
 0
 0
 0
 0
 0
 0
 0
 0
 0
 0
 0
 0
 0
 0
 0
 0
 0
 0
 0
 0
 0
 0
 0
 0
 0
 0
 0
 0
 0
 0
 0
 0
 0
 0
 0
 0
 0
 0
 0
 0
 0
 0
 0
 0
 0
 0
 0
 0
 0
 0
 0
 0
 0
 0
 0
 0
 0
 0
 0
 0
 0
 0
 0
 0
 0
 0
 0
 0
 0
 0
 0
 0
 0
 0
 0
 0
 0
 0
 0
 0
 0
 0
 0
 0
 0
 0
 0
 0
 0
 0
 0
 0
 0
 0
 0
 0
 0
 0
 0
 0
 0
 0
 0
 0
 0
 0
 0
 0
 0
 0
 0
 0
 0
 0
 0
 0
 0
 0
 0
 0
 0
 0
 0
 0
 0
 0
 0
 0
 0
 0
 0
 0
 0
 0
 0
 0
 0
 0
 0
 0
 0
 0
 0
 0
 0
 0
 0
 0
 0
 0
 0
 0
 0
 0
 0
 0
 0
 0
 0
 0
 0
 0
 0
 0
 0
 0
 0
 0
 0
 0
 0
 0
 0
 0
 0
 0
 0
 0
 0
 0
 0
 0
 0
 0
 0
 0
 0
 0
 0
 0
 0
 0
 0
 0
 0
 0
 0
 0
 0
 0
 0
 0
 0
 0
 0
 0
 0
 0
 0
 0
 0
 0
 0
 0
 0
 0
 0
 0
 0
 0
 0
 0
 0
 0
 0
 0
 0
 0
 0
 0
 0
 0
 0
 0
 0
 0
 0
 0
 0
 0
 0
 0
 0
 0
 0
 0
 0
 0
 0
 0
 0
 0
 0
 0
 0
 0
 0
 0
 0
 0
 0
 0
 0
 0
 0
 0
 0
 0
 0
 0
 0
 0
 0
 0
 0
 0
 0
 0
 0
 0
 0
 0
 0
 0
 0
 0
 0
 0
 0
 0
 0
 0
 0
 0
 0
 0
 0
 0
 0
 0
 0
 0
 0
 0
 0
 0
 0
 0
 0
 0
 0
 0
 0
 0
 0
 0
 0
 0
 0
 0
 0
 0
 0
 0
 0
 0
 0
 0
 0
 0
 0
 0
 0
 0
 0
 0
 0
 0
 0
 0
 0
 0
 0
 0
 0
 0
 0
 0
 0
 0
 0
 0
 0
 0
 0
 0
 0
 0
 0
 0
 0
 0
 0
 0
 0
 0
 0
 0
 0
 0
 0
 0
 0
 0
 0
 0
 0
 0
 0
 0
 0
 0
 0
 0
 0
 0
 0
 0
 0
 0
 0
 0
 0
 0
 0
 0
 0
 0
 0
 0
 0
 0
 0
 0
 0
 0
 0
 0
 0
 0
 0
 0
 0
 0
 0
 0
 0
 0
 0
 0
 0
 0
 0
 0
 0
 0
 0
 0
 0
 0
 0
 0
 0
 0
 0
 0
 0
 0
 0
 0
 0
 0
 0
 0
 0
 0
 0
 0
 0
 0
 0
 0
 0
 0
 0
 0
 0
 0
 0
 0
 0
 0
 0
 0
 0
 0
 0
 0
 0
 0
 0
 0
 0
 0
 0
 0
 0
 0
 0
 0
 0
 0
 0
 0
 0
 0
 0
 0
 0
 0
 0
 0
 0
 0
 0
 0
 0
 0
 0
 0
 0
 0
 0
 0
 0
 0
 0
 0
 0
 0
 0
 0
 0
 0
 0
 0
 0
 0
 0
 0
 0
 0
 0
 0
 0
 0
 0
 0
 0
 0
 0
 0
 0
 0
 0
 0
 0
 0
 0
 0
 0
 0
 0
 0
 0
 0
 0
 0
 0
 0
 0
 0
 0
 0
 0
 0
 0
 0
 0
 0
 0
 0
 0
 0
 0
 0
 0
 0
 0
 0
 0
 0
 0
 0
 0
 0
 0
 0
 0
 0
 0
 0
 0
 0
 0
 0
 0
 0
 0
 0
 0
 0
 0
 0
 0
 0
 0
 0
 0
 0
 0
 0
 0
 0
 0
 0
 0
 0
 0
 0
 0
 0
 0
 0
 0
 0
 0
 0
 0
 0
 0
 0
 0
 0
 0
 0
 0
 0
 0
 0
 0
 0
 0
 0
 0
 0
 0
 0
 0
 0
 0
 0
 0
 0
 0
 0
 0
 0
 0
 0
 0
 0
 0
 0
 0
 0
 0
 0
 0
 0
 0
 0
 0
 0
 0
 0
 0
 0
 0
 0
 0
 0
 0
 0
 0
 0
 0
 0
 0
 0
 0
 0
 0
 0
 0
 0
 0
 0
 0
 0
 0
 0
 0
 0
 0
 0
 0
 0
 0
 0
 0
 0
 