41 41 16
0.2 0.2 0.2
-4 -4 -5
0
0
0
0
0
0
0
0
0
0
0
0
0
0
0
0
0
0
0
0
0
0
0
0
0
0
0
0
0
0
0
0
0
0
0
0
0
0
0
0
0
0
0
0
0
0
0
0
0
0
0
0
0
0
0
0
0
0
0
0
0
0
0
0
0
0
0
0
0
0
0
0
0
0
0
0
0
0
0
0
0
0
0
0
0
0
0
0
0
0
0
0
0
0
0
0
0
0
0
0
0
0
0
0
0
0
0
0
0
0
0
0
0
0
0
0
0
0
0
0
0
0
0
0
0
0
0
0
0
0
0
0
0
0
0
0
0
0
0
0
0
0
0
0
0
0
0
0
0
0
0
0
0
0
0
0
0
0
0
0
0
0
0
0
0
0
0
0
0
0
0
0
0
0
0
0
0
0
0
0
0
0
0
0
0
0
0
0
0
0
0
0
0
0
0
0
0
0
0
0
0
0
0
0
0
0
0
0
0
0
0
0
0
0
0
0
0
0
0
0
0
0
0
0
0
0
0
0
0
0
0
0
0
-2.01653
0
0
0
0
0
0
0
0
0
0
0
0
0
0
-2.14133
-1.93539
0
0
0
0
0
0
0
0
0
0
0
0
0
0
-2.20218
-1.83268
0
0
0
0
0
0
0
0
0
0
0
0
0
0
-2.19002
-1.73659
0
0
0
0
0
0
0
0
0
0
0
0
0
0
-2.08614
-1.69085
0
0
0
0
0
0
0
0
0
0
0
0
0
0
-1.95985
-1.67993
0
0
0
0
0
0
0
0
0
0
0
0
0
0
0
-1.70025
0
0
0
0
0
0
0
0
0
0
0
0
0
0
0
-1.74062
0
0
0
0
0
0
0
0
0
0
0
0
0
0
0
-1.74267
0
0
0
0
0
0
0
0
0
0
0
0
0
0
0
-1.73902
0
0
0
0
0
0
0
0
0
0
0
0
0
0
0
-1.65258
0
0
0
0
0
0
0
0
0
0
0
0
0
0
0
0
0
0
0
0
0
0
0
0
0
0
0
0
0
0
0
0
0
0
0
0
0
0
0
0
0
0
0
0
0
0
0
0
0
0
0
0
0
0
0
0
0
0
0
0
0
0
0
0
0
0
0
0
0
0
0
0
0
0
0
0
0
0
0
0
0
0
0
0
0
0
0
0
0
0
0
0
0
0
0
0
0
0
0
0
0
0
0
0
0
0
0
0
0
0
0
0
0
0
0
0
0
0
0
0
0
0
0
0
0
0
0
0
0
0
0
0
0
0
0
0
0
0
0
0
0
0
0
0
0
0
0
0
0
0
0
0
0
0
0
0
0
0
0
0
0
0
0
0
0
0
0
0
0
0
0
0
0
0
0
0
0
0
0
0
0
0
0
0
0
0
0
0
0
0
0
0
0
0
0
0
0
0
0
0
0
0
0
0
0
0
0
0
0
0
0
0
0
0
0
0
0
0
0
0
0
0
0
0
0
0
0
0
0
0
0
0
0
0
0
0
0
0
0
0
0
0
0
0
0
0
0
0
0
0
0
0
0
0
0
0
0
0
0
0
0
0
0
0
0
0
0
0
0
0
0
0
0
0
0
0
0
0
0
0
0
0
0
0
0
0
0
0
0
0
0
0
0
0
0
0
0
0
0
0
0
0
0
0
0
0
0
0
0
0
0
0
0
0
0
0
0
0
0
0
0
0
0
0
0
0
0
0
0
0
0
0
0
0
0
0
0
0
0
0
0
0
0
0
0
0
0
0
0
0
0
0
0
0
0
0
0
0
0
0
0
0
0
0
0
0
0
0
0
0
0
0
0
0
0
0
0
0
0
0
0
0
0
0
0
0
0
0
0
0
0
0
0
0
0
0
0
0
0
0
0
0
0
0
0
0
0
0
0
0
0
0
0
0
0
0
0
0
0
0
0
0
0
0
0
0
0
0
0
0
0
0
0
0
0
0
0
0
0
0
0
0
0
0
0
0
0
-2.04398
0
0
0
0
0
0
0
0
0
0
0
0
0
0
-2.10613
-2.15502
0
0
0
0
0
0
0
0
0
0
0
0
0
0
-2.35155
-2.17631
0
0
0
0
0
0
0
0
0
0
0
0
0
0
-2.45155
-2.14063
0
0
0
0
0
0
0
0
0
0
0
0
0
0
-2.48586
-2.05765
0
0
0
0
0
0
0
0
0
0
0
0
0
0
-2.44365
-1.96365
0
0
0
0
0
0
0
0
0
0
0
0
0
0
-2.3763
-1.86941
-0.630407
0
0
0
0
0
0
0
0
0
0
0
0
0
-2.24787
-1.80824
-0.745869
0
0
0
0
0
0
0
0
0
0
0
0
0
-2.10943
-1.77667
-0.859791
0
0
0
0
0
0
0
0
0
0
0
0
0
-1.98413
-1.77758
-0.868268
0
0
0
0
0
0
0
0
0
0
0
0
0
-1.87295
-1.80081
-0.87574
0
0
0
0
0
0
0
0
0
0
0
0
0
-1.79187
-1.7977
-0.757347
0
0
0
0
0
0
0
0
0
0
0
0
0
-1.69982
-1.78951
-0.628206
0
0
0
0
0
0
0
0
0
0
0
0
0
0
-1.70314
0
0
0
0
0
0
0
0
0
0
0
0
0
0
0
-1.58792
0
0
0
0
0
0
0
0
0
0
0
0
0
0
0
-1.40103
0
0
0
0
0
0
0
0
0
0
0
0
0
0
0
0
0
0
0
0
0
0
0
0
0
0
0
0
0
0
0
0
0
0
0
0
0
0
0
0
0
0
0
0
0
0
0
0
0
0
0
0
0
0
0
0
0
0
0
0
0
0
0
0
0
0
0
0
0
0
0
0
0
0
0
0
0
0
0
0
0
0
0
0
0
0
0
0
0
0
0
0
0
0
0
0
0
0
0
0
0
0
0
0
0
0
0
0
0
0
0
0
0
0
0
0
0
0
0
0
0
0
0
0
0
0
0
0
0
0
0
0
0
0
0
0
0
0
0
0
0
0
0
0
0
0
0
0
0
0
0
0
0
0
0
0
0
0
0
0
0
0
0
0
0
0
0
0
0
0
0
0
0
0
0
0
0
0
0
0
0
0
0
0
0
0
0
0
0
0
0
0
0
0
0
0
0
0
0
0
0
0
0
0
0
0
0
0
0
0
0
0
0
0
0
0
0
0
0
0
0
0
0
0
0
0
0
0
0
0
0
0
0
0
0
0
0
0
0
0
0
0
0
0
0
0
0
0
0
0
0
0
0
0
0
0
0
0
0
0
0
0
0
0
0
0
0
0
0
0
0
0
0
0
0
0
0
0
0
0
0
0
0
0
0
0
0
0
0
0
0
0
0
0
0
0
0
0
0
0
0
0
0
0
0
0
0
0
0
0
0
0
0
0
0
0
0
0
0
0
0
0
0
0
0
0
0
0
0
0
0
0
0
0
0
0
0
0
0
0
0
0
0
0
0
0
0
0
0
0
0
0
0
0
0
0
0
0
0
0
0
0
0
0
0
0
0
0
0
0
0
0
0
0
0
0
0
0
0
0
0
0
0
0
0
0
0
0
0
0
0
0
0
0
0
0
0
0
0
-1.93657
0
0
0
0
0
0
0
0
0
0
0
0
0
0
-2.2355
-2.04835
0
0
0
0
0
0
0
0
0
0
0
0
0
0
-2.30738
-2.09775
0
0
0
0
0
0
0
0
0
0
0
0
0
0
-2.38099
-2.11935
0
0
0
0
0
0
0
0
0
0
0
0
0
0
-2.42338
-2.08108
0
0
0
0
0
0
0
0
0
0
0
0
0
0
-2.4524
-1.99596
-0.394582
0
0
0
0
0
0
0
0
0
0
0
0
0
-2.41371
-1.90195
-0.483209
0
0
0
0
0
0
0
0
0
0
0
0
0
-2.3463
-1.81126
-0.615584
0
0
0
0
0
0
0
0
0
0
0
0
0
-2.21631
-1.74762
-0.726878
0
0
0
0
0
0
0
0
0
0
0
0
0
-2.07619
-1.70845
-0.831716
0
0
0
0
0
0
0
0
0
0
0
0
0
-1.94284
-1.69827
-0.830015
0
0
0
0
0
0
0
0
0
0
0
0
0
-1.82124
-1.70599
-0.818596
0
0
0
0
0
0
0
0
0
0
0
0
0
-1.72531
-1.69223
-0.688136
0
0
0
0
0
0
0
0
0
0
0
0
0
-1.61704
-1.67303
-0.53981
0
0
0
0
0
0
0
0
0
0
0
0
0
-1.43223
-1.58584
-0.345228
0
0
0
0
0
0
0
0
0
0
0
0
0
-1.19702
-1.47829
0
0
0
0
0
0
0
0
0
0
0
0
0
0
0
-1.31075
0
0
0
0
0
0
0
0
0
0
0
0
0
0
0
-1.1401
0
0
0
0
0
0
0
0
0
0
0
0
0
0
0
0
0
0
0
0
0
0
0
0
0
0
0
0
0
0
0
0
0
0
0
0
0
0
0
0
0
0
0
0
0
0
0
0
0
0
0
0
0
0
0
0
0
0
0
0
0
0
0
0
0
0
0
0
0
0
0
0
0
0
0
0
0
0
0
0
0
0
0
0
0
0
0
0
0
0
0
0
0
0
0
0
0
0
0
0
0
0
0
0
0
0
0
0
0
0
0
0
0
0
0
0
0
0
0
0
0
0
0
0
0
0
0
0
0
0
0
0
0
0
0
0
0
0
0
0
0
0
0
0
0
0
0
0
0
0
0
0
0
0
0
0
0
0
0
0
0
0
0
0
0
0
0
0
0
0
0
0
0
0
0
0
0
0
0
0
0
0
0
0
0
0
0
0
0
0
0
0
0
0
0
0
0
0
0
0
0
0
0
0
0
0
0
0
0
0
0
0
0
0
0
0
0
0
0
0
0
0
0
0
0
0
0
0
0
0
0
0
0
0
0
0
0
0
0
0
0
0
0
0
0
0
0
0
0
0
0
0
0
0
0
0
0
0
0
0
0
0
0
0
0
0
0
0
0
0
0
0
0
0
0
0
0
0
0
0
0
0
0
0
0
0
0
0
0
0
0
0
0
0
0
0
0
0
0
0
0
0
0
0
0
0
0
0
0
0
0
0
0
0
0
0
0
0
0
0
0
0
0
0
0
0
0
0
0
0
0
0
0
0
0
0
0
0
0
0
0
0
0
0
0
0
0
0
0
0
0
-2.01591
0
0
0
0
0
0
0
0
0
0
0
0
0
0
-2.30402
-2.04922
0
0
0
0
0
0
0
0
0
0
0
0
0
0
-2.33532
-2.03738
0
0
0
0
0
0
0
0
0
0
0
0
0
0
-2.35748
-2.07315
-0.656036
0
0
0
0
0
0
0
0
0
0
0
0
0
-2.37589
-2.06696
-0.63441
0
0
0
0
0
0
0
0
0
0
0
0
0
-2.42092
-2.05812
-0.54711
0
0
0
0
0
0
0
0
0
0
0
0
-1.39276
-2.43382
-2.02777
-0.512363
0
0
0
0
0
0
0
0
0
0
0
0
-1.38162
-2.43683
-1.97758
-0.517971
0
0
0
0
0
0
0
0
0
0
0
0
-1.34822
-2.39008
-1.91908
-0.598077
0
0
0
0
0
0
0
0
0
0
0
0
-1.31151
-2.32502
-1.85725
-0.716131
0
0
0
0
0
0
0
0
0
0
0
0
-1.20274
-2.20452
-1.80213
-0.805808
0
0
0
0
0
0
0
0
0
0
0
0
-1.08419
-2.07268
-1.75665
-0.886135
0
0
0
0
0
0
0
0
0
0
0
0
-0.917718
-1.93454
-1.73019
-0.86761
0
0
0
0
0
0
0
0
0
0
0
0
0
-1.79838
-1.71231
-0.833948
0
0
0
0
0
0
0
0
0
0
0
0
0
-1.67315
-1.67693
-0.698928
0
0
0
0
0
0
0
0
0
0
0
0
0
-1.53055
-1.62958
-0.541011
0
0
0
0
0
0
0
0
0
0
0
0
0
-1.32164
-1.5197
-0.336007
0
0
0
0
0
0
0
0
0
0
0
0
0
-1.0715
-1.38985
-0.107185
0
0
0
0
0
0
0
0
0
0
0
0
0
0
-1.21408
0
0
0
0
0
0
0
0
0
0
0
0
0
0
0
-1.0497
0
0
0
0
0
0
0
0
0
0
0
0
0
0
0
-0.860997
0
0
0
0
0
0
0
0
0
0
0
0
0
0
0
0
0
0
0
0
0
0
0
0
0
0
0
0
0
0
0
0
0
0
0
0
0
0
0
0
0
0
0
0
0
0
0
0
0
0
0
0
0
0
0
0
0
0
0
0
0
0
0
0
0
0
0
0
0
0
0
0
0
0
0
0
0
0
0
0
0
0
0
0
0
0
0
0
0
0
0
0
0
0
0
0
0
0
0
0
0
0
0
0
0
0
0
0
0
0
0
0
0
0
0
0
0
0
0
0
0
0
0
0
0
0
0
0
0
0
0
0
0
0
0
0
0
0
0
0
0
0
0
0
0
0
0
0
0
0
0
0
0
0
0
0
0
0
0
0
0
0
0
0
0
0
0
0
0
0
0
0
0
0
0
0
0
0
0
0
0
0
0
0
0
0
0
0
0
0
0
0
0
0
0
0
0
0
0
0
0
0
0
0
0
0
0
0
0
0
0
0
0
0
0
0
0
0
0
0
0
0
0
0
0
0
0
0
0
0
0
0
0
0
0
0
0
0
0
0
0
0
0
0
0
0
0
0
0
0
0
0
0
0
0
0
0
0
0
0
0
0
0
0
0
0
0
0
0
0
0
0
0
0
0
0
0
0
0
0
0
0
0
0
0
0
0
0
0
0
0
0
0
0
0
0
0
0
0
0
0
0
0
0
0
0
0
0
0
0
0
0
0
0
0
0
0
0
-2.20666
-2.079
0
0
0
0
0
0
0
0
0
0
0
0
0
0
-2.38833
-2.09164
0
0
0
0
0
0
0
0
0
0
0
0
0
0
-2.39096
-2.08465
0
0
0
0
0
0
0
0
0
0
0
0
0
-1.79458
-2.35818
-2.03503
-0.567133
0
0
0
0
0
0
0
0
0
0
0
0
-1.58375
-2.35328
-2.00004
-0.634281
0
0
0
0
0
0
0
0
0
0
0
0
-1.42757
-2.33317
-1.9832
-0.684547
0
0
0
0
0
0
0
0
0
0
0
0
-1.33436
-2.34508
-1.99927
-0.652451
0
0
0
0
0
0
0
0
0
0
0
0
-1.27786
-2.35582
-2.01481
-0.647603
0
0
0
0
0
0
0
0
0
0
0
0
-1.26716
-2.37416
-2.01487
-0.661014
0
0
0
0
0
0
0
0
0
0
0
0
-1.25226
-2.3552
-1.99361
-0.735991
0
0
0
0
0
0
0
0
0
0
0
0
-1.2459
-2.31792
-1.95714
-0.842668
0
0
0
0
0
0
0
0
0
0
0
0
-1.16738
-2.22412
-1.9104
-0.914954
0
0
0
0
0
0
0
0
0
0
0
0
-1.07892
-2.11228
-1.86165
-0.973728
0
0
0
0
0
0
0
0
0
0
0
0
-0.917571
-1.97958
-1.82396
-0.942059
0
0
0
0
0
0
0
0
0
0
0
0
-0.742422
-1.83744
-1.78722
-0.892762
0
0
0
0
0
0
0
0
0
0
0
0
-0.561273
-1.68429
-1.7356
-0.758305
0
0
0
0
0
0
0
0
0
0
0
0
0
-1.50198
-1.66687
-0.596404
0
0
0
0
0
0
0
0
0
0
0
0
0
-1.24865
-1.53796
-0.38417
0
0
0
0
0
0
0
0
0
0
0
0
0
-0.952007
-1.38104
-0.140355
0
0
0
0
0
0
0
0
0
0
0
0
0
-0.6003
-1.17263
0
0
0
0
0
0
0
0
0
0
0
0
0
0
0
-0.964941
0
0
0
0
0
0
0
0
0
0
0
0
0
0
0
-0.737783
0
0
0
0
0
0
0
0
0
0
0
0
0
0
0
0
0
0
0
0
0
0
0
0
0
0
0
0
0
0
0
0
0
0
0
0
0
0
0
0
0
0
0
0
0
0
0
0
0
0
0
0
0
0
0
0
0
0
0
0
0
0
0
0
0
0
0
0
0
0
0
0
0
0
0
0
0
0
0
0
0
0
0
0
0
0
0
0
0
0
0
0
0
0
0
0
0
0
0
0
0
0
0
0
0
0
0
0
0
0
0
0
0
0
0
0
0
0
0
0
0
0
0
0
0
0
0
0
0
0
0
0
0
0
0
0
0
0
0
0
0
0
0
0
0
0
0
0
0
0
0
0
0
0
0
0
0
0
0
0
0
0
0
0
0
0
0
0
0
0
0
0
0
0
0
0
0
0
0
0
0
0
0
0
0
0
0
0
0
0
0
0
0
0
0
0
0
0
0
0
0
0
0
0
0
0
0
0
0
0
0
0
0
0
0
0
0
0
0
0
0
0
0
0
0
0
0
0
0
0
0
0
0
0
0
0
0
0
0
0
0
0
0
0
0
0
0
0
0
0
0
0
0
0
0
0
0
0
0
0
0
0
0
0
0
0
0
0
0
0
0
0
0
0
0
0
0
0
0
0
0
0
0
0
0
0
0
0
0
0
0
0
0
0
0
0
0
0
0
0
0
0
-2.26908
-2.05064
0
0
0
0
0
0
0
0
0
0
0
0
0
0
-2.48365
-2.15404
0
0
0
0
0
0
0
0
0
0
0
0
0
-2.20762
-2.47111
-2.17953
0
0
0
0
0
0
0
0
0
0
0
0
0
-2.02374
-2.4495
-2.11542
-0.361421
0
0
0
0
0
0
0
0
0
0
0
0
-1.82755
-2.39124
-2.05365
-0.558874
0
0
0
0
0
0
0
0
0
0
0
0
-1.58067
-2.33591
-2.00277
-0.691397
0
0
0
0
0
0
0
0
0
0
0
0
-1.3665
-2.30797
-2.00343
-0.791095
0
0
0
0
0
0
0
0
0
0
0
0
-1.21982
-2.32969
-2.03635
-0.791926
0
0
0
0
0
0
0
0
0
0
0
0
-1.15193
-2.36694
-2.07375
-0.798498
0
0
0
0
0
0
0
0
0
0
0
0
-1.16931
-2.40994
-2.10478
-0.78856
0
0
0
0
0
0
0
0
0
0
0
0
-1.20391
-2.41628
-2.10962
-0.816815
0
0
0
0
0
0
0
0
0
0
0
0
-1.25252
-2.39979
-2.09175
-0.871636
0
0
0
0
0
0
0
0
0
0
0
0
-1.22498
-2.32995
-2.04709
-0.899416
0
0
0
0
0
0
0
0
0
0
0
0
-1.1825
-2.23984
-1.98948
-0.919183
0
0
0
0
0
0
0
0
0
0
0
0
-1.03904
-2.11802
-1.93718
-0.870587
0
0
0
0
0
0
0
0
0
0
0
0
-0.871795
-1.9792
-1.88149
-0.808654
0
0
0
0
0
0
0
0
0
0
0
0
-0.657978
-1.80424
-1.81734
-0.690403
0
0
0
0
0
0
0
0
0
0
0
0
-0.414353
-1.58995
-1.73306
-0.550064
0
0
0
0
0
0
0
0
0
0
0
0
0
-1.29664
-1.59516
-0.363747
0
0
0
0
0
0
0
0
0
0
0
0
0
-0.951525
-1.42435
-0.140806
0
0
0
0
0
0
0
0
0
0
0
0
0
-0.558167
-1.20262
0
0
0
0
0
0
0
0
0
0
0
0
0
0
-0.259958
-0.966179
0
0
0
0
0
0
0
0
0
0
0
0
0
0
0
-0.689823
0
0
0
0
0
0
0
0
0
0
0
0
0
0
0
-0.446434
0
0
0
0
0
0
0
0
0
0
0
0
0
0
0
0
0
0
0
0
0
0
0
0
0
0
0
0
0
0
0
0
0
0
0
0
0
0
0
0
0
0
0
0
0
0
0
0
0
0
0
0
0
0
0
0
0
0
0
0
0
0
0
0
0
0
0
0
0
0
0
0
0
0
0
0
0
0
0
0
0
0
0
0
0
0
0
0
0
0
0
0
0
0
0
0
0
0
0
0
0
0
0
0
0
0
0
0
0
0
0
0
0
0
0
0
0
0
0
0
0
0
0
0
0
0
0
0
0
0
0
0
0
0
0
0
0
0
0
0
0
0
0
0
0
0
0
0
0
0
0
0
0
0
0
0
0
0
0
0
0
0
0
0
0
0
0
0
0
0
0
0
0
0
0
0
0
0
0
0
0
0
0
0
0
0
0
0
0
0
0
0
0
0
0
0
0
0
0
0
0
0
0
0
0
0
0
0
0
0
0
0
0
0
0
0
0
0
0
0
0
0
0
0
0
0
0
0
0
0
0
0
0
0
0
0
0
0
0
0
0
0
0
0
0
0
0
0
0
0
0
0
0
0
0
0
0
0
0
0
0
0
0
0
0
0
0
0
0
0
-2.16845
-1.85444
0
0
0
0
0
0
0
0
0
0
0
0
0
0
-2.39672
-2.00334
0
0
0
0
0
0
0
0
0
0
0
0
0
-2.236
-2.45109
-2.11342
0
0
0
0
0
0
0
0
0
0
0
0
0
-2.17368
-2.45197
-2.12903
0
0
0
0
0
0
0
0
0
0
0
0
0
-1.97717
-2.39955
-2.08559
-0.317516
0
0
0
0
0
0
0
0
0
0
0
0
-1.77972
-2.34209
-2.08471
-0.578673
0
0
0
0
0
0
0
0
0
0
0
0
-1.49659
-2.3087
-2.0627
-0.756562
0
0
0
0
0
0
0
0
0
0
0
0
-1.2695
-2.32306
-2.07965
-0.892875
0
0
0
0
0
0
0
0
0
0
0
0
-1.12828
-2.37304
-2.12005
-0.893656
0
0
0
0
0
0
0
0
0
0
0
0
-1.0879
-2.4304
-2.17001
-0.868018
0
0
0
0
0
0
0
0
0
0
0
0
-1.14737
-2.48713
-2.21077
-0.813955
0
0
0
0
0
0
0
0
0
0
0
0
-1.23143
-2.51257
-2.2133
-0.800576
0
0
0
0
0
0
0
0
0
0
0
0
-1.32679
-2.51454
-2.18852
-0.816671
0
0
0
0
0
0
0
0
0
0
0
0
-1.34476
-2.468
-2.13282
-0.811946
0
0
0
0
0
0
0
0
0
0
0
0
-1.34393
-2.4002
-2.06387
-0.79977
0
0
0
0
0
0
0
0
0
0
0
0
-1.2238
-2.293
-2.00016
-0.738077
0
0
0
0
0
0
0
0
0
0
0
0
-1.07535
-2.16513
-1.93392
-0.665296
0
0
0
0
0
0
0
0
0
0
0
0
-0.848885
-1.97919
-1.86724
-0.561178
0
0
0
0
0
0
0
0
0
0
0
0
-0.58333
-1.74577
-1.7855
-0.436549
0
0
0
0
0
0
0
0
0
0
0
0
-0.316413
-1.42434
-1.66202
-0.268219
0
0
0
0
0
0
0
0
0
0
0
0
0
-1.04664
-1.50044
-0.0685616
0
0
0
0
0
0
0
0
0
0
0
0
0
-0.628399
-1.27578
0
0
0
0
0
0
0
0
0
0
0
0
0
0
-0.295382
-1.01133
0
0
0
0
0
0
0
0
0
0
0
0
0
0
0
-0.69028
0
0
0
0
0
0
0
0
0
0
0
0
0
0
0
-0.383709
0
0
0
0
0
0
0
0
0
0
0
0
0
0
0
0
0
0
0
0
0
0
0
0
0
0
0
0
0
0
0
0
0
0
0
0
0
0
0
0
0
0
0
0
0
0
0
0
0
0
0
0
0
0
0
0
0
0
0
0
0
0
0
0
0
0
0
0
0
0
0
0
0
0
0
0
0
0
0
0
0
0
0
0
0
0
0
0
0
0
0
0
0
0
0
0
0
0
0
0
0
0
0
0
0
0
0
0
0
0
0
0
0
0
0
0
0
0
0
0
0
0
0
0
0
0
0
0
0
0
0
0
0
0
0
0
0
0
0
0
0
0
0
0
0
0
0
0
0
0
0
0
0
0
0
0
0
0
0
0
0
0
0
0
0
0
0
0
0
0
0
0
0
0
0
0
0
0
0
0
0
0
0
0
0
0
0
0
0
0
0
0
0
0
0
0
0
0
0
0
0
0
0
0
0
0
0
0
0
0
0
0
0
0
0
0
0
0
0
0
0
0
0
0
0
0
0
0
0
0
0
0
0
0
0
0
0
0
0
0
0
0
0
0
0
0
0
0
0
0
0
0
0
0
0
0
0
0
0
0
0
0
0
0
0
0
0
0
0
0
-2.27065
-1.76691
0
0
0
0
0
0
0
0
0
0
0
0
0
-2.15254
-2.34515
-1.9253
0
0
0
0
0
0
0
0
0
0
0
0
0
-2.15239
-2.40505
-2.02185
0
0
0
0
0
0
0
0
0
0
0
0
0
-2.10295
-2.3876
-2.0877
0
0
0
0
0
0
0
0
0
0
0
0
0
-1.89934
-2.34663
-2.11432
-0.291011
0
0
0
0
0
0
0
0
0
0
0
0
-1.69863
-2.34418
-2.17307
-0.59299
0
0
0
0
0
0
0
0
0
0
0
0
-1.43444
-2.35576
-2.16631
-0.781558
0
0
0
0
0
0
0
0
0
0
0
0
-1.24289
-2.39991
-2.19056
-0.892132
0
0
0
0
0
0
0
0
0
0
0
0
-1.12842
-2.45888
-2.20562
-0.862219
0
0
0
0
0
0
0
0
0
0
0
0
-1.10947
-2.52474
-2.21642
-0.812434
0
0
0
0
0
0
0
0
0
0
0
0
-1.19268
-2.58024
-2.23033
-0.719751
0
0
0
0
0
0
0
0
0
0
0
0
-1.31448
-2.60325
-2.2225
-0.656622
0
0
0
0
0
0
0
0
0
0
0
0
-1.45113
-2.60175
-2.19807
-0.620525
0
0
0
0
0
0
0
0
0
0
0
0
-1.51647
-2.56596
-2.14278
-0.577239
0
0
0
0
0
0
0
0
0
0
0
0
-1.55999
-2.51744
-2.07266
-0.530273
0
0
0
0
0
0
0
0
0
0
0
0
-1.46898
-2.42886
-2.00341
-0.45921
0
0
0
0
0
0
0
0
0
0
0
0
-1.34708
-2.3232
-1.92989
-0.381153
0
0
0
0
0
0
0
0
0
0
0
0
-1.11849
-2.14221
-1.85603
-0.298711
0
0
0
0
0
0
0
0
0
0
0
0
-0.845032
-1.91449
-1.76867
-0.199642
0
0
0
0
0
0
0
0
0
0
0
0
-0.555012
-1.59316
-1.6509
-0.0595426
0
0
0
0
0
0
0
0
0
0
0
0
-0.268879
-1.20926
-1.50123
0
0
0
0
0
0
0
0
0
0
0
0
0
-0.0698676
-0.780878
-1.29903
0
0
0
0
0
0
0
0
0
0
0
0
0
0
-0.419134
-1.04434
0
0
0
0
0
0
0
0
0
0
0
0
0
0
-0.178504
-0.695607
0
0
0
0
0
0
0
0
0
0
0
0
0
0
0
-0.328492
0
0
0
0
0
0
0
0
0
0
0
0
0
0
0
0
0
0
0
0
0
0
0
0
0
0
0
0
0
0
0
0
0
0
0
0
0
0
0
0
0
0
0
0
0
0
0
0
0
0
0
0
0
0
0
0
0
0
0
0
0
0
0
0
0
0
0
0
0
0
0
0
0
0
0
0
0
0
0
0
0
0
0
0
0
0
0
0
0
0
0
0
0
0
0
0
0
0
0
0
0
0
0
0
0
0
0
0
0
0
0
0
0
0
0
0
0
0
0
0
0
0
0
0
0
0
0
0
0
0
0
0
0
0
0
0
0
0
0
0
0
0
0
0
0
0
0
0
0
0
0
0
0
0
0
0
0
0
0
0
0
0
0
0
0
0
0
0
0
0
0
0
0
0
0
0
0
0
0
0
0
0
0
0
0
0
0
0
0
0
0
0
0
0
0
0
0
0
0
0
0
0
0
0
0
0
0
0
0
0
0
0
0
0
0
0
0
0
0
0
0
0
0
0
0
0
0
0
0
0
0
0
0
0
0
0
0
0
0
0
0
0
0
0
0
0
0
0
0
0
0
0
0
0
-1.97182
0
0
0
0
0
0
0
0
0
0
0
0
0
0
0
-2.14357
-1.61064
0
0
0
0
0
0
0
0
0
0
0
0
0
-2.01202
-2.23147
-1.75075
0
0
0
0
0
0
0
0
0
0
0
0
0
-2.02208
-2.27185
-1.89274
0
0
0
0
0
0
0
0
0
0
0
0
0
-1.96731
-2.28473
-2.04454
0
0
0
0
0
0
0
0
0
0
0
0
0
-1.77356
-2.31077
-2.1387
-0.274328
0
0
0
0
0
0
0
0
0
0
0
0
-1.62349
-2.37661
-2.25125
-0.570956
0
0
0
0
0
0
0
0
0
0
0
0
-1.42396
-2.42536
-2.26699
-0.720955
0
0
0
0
0
0
0
0
0
0
0
0
-1.28403
-2.4986
-2.2701
-0.815324
0
0
0
0
0
0
0
0
0
0
0
0
-1.19581
-2.56124
-2.23999
-0.769301
0
0
0
0
0
0
0
0
0
0
0
0
-1.19527
-2.60718
-2.22435
-0.688336
0
0
0
0
0
0
0
0
0
0
0
0
-1.29387
-2.63012
-2.22517
-0.553908
0
0
0
0
0
0
0
0
0
0
0
0
-1.43686
-2.63637
-2.20943
-0.445953
0
0
0
0
0
0
0
0
0
0
0
0
-1.5918
-2.63287
-2.18134
-0.360697
0
0
0
0
0
0
0
0
0
0
0
0
-1.68246
-2.61437
-2.12567
-0.279307
0
0
0
0
0
0
0
0
0
0
0
0
-1.75139
-2.58994
-2.05765
-0.196555
0
0
0
0
0
0
0
0
0
0
0
0
-1.68175
-2.52221
-1.98538
-0.117412
0
0
0
0
0
0
0
0
0
0
0
0
-1.58428
-2.43772
-1.90819
-0.0376119
0
0
0
0
0
0
0
0
0
0
0
0
-1.36679
-2.26219
-1.82766
0
0
0
0
0
0
0
0
0
0
0
-0.360338
0
-1.10427
-2.04116
-1.73657
0
0
0
0
0
0
0
0
0
0
0
-0.427493
0
-0.81018
-1.72736
-1.62409
0
0
0
0
0
0
0
0
0
0
0
-0.408585
0
-0.505635
-1.36119
-1.47837
0
0
0
0
0
0
0
0
0
0
0
0
0
-0.266447
-0.959958
-1.27834
0
0
0
0
0
0
0
0
0
0
0
0
0
-0.107254
-0.604286
-1.02391
0
0
0
0
0
0
0
0
0
0
0
0
0
0
-0.325998
-0.68053
0
0
0
0
0
0
0
0
0
0
0
0
0
0
-0.164067
-0.303518
0
0
0
0
0
0
0
0
0
0
0
0
0
0
0
0
0
0
0
0
0
0
0
0
0
0
0
0
0
0
0
0
0
0
0
0
0
0
0
0
0
0
0
0
0
0
0
0
0
0
0
0
0
0
0
0
0
0
0
0
0
0
0
0
0
0
0
0
0
0
0
0
0
0
0
0
0
0
0
0
0
0
0
0
0
0
0
0
0
0
0
0
0
0
0
0
0
0
0
0
0
0
0
0
0
0
0
0
0
0
0
0
0
0
0
0
0
0
0
0
0
0
0
0
0
0
0
0
0
0
0
0
0
0
0
0
0
0
0
0
0
0
0
0
0
0
0
0
0
0
0
0
0
0
0
0
0
0
0
0
0
0
0
0
0
0
0
0
0
0
0
0
0
0
0
0
0
0
0
0
0
0
0
0
0
0
0
0
0
0
0
0
0
0
0
0
0
0
0
0
0
0
0
0
0
0
0
0
0
0
0
0
0
0
0
0
0
0
0
0
0
0
0
0
0
0
0
0
0
0
0
0
0
0
0
0
0
0
0
0
0
0
0
0
0
0
0
0
0
0
0
0
0
0
-1.83381
-1.17003
0
0
0
0
0
0
0
0
0
0
0
0
0
-1.74846
-2.00057
-1.39955
0
0
0
0
0
0
0
0
0
0
0
0
0
-1.85688
-2.06988
-1.56429
0
0
0
0
0
0
0
0
0
0
0
0
0
-1.86086
-2.13189
-1.78191
0
0
0
0
0
0
0
0
0
0
0
0
0
-1.81414
-2.21607
-2.00102
0
0
0
0
0
0
0
0
0
0
0
0
0
-1.67748
-2.31203
-2.1554
-0.198262
0
0
0
0
0
0
0
0
0
0
0
0
-1.6016
-2.42924
-2.30376
-0.444313
0
0
0
0
0
0
0
0
0
0
0
0
-1.46392
-2.51291
-2.30491
-0.571298
0
0
0
0
0
0
0
0
0
0
0
0
-1.36969
-2.59081
-2.29259
-0.640168
0
0
0
0
0
0
0
0
0
0
0
0
-1.3118
-2.61783
-2.24505
-0.565523
0
0
0
0
0
0
0
0
0
0
0
0
-1.32011
-2.63158
-2.20456
-0.455082
0
0
0
0
0
0
0
0
0
0
0
0
-1.40328
-2.63322
-2.17959
-0.274401
0
0
0
0
0
0
0
0
0
0
0
0
-1.53577
-2.63375
-2.15326
-0.111814
0
0
0
0
0
0
0
0
0
0
0
-0.0458887
-1.68873
-2.63144
-2.12528
0
0
0
0
0
0
0
0
0
0
0
0
-0.0667987
-1.79652
-2.63068
-2.07599
0
0
0
0
0
0
0
0
0
0
0
0
-0.0776761
-1.88664
-2.63071
-2.01729
0
0
0
0
0
0
0
0
0
0
0
0
-0.0659865
-1.83746
-2.58545
-1.94547
0
0
0
0
0
0
0
0
0
0
0
0
-0.0461082
-1.76217
-2.52527
-1.86791
0
0
0
0
0
0
0
0
0
0
0
-0.212365
0
-1.55808
-2.36199
-1.77767
0
0
0
0
0
0
0
0
0
0
0
-0.412425
0
-1.31345
-2.15551
-1.67709
0
0
0
0
0
0
0
0
0
0
0
-0.4521
0
-1.03202
-1.8531
-1.56075
0
0
0
0
0
0
0
0
0
0
0
-0.398781
0
-0.73772
-1.49963
-1.41447
0
0
0
0
0
0
0
0
0
0
0
0
0
-0.487266
-1.11555
-1.22063
0
0
0
0
0
0
0
0
0
0
0
0
0
-0.296182
-0.779637
-0.964754
0
0
0
0
0
0
0
0
0
0
0
0
0
-0.178424
-0.505021
-0.605689
0
0
0
0
0
0
0
0
0
0
0
0
0
-0.109847
-0.306628
-0.227794
0
0
0
0
0
0
0
0
0
0
0
0
0
0
-0.137231
0
0
0
0
0
0
0
0
0
0
0
0
0
0
0
0
0
0
0
0
0
0
0
0
0
0
0
0
0
0
0
0
0
0
0
0
0
0
0
0
0
0
0
0
0
0
0
0
0
0
0
0
0
0
0
0
0
0
0
0
0
0
0
0
0
0
0
0
0
0
0
0
0
0
0
0
0
0
0
0
0
0
0
0
0
0
0
0
0
0
0
0
0
0
0
0
0
0
0
0
0
0
0
0
0
0
0
0
0
0
0
0
0
0
0
0
0
0
0
0
0
0
0
0
0
0
0
0
0
0
0
0
0
0
0
0
0
0
0
0
0
0
0
0
0
0
0
0
0
0
0
0
0
0
0
0
0
0
0
0
0
0
0
0
0
0
0
0
0
0
0
0
0
0
0
0
0
0
0
0
0
0
0
0
0
0
0
0
0
0
0
0
0
0
0
0
0
0
0
0
0
0
0
0
0
0
0
0
0
0
0
0
0
0
0
0
0
0
0
0
0
0
0
0
0
0
0
0
0
0
0
0
0
0
0
0
0
0
0
-1.67143
-0.970213
0
0
0
0
0
0
0
0
0
0
0
0
0
-1.60767
-1.81983
-1.17424
0
0
0
0
0
0
0
0
0
0
0
0
0
-1.71308
-1.89547
-1.39224
0
0
0
0
0
0
0
0
0
0
0
0
0
-1.70909
-2.0197
-1.6718
0
0
0
0
0
0
0
0
0
0
0
0
0
-1.70676
-2.17553
-1.94379
0
0
0
0
0
0
0
0
0
0
0
0
0
-1.6414
-2.32605
-2.1424
-0.0919301
0
0
0
0
0
0
0
0
0
0
0
0
-1.62255
-2.48995
-2.2868
-0.301462
0
0
0
0
0
0
0
0
0
0
0
0
-1.53833
-2.57999
-2.2979
-0.389388
0
0
0
0
0
0
0
0
0
0
0
0
-1.48759
-2.6376
-2.29717
-0.428984
0
0
0
0
0
0
0
0
0
0
0
0
-1.44039
-2.64821
-2.23692
-0.326807
0
0
0
0
0
0
0
0
0
0
0
0
-1.4297
-2.64979
-2.18311
-0.174051
0
0
0
0
0
0
0
0
0
0
0
-0.139818
-1.4839
-2.63013
-2.14103
0
0
0
0
0
0
0
0
0
0
0
0
-0.209562
-1.60165
-2.61749
-2.1022
0
0
0
0
0
0
0
0
0
0
0
0
-0.235538
-1.74822
-2.61185
-2.06637
0
0
0
0
0
0
0
0
0
0
0
0
-0.232086
-1.86454
-2.62575
-2.01819
0
0
0
0
0
0
0
0
0
0
0
0
-0.219192
-1.96482
-2.64592
-1.96672
0
0
0
0
0
0
0
0
0
0
0
0
-0.197279
-1.92956
-2.62122
-1.89495
0
0
0
0
0
0
0
0
0
0
0
0
-0.170118
-1.86939
-2.58214
-1.81783
0
0
0
0
0
0
0
0
0
0
0
-0.222545
-0.0954147
-1.67787
-2.43241
-1.71927
0
0
0
0
0
0
0
0
0
0
0
-0.399413
0
-1.44732
-2.2422
-1.61282
0
0
0
0
0
0
0
0
0
0
0
-0.417558
0
-1.17315
-1.95569
-1.49677
0
0
0
0
0
0
0
0
0
0
0
-0.340109
0
-0.886543
-1.62302
-1.35174
0
0
0
0
0
0
0
0
0
0
0
0
0
-0.63967
-1.25481
-1.16206
0
0
0
0
0
0
0
0
0
0
0
0
0
-0.450348
-0.919588
-0.911928
0
0
0
0
0
0
0
0
0
0
0
0
0
-0.311105
-0.635046
-0.563174
0
0
0
0
0
0
0
0
0
0
0
0
0
-0.20284
-0.435901
-0.186744
0
0
0
0
0
0
0
0
0
0
0
0
0
-0.131552
-0.236581
0
0
0
0
0
0
0
0
0
0
0
0
0
0
0
-0.0453424
0
0
0
0
0
0
0
0
0
0
0
0
0
0
0
0
0
0
0
0
0
0
0
0
0
0
0
0
0
0
0
0
0
0
0
0
0
0
0
0
0
0
0
0
0
0
0
0
0
0
0
0
0
0
0
0
0
0
0
0
0
0
0
0
0
0
0
0
0
0
0
0
0
0
0
0
0
0
0
0
0
0
0
0
0
0
0
0
0
0
0
0
0
0
0
0
0
0
0
0
0
0
0
0
0
0
0
0
0
0
0
0
0
0
0
0
0
0
0
0
0
0
0
0
0
0
0
0
0
0
0
0
0
0
0
0
0
0
0
0
0
0
0
0
0
0
0
0
0
0
0
0
0
0
0
0
0
0
0
0
0
0
0
0
0
0
0
0
0
0
0
0
0
0
0
0
0
0
0
0
0
0
0
0
0
0
0
0
0
0
0
0
0
0
0
0
0
0
0
0
0
0
0
0
0
0
0
0
0
0
0
0
0
0
0
0
0
0
0
0
0
0
0
-1.5072
-0.767497
0
0
0
0
0
0
0
0
0
0
0
0
0
-1.49543
-1.63387
-0.972077
0
0
0
0
0
0
0
0
0
0
0
0
0
-1.57999
-1.7524
-1.23003
0
0
0
0
0
0
0
0
0
0
0
0
0
-1.60134
-1.94499
-1.54974
0
0
0
0
0
0
0
0
0
0
0
0
0
-1.65891
-2.15266
-1.85513
0
0
0
0
0
0
0
0
0
0
0
0
0
-1.64877
-2.35264
-2.06183
0
0
0
0
0
0
0
0
0
0
0
0
0
-1.67421
-2.52934
-2.22065
-0.120707
0
0
0
0
0
0
0
0
0
0
0
0
-1.63579
-2.60636
-2.26115
-0.164584
0
0
0
0
0
0
0
0
0
0
0
0
-1.59804
-2.66537
-2.27433
-0.16253
0
0
0
0
0
0
0
0
0
0
0
-0.0347725
-1.5442
-2.66772
-2.22016
-0.0190041
0
0
0
0
0
0
0
0
0
0
0
-0.190818
-1.52552
-2.6515
-2.16078
0
0
0
0
0
0
0
0
0
0
0
0
-0.313689
-1.56059
-2.61345
-2.09482
0
0
0
0
0
0
0
0
0
0
0
0
-0.362007
-1.65602
-2.59199
-2.04065
0
0
0
0
0
0
0
0
0
0
0
0
-0.366006
-1.78138
-2.58181
-2.00069
0
0
0
0
0
0
0
0
0
0
0
0
-0.34567
-1.89345
-2.60508
-1.96111
0
0
0
0
0
0
0
0
0
0
0
0
-0.316784
-1.99472
-2.63923
-1.92305
0
0
0
0
0
0
0
0
0
0
0
0
-0.290306
-1.97
-2.63309
-1.8537
0
0
0
0
0
0
0
0
0
0
0
0
-0.259194
-1.92268
-2.61478
-1.775
0
0
0
0
0
0
0
0
0
0
0
-0.185492
-0.184862
-1.74703
-2.48302
-1.66136
0
0
0
0
0
0
0
0
0
0
0
-0.34141
-0.0858052
-1.53638
-2.31325
-1.54005
0
0
0
0
0
0
0
0
0
0
0
-0.342247
0
-1.27739
-2.04309
-1.41703
0
0
0
0
0
0
0
0
0
0
0
-0.243538
0
-1.00125
-1.72668
-1.27602
0
0
0
0
0
0
0
0
0
0
0
0
0
-0.748976
-1.37087
-1.10337
0
0
0
0
0
0
0
0
0
0
0
0
0
-0.554018
-1.04333
-0.867429
0
0
0
0
0
0
0
0
0
0
0
0
0
-0.414091
-0.745014
-0.536286
0
0
0
0
0
0
0
0
0
0
0
0
0
-0.293568
-0.530133
-0.184154
0
0
0
0
0
0
0
0
0
0
0
0
0
-0.178248
-0.329341
0
0
0
0
0
0
0
0
0
0
0
0
0
0
0
-0.136186
0
0
0
0
0
0
0
0
0
0
0
0
0
0
0
0
0
0
0
0
0
0
0
0
0
0
0
0
0
0
0
0
0
0
0
0
0
0
0
0
0
0
0
0
0
0
0
0
0
0
0
0
0
0
0
0
0
0
0
0
0
0
0
0
0
0
0
0
0
0
0
0
0
0
0
0
0
0
0
0
0
0
0
0
0
0
0
0
0
0
0
0
0
0
0
0
0
0
0
0
0
0
0
0
0
0
0
0
0
0
0
0
0
0
0
0
0
0
0
0
0
0
0
0
0
0
0
0
0
0
0
0
0
0
0
0
0
0
0
0
0
0
0
0
0
0
0
0
0
0
0
0
0
0
0
0
0
0
0
0
0
0
0
0
0
0
0
0
0
0
0
0
0
0
0
0
0
0
0
0
0
0
0
0
0
0
0
0
0
0
0
0
0
0
0
0
0
0
0
0
0
0
0
0
0
0
0
0
0
0
0
0
0
0
0
0
0
0
0
0
0
0
0
-1.35982
-0.577886
0
0
0
0
0
0
0
0
0
0
0
0
0
-1.40867
-1.49015
-0.802541
0
0
0
0
0
0
0
0
0
0
0
0
0
-1.49249
-1.66168
-1.08168
0
0
0
0
0
0
0
0
0
0
0
0
0
-1.55414
-1.89786
-1.43437
0
0
0
0
0
0
0
0
0
0
0
0
0
-1.65728
-2.14467
-1.7337
0
0
0
0
0
0
0
0
0
0
0
0
0
-1.68281
-2.36175
-1.95572
0
0
0
0
0
0
0
0
0
0
0
0
0
-1.73853
-2.52438
-2.13756
0
0
0
0
0
0
0
0
0
0
0
0
0
-1.71022
-2.60804
-2.20226
0
0
0
0
0
0
0
0
0
0
0
0
0
-1.66807
-2.66928
-2.24006
0
0
0
0
0
0
0
0
0
0
0
0
-0.128616
-1.62326
-2.66488
-2.19379
0
0
0
0
0
0
0
0
0
0
0
0
-0.257026
-1.60296
-2.64455
-2.13045
0
0
0
0
0
0
0
0
0
0
0
0
-0.353942
-1.61346
-2.59671
-2.05676
0
0
0
0
0
0
0
0
0
0
0
0
-0.384824
-1.67873
-2.56214
-2.00552
0
0
0
0
0
0
0
0
0
0
0
0
-0.371843
-1.77726
-2.5395
-1.975
0
0
0
0
0
0
0
0
0
0
0
0
-0.342242
-1.87792
-2.56237
-1.9513
0
0
0
0
0
0
0
0
0
0
0
0
-0.305419
-1.97273
-2.60139
-1.9278
0
0
0
0
0
0
0
0
0
0
0
0
-0.288806
-1.95268
-2.60746
-1.86237
0
0
0
0
0
0
0
0
0
0
0
0
-0.269878
-1.91162
-2.60311
-1.77916
0
0
0
0
0
0
0
0
0
0
0
-0.0486428
-0.21296
-1.74804
-2.48711
-1.64782
0
0
0
0
0
0
0
0
0
0
0
-0.189017
-0.132894
-1.55242
-2.33731
-1.50515
0
0
0
0
0
0
0
0
0
0
0
-0.182212
0
-1.30908
-2.08823
-1.36553
0
0
0
0
0
0
0
0
0
0
0
-0.0721392
0
-1.05107
-1.79289
-1.22051
0
0
0
0
0
0
0
0
0
0
0
0
0
-0.80843
-1.447
-1.06703
0
0
0
0
0
0
0
0
0
0
0
0
0
-0.607103
-1.11954
-0.864278
0
0
0
0
0
0
0
0
0
0
0
0
0
-0.450668
-0.812465
-0.574753
0
0
0
0
0
0
0
0
0
0
0
0
0
-0.320946
-0.581739
-0.250854
0
0
0
0
0
0
0
0
0
0
0
0
0
-0.175842
-0.357899
0
0
0
0
0
0
0
0
0
0
0
0
0
0
0
-0.183075
0
0
0
0
0
0
0
0
0
0
0
0
0
0
0
0
0
0
0
0
0
0
0
0
0
0
0
0
0
0
0
0
0
0
0
0
0
0
0
0
0
0
0
0
0
0
0
0
0
0
0
0
0
0
0
0
0
0
0
0
0
0
0
0
0
0
0
0
0
0
0
0
0
0
0
0
0
0
0
0
0
0
0
0
0
0
0
0
0
0
0
0
0
0
0
0
0
0
0
0
0
0
0
0
0
0
0
0
0
0
0
0
0
0
0
0
0
0
0
0
0
0
0
0
0
0
0
0
0
0
0
0
0
0
0
0
0
0
0
0
0
0
0
0
0
0
0
0
0
0
0
0
0
0
0
0
0
0
0
0
0
0
0
0
0
0
0
0
0
0
0
0
0
0
0
0
0
0
0
0
0
0
0
0
0
0
0
0
0
0
0
0
0
0
0
0
0
0
0
0
0
0
0
0
0
0
0
-1.11761
0
0
0
0
0
0
0
0
0
0
0
0
0
0
-1.21501
-1.24274
-0.421703
0
0
0
0
0
0
0
0
0
0
0
0
0
-1.34657
-1.39672
-0.653584
0
0
0
0
0
0
0
0
0
0
0
0
0
-1.45259
-1.61061
-0.938833
0
0
0
0
0
0
0
0
0
0
0
0
0
-1.55376
-1.87398
-1.29619
0
0
0
0
0
0
0
0
0
0
0
0
-0.192713
-1.68536
-2.14093
-1.57592
0
0
0
0
0
0
0
0
0
0
0
0
0
-1.73834
-2.34352
-1.83192
0
0
0
0
0
0
0
0
0
0
0
0
0
-1.79564
-2.50364
-2.03032
0
0
0
0
0
0
0
0
0
0
0
0
0
-1.76057
-2.59387
-2.1314
0
0
0
0
0
0
0
0
0
0
0
0
-0.0337261
-1.72623
-2.65341
-2.19022
0
0
0
0
0
0
0
0
0
0
0
0
-0.16587
-1.69058
-2.65288
-2.15399
0
0
0
0
0
0
0
0
0
0
0
0
-0.264928
-1.66191
-2.62919
-2.10545
0
0
0
0
0
0
0
0
0
0
0
0
-0.337307
-1.65039
-2.56884
-2.04863
0
0
0
0
0
0
0
0
0
0
0
0
-0.345614
-1.68725
-2.52205
-2.02047
0
0
0
0
0
0
0
0
0
0
0
0
-0.306381
-1.75439
-2.49077
-2.01317
0
0
0
0
0
0
0
0
0
0
0
0
-0.264522
-1.83511
-2.51486
-2.0126
0
0
0
0
0
0
0
0
0
0
0
0
-0.220826
-1.9155
-2.55791
-2.00528
0
0
0
0
0
0
0
0
0
0
0
0
-0.224135
-1.89614
-2.57436
-1.94498
0
0
0
0
0
0
0
0
0
0
0
0
-0.228728
-1.85916
-2.57914
-1.85519
0
0
0
0
0
0
0
0
0
0
0
0
-0.202083
-1.70966
-2.47358
-1.70366
0
0
0
0
0
0
0
0
0
0
0
0
-0.154826
-1.53137
-2.33644
-1.53294
0
0
0
0
0
0
0
0
0
0
0
0
-0.0439025
-1.30558
-2.10283
-1.36563
0
0
0
0
0
0
0
0
0
0
0
0
0
-1.06465
-1.82817
-1.20297
0
0
0
0
0
0
0
0
0
0
0
0
0
-0.834494
-1.49874
-1.05465
0
0
0
0
0
0
0
0
0
0
0
0
0
-0.636315
-1.17447
-0.877228
0
0
0
0
0
0
0
0
0
0
0
0
0
-0.462394
-0.852065
-0.638995
0
0
0
0
0
0
0
0
0
0
0
0
0
-0.302505
-0.609962
-0.352486
0
0
0
0
0
0
0
0
0
0
0
0
0
-0.12976
-0.361737
0
0
0
0
0
0
0
0
0
0
0
0
0
0
0
-0.190395
0
0
0
0
0
0
0
0
0
0
0
0
0
0
0
0
0
0
0
0
0
0
0
0
0
0
0
0
0
0
0
0
0
0
0
0
0
0
0
0
0
0
0
0
0
0
0
0
0
0
0
0
0
0
0
0
0
0
0
0
0
0
0
0
0
0
0
0
0
0
0
0
0
0
0
0
0
0
0
0
0
0
0
0
0
0
0
0
0
0
0
0
0
0
0
0
0
0
0
0
0
0
0
0
0
0
0
0
0
0
0
0
0
0
0
0
0
0
0
0
0
0
0
0
0
0
0
0
0
0
0
0
0
0
0
0
0
0
0
0
0
0
0
0
0
0
0
0
0
0
0
0
0
0
0
0
0
0
0
0
0
0
0
0
0
0
0
0
0
0
0
0
0
0
0
0
0
0
0
0
0
0
0
0
0
0
0
0
0
0
0
0
0
0
0
0
0
0
0
0
0
0
0
0
0
0
0
-1.03286
0
0
0
0
0
0
0
0
0
0
0
0
0
0
-1.17289
-1.14592
-0.262962
0
0
0
0
0
0
0
0
0
0
0
0
0
-1.28107
-1.32034
-0.504925
0
0
0
0
0
0
0
0
0
0
0
0
0
-1.41175
-1.55312
-0.80067
0
0
0
0
0
0
0
0
0
0
0
0
0
-1.53634
-1.82964
-1.14584
0
0
0
0
0
0
0
0
0
0
0
0
-0.153657
-1.68685
-2.08449
-1.42526
0
0
0
0
0
0
0
0
0
0
0
0
-0.0509953
-1.75156
-2.27177
-1.7036
0
0
0
0
0
0
0
0
0
0
0
0
0
-1.79105
-2.43279
-1.91777
0
0
0
0
0
0
0
0
0
0
0
0
0
-1.76064
-2.52441
-2.04304
0
0
0
0
0
0
0
0
0
0
0
0
-0.0511743
-1.73587
-2.59044
-2.11227
0
0
0
0
0
0
0
0
0
0
0
0
-0.154417
-1.70477
-2.59599
-2.09845
0
0
0
0
0
0
0
0
0
0
0
0
-0.228817
-1.67617
-2.57087
-2.08424
0
0
0
0
0
0
0
0
0
0
0
0
-0.264898
-1.65448
-2.51202
-2.0671
0
0
0
0
0
0
0
0
0
0
0
0
-0.23751
-1.6698
-2.46968
-2.07756
0
0
0
0
0
0
0
0
0
0
0
0
-0.16114
-1.70992
-2.44409
-2.10045
0
0
0
0
0
0
0
0
0
0
0
0
-0.0997084
-1.77007
-2.47302
-2.12095
0
0
0
0
0
0
0
0
0
0
0
0
-0.0421776
-1.83501
-2.51855
-2.12354
0
0
0
0
0
0
0
0
0
0
0
0
-0.060877
-1.81027
-2.53764
-2.06787
0
0
0
0
0
0
0
0
0
0
0
0
-0.0838728
-1.77041
-2.54093
-1.9726
0
0
0
0
0
0
0
0
0
0
0
0
-0.0864737
-1.6256
-2.43526
-1.81104
0
0
0
0
0
0
0
0
0
0
0
0
-0.0710452
-1.45569
-2.2981
-1.62232
0
0
0
0
0
0
0
0
0
0
0
0
0
-1.24479
-2.07135
-1.43318
0
0
0
0
0
0
0
0
0
0
0
0
0
-1.02083
-1.81145
-1.25147
0
0
0
0
0
0
0
0
0
0
0
0
0
-0.808416
-1.50565
-1.0974
0
0
0
0
0
0
0
0
0
0
0
0
0
-0.620979
-1.20238
-0.930845
0
0
0
0
0
0
0
0
0
0
0
0
0
-0.450656
-0.881883
-0.731437
0
0
0
0
0
0
0
0
0
0
0
0
0
-0.266953
-0.626131
-0.487273
0
0
0
0
0
0
0
0
0
0
0
0
0
-0.0592061
-0.357593
-0.134671
0
0
0
0
0
0
0
0
0
0
0
0
0
0
-0.185708
0
0
0
0
0
0
0
0
0
0
0
0
0
0
0
0
0
0
0
0
0
0
0
0
0
0
0
0
0
0
0
0
0
0
0
0
0
0
0
0
0
0
0
0
0
0
0
0
0
0
0
0
0
0
0
0
0
0
0
0
0
0
0
0
0
0
0
0
0
0
0
0
0
0
0
0
0
0
0
0
0
0
0
0
0
0
0
0
0
0
0
0
0
0
0
0
0
0
0
0
0
0
0
0
0
0
0
0
0
0
0
0
0
0
0
0
0
0
0
0
0
0
0
0
0
0
0
0
0
0
0
0
0
0
0
0
0
0
0
0
0
0
0
0
0
0
0
0
0
0
0
0
0
0
0
0
0
0
0
0
0
0
0
0
0
0
0
0
0
0
0
0
0
0
0
0
0
0
0
0
0
0
0
0
0
0
0
0
0
0
0
0
0
0
0
0
0
0
0
0
0
0
0
0
0
0
0
-0.967572
0
0
0
0
0
0
0
0
0
0
0
0
0
0
-1.13881
-1.08067
-0.108477
0
0
0
0
0
0
0
0
0
0
0
0
0
-1.23755
-1.26512
-0.353435
0
0
0
0
0
0
0
0
0
0
0
0
0
-1.38831
-1.50185
-0.643686
0
0
0
0
0
0
0
0
0
0
0
0
0
-1.52291
-1.77236
-0.97708
0
0
0
0
0
0
0
0
0
0
0
0
-0.111525
-1.68421
-1.99571
-1.26388
0
0
0
0
0
0
0
0
0
0
0
0
-0.0353311
-1.73999
-2.17546
-1.56242
0
0
0
0
0
0
0
0
0
0
0
0
0
-1.7631
-2.32864
-1.79422
0
0
0
0
0
0
0
0
0
0
0
0
-0.0204579
-1.74313
-2.42683
-1.93686
0
0
0
0
0
0
0
0
0
0
0
0
-0.047094
-1.72202
-2.50007
-2.02464
0
0
0
0
0
0
0
0
0
0
0
0
-0.127584
-1.69903
-2.51107
-2.04974
0
0
0
0
0
0
0
0
0
0
0
0
-0.169634
-1.67408
-2.49373
-2.08526
0
0
0
0
0
0
0
0
0
0
0
0
-0.15649
-1.64141
-2.45113
-2.12018
0
0
0
0
0
0
0
0
0
0
0
0
-0.0831331
-1.63554
-2.42592
-2.17312
0
0
0
0
0
0
0
0
0
0
0
0
0
-1.65157
-2.41575
-2.22378
0
0
0
0
0
0
0
0
0
0
0
0
0
-1.69295
-2.45291
-2.25937
0
0
0
0
0
0
0
0
0
0
0
0
0
-1.74296
-2.50091
-2.2659
0
0
0
0
0
0
0
0
0
0
0
0
0
-1.71006
-2.51932
-2.21369
0
0
0
0
0
0
0
0
0
0
0
0
0
-1.66265
-2.51615
-2.11432
0
0
0
0
0
0
0
0
0
0
0
0
0
-1.51589
-2.40522
-1.95043
0
0
0
0
0
0
0
0
0
0
0
0
0
-1.34728
-2.26125
-1.75313
0
0
0
0
0
0
0
0
0
0
0
0
0
-1.14908
-2.0353
-1.54976
0
0
0
0
0
0
0
0
0
0
0
0
0
-0.945557
-1.78339
-1.35019
0
0
0
0
0
0
0
0
0
0
0
0
0
-0.760438
-1.49646
-1.18123
0
0
0
0
0
0
0
0
0
0
0
0
0
-0.587572
-1.214
-1.01001
0
0
0
0
0
0
0
0
0
0
0
0
0
-0.424504
-0.905377
-0.829362
0
0
0
0
0
0
0
0
0
0
0
0
0
-0.225545
-0.639133
-0.614032
0
0
0
0
0
0
0
0
0
0
0
0
0
0
-0.345789
-0.305735
0
0
0
0
0
0
0
0
0
0
0
0
0
0
-0.181006
-0.0771168
0
0
0
0
0
0
0
0
0
0
0
0
0
0
-0.0224673
0
0
0
0
0
0
0
0
0
0
0
0
0
0
0
0
0
0
0
0
0
0
0
0
0
0
0
0
0
0
0
0
0
0
0
0
0
0
0
0
0
0
0
0
0
0
0
0
0
0
0
0
0
0
0
0
0
0
0
0
0
0
0
0
0
0
0
0
0
0
0
0
0
0
0
0
0
0
0
0
0
0
0
0
0
0
0
0
0
0
0
0
0
0
0
0
0
0
0
0
0
0
0
0
0
0
0
0
0
0
0
0
0
0
0
0
0
0
0
0
0
0
0
0
0
0
0
0
0
0
0
0
0
0
0
0
0
0
0
0
0
0
0
0
0
0
0
0
0
0
0
0
0
0
0
0
0
0
0
0
0
0
0
0
0
0
0
0
0
0
0
0
0
0
0
0
0
0
0
0
0
0
0
0
0
0
0
0
0
0
0
-0.876664
0
0
0
0
0
0
0
0
0
0
0
0
0
0
-1.09641
-0.982857
0
0
0
0
0
0
0
0
0
0
0
0
0
0
-1.17593
-1.15871
-0.200781
0
0
0
0
0
0
0
0
0
0
0
0
0
-1.3239
-1.38611
-0.469444
0
0
0
0
0
0
0
0
0
0
0
0
0
-1.45278
-1.6363
-0.806607
0
0
0
0
0
0
0
0
0
0
0
0
0
-1.60665
-1.83212
-1.1023
0
0
0
0
0
0
0
0
0
0
0
0
0
-1.64527
-2.01326
-1.42178
0
0
0
0
0
0
0
0
0
0
0
0
0
-1.66175
-2.16276
-1.66395
0
0
0
0
0
0
0
0
0
0
0
0
0
-1.65259
-2.27527
-1.81936
0
0
0
0
0
0
0
0
0
0
0
0
0
-1.63861
-2.3552
-1.93083
0
0
0
0
0
0
0
0
0
0
0
0
-0.0556173
-1.62822
-2.37691
-2.0004
0
0
0
0
0
0
0
0
0
0
0
0
-0.0757314
-1.60924
-2.37815
-2.08814
0
0
0
0
0
0
0
0
0
0
0
0
-0.0296179
-1.57454
-2.36315
-2.17234
0
0
0
0
0
0
0
0
0
0
0
0
0
-1.56486
-2.36515
-2.25896
0
0
0
0
0
0
0
0
0
0
0
0
0
-1.57774
-2.37888
-2.32701
0
0
0
0
0
0
0
0
0
0
0
0
0
-1.61418
-2.42658
-2.36877
0
0
0
0
0
0
0
0
0
0
0
0
0
-1.65901
-2.47657
-2.37174
0
0
0
0
0
0
0
0
0
0
0
0
0
-1.61717
-2.4899
-2.3263
0
0
0
0
0
0
0
0
0
0
0
0
0
-1.5586
-2.47538
-2.22952
0
0
0
0
0
0
0
0
0
0
0
0
0
-1.39946
-2.35527
-2.08201
0
0
0
0
0
0
0
0
0
0
0
0
0
-1.21963
-2.20039
-1.89795
0
0
0
0
0
0
0
0
0
0
0
0
0
-1.0253
-1.97473
-1.70032
0
0
0
0
0
0
0
0
0
0
0
0
0
-0.838872
-1.73218
-1.49624
0
0
0
0
0
0
0
0
0
0
0
0
0
-0.690668
-1.47268
-1.31042
0
0
0
0
0
0
0
0
0
0
0
0
0
-0.544358
-1.22155
-1.12201
0
0
0
0
0
0
0
0
0
0
0
0
0
-0.397583
-0.947009
-0.938522
0
0
0
0
0
0
0
0
0
0
0
0
0
-0.197879
-0.692199
-0.734843
0
0
0
0
0
0
0
0
0
0
0
0
0
0
-0.390265
-0.460863
0
0
0
0
0
0
0
0
0
0
0
0
0
0
-0.235441
-0.257419
0
0
0
0
0
0
0
0
0
0
0
0
0
0
-0.0853827
-0.0256421
0
0
0
0
0
0
0
0
0
0
0
0
0
0
-0.0961304
0
0
0
0
0
0
0
0
0
0
0
0
0
0
0
-0.0791171
0
0
0
0
0
0
0
0
0
0
0
0
0
0
0
-0.0929719
0
0
0
0
0
0
0
0
0
0
0
0
0
0
0
0
0
0
0
0
0
0
0
0
0
0
0
0
0
0
0
0
0
0
0
0
0
0
0
0
0
0
0
0
0
0
0
0
0
0
0
0
0
0
0
0
0
0
0
0
0
0
0
0
0
0
0
0
0
0
0
0
0
0
0
0
0
0
0
0
0
0
0
0
0
0
0
0
0
0
0
0
0
0
0
0
0
0
0
0
0
0
0
0
0
0
0
0
0
0
0
0
0
0
0
0
0
0
0
0
0
0
0
0
0
0
0
0
0
0
0
0
0
0
0
0
0
0
0
0
0
0
-1.01862
-0.801993
0
0
0
0
0
0
0
0
0
0
0
0
0
0
-1.07241
-0.891889
0
0
0
0
0
0
0
0
0
0
0
0
0
0
-1.12815
-1.03956
-0.0292376
0
0
0
0
0
0
0
0
0
0
0
0
0
-1.25709
-1.23881
-0.261318
0
0
0
0
0
0
0
0
0
0
0
0
0
-1.3675
-1.44976
-0.61227
0
0
0
0
0
0
0
0
0
0
0
0
0
-1.49548
-1.61668
-0.919231
0
0
0
0
0
0
0
0
0
0
0
0
0
-1.51541
-1.79799
-1.26585
0
0
0
0
0
0
0
0
0
0
0
0
0
-1.52627
-1.94867
-1.51813
0
0
0
0
0
0
0
0
0
0
0
0
0
-1.52845
-2.08118
-1.69392
0
0
0
0
0
0
0
0
0
0
0
0
0
-1.52741
-2.1731
-1.83637
0
0
0
0
0
0
0
0
0
0
0
0
0
-1.53151
-2.21672
-1.95486
0
0
0
0
0
0
0
0
0
0
0
0
0
-1.51987
-2.24667
-2.09278
0
0
0
0
0
0
0
0
0
0
0
0
0
-1.48885
-2.26738
-2.21906
0
0
0
0
0
0
0
0
0
0
0
0
0
-1.48364
-2.30118
-2.33028
0
0
0
0
0
0
0
0
0
0
0
0
0
-1.50154
-2.34072
-2.40816
0
0
0
0
0
0
0
0
0
0
0
0
0
-1.5379
-2.39685
-2.45065
0
0
0
0
0
0
0
0
0
0
0
0
0
-1.58054
-2.44579
-2.44475
0
0
0
0
0
0
0
0
0
0
0
0
0
-1.52853
-2.45025
-2.4078
0
0
0
0
0
0
0
0
0
0
0
0
0
-1.45594
-2.42181
-2.31673
0
0
0
0
0
0
0
0
0
0
0
0
0
-1.2785
-2.29291
-2.19518
0
0
0
0
0
0
0
0
0
0
0
0
0
-1.08001
-2.12884
-2.03334
0
0
0
0
0
0
0
0
0
0
0
0
0
-0.885236
-1.90848
-1.84992
0
0
0
0
0
0
0
0
0
0
0
0
0
-0.714549
-1.67978
-1.64921
0
0
0
0
0
0
0
0
0
0
0
0
0
-0.608852
-1.45159
-1.45082
0
0
0
0
0
0
0
0
0
0
0
0
0
-0.496038
-1.23151
-1.24369
0
0
0
0
0
0
0
0
0
0
0
0
0
-0.370999
-0.990405
-1.04868
0
0
0
0
0
0
0
0
0
0
0
0
0
-0.172311
-0.751336
-0.846075
0
0
0
0
0
0
0
0
0
0
0
0
0
0
-0.447783
-0.594374
0
0
0
0
0
0
0
0
0
0
0
0
-0.0366761
0
-0.300401
-0.414391
0
0
0
0
0
0
0
0
0
0
0
0
-0.0991719
0
-0.160316
-0.204119
0
0
0
0
0
0
0
0
0
0
0
0
-0.10556
0
-0.200575
-0.0930559
0
0
0
0
0
0
0
0
0
0
0
0
0
0
-0.215031
0
0
0
0
0
0
0
0
0
0
0
0
0
0
0
-0.246854
0
0
0
0
0
0
0
0
0
0
0
0
0
0
0
-0.320454
0
0
0
0
0
0
0
0
0
0
0
0
0
0
0
0
0
0
0
0
0
0
0
0
0
0
0
0
0
0
0
0
0
0
0
0
0
0
0
0
0
0
0
0
0
0
0
0
0
0
0
0
0
0
0
0
0
0
0
0
0
0
0
0
0
0
0
0
0
0
0
0
0
0
0
0
0
0
0
0
0
0
0
0
0
0
0
0
0
0
0
0
0
0
0
0
0
0
0
0
0
0
0
0
0
0
0
0
0
0
0
0
0
0
0
0
0
0
0
0
0
0
0
0
0
0
-1.06235
-0.673484
0
0
0
0
0
0
0
0
0
0
0
0
0
0
-1.07683
-0.746632
0
0
0
0
0
0
0
0
0
0
0
0
0
0
-1.09715
-0.866937
0
0
0
0
0
0
0
0
0
0
0
0
0
0
-1.18909
-1.03611
-0.0804608
0
0
0
0
0
0
0
0
0
0
0
0
0
-1.26519
-1.21651
-0.427128
0
0
0
0
0
0
0
0
0
0
0
0
0
-1.34993
-1.36704
-0.735008
0
0
0
0
0
0
0
0
0
0
0
0
0
-1.35074
-1.55889
-1.10154
0
0
0
0
0
0
0
0
0
0
0
0
0
-1.35175
-1.72117
-1.36087
0
0
0
0
0
0
0
0
0
0
0
0
0
-1.36338
-1.87294
-1.55682
0
0
0
0
0
0
0
0
0
0
0
0
0
-1.37494
-1.97744
-1.72732
0
0
0
0
0
0
0
0
0
0
0
0
0
-1.39253
-2.0393
-1.88611
0
0
0
0
0
0
0
0
0
0
0
0
0
-1.39363
-2.09262
-2.06178
0
0
0
0
0
0
0
0
0
0
0
0
0
-1.38041
-2.14131
-2.21709
0
0
0
0
0
0
0
0
0
0
0
0
0
-1.39133
-2.20192
-2.34426
0
0
0
0
0
0
0
0
0
0
0
0
0
-1.42319
-2.2648
-2.42799
0
0
0
0
0
0
0
0
0
0
0
0
0
-1.45992
-2.33166
-2.47154
0
0
0
0
0
0
0
0
0
0
0
0
0
-1.49806
-2.38398
-2.45941
0
0
0
0
0
0
0
0
0
0
0
0
0
-1.43432
-2.38581
-2.44093
0
0
0
0
0
0
0
0
0
0
0
0
0
-1.34657
-2.35118
-2.36882
0
0
0
0
0
0
0
0
0
0
0
0
0
-1.15782
-2.2231
-2.28992
0
0
0
0
0
0
0
0
0
0
0
0
0
-0.950791
-2.06069
-2.16435
0
0
0
0
0
0
0
0
0
0
0
0
0
-0.771889
-1.85445
-2.00596
0
0
0
0
0
0
0
0
0
0
0
0
0
-0.629696
-1.6474
-1.81697
0
0
0
0
0
0
0
0
0
0
0
0
0
-0.565194
-1.45506
-1.61145
0
0
0
0
0
0
0
0
0
0
0
0
0
-0.476938
-1.27404
-1.38795
0
0
0
0
0
0
0
0
0
0
0
0
0
-0.358969
-1.08329
-1.17689
0
0
0
0
0
0
0
0
0
0
0
0
0
-0.155734
-0.889012
-0.972297
0
0
0
0
0
0
0
0
0
0
0
0
0
0
-0.637805
-0.738533
0
0
0
0
0
0
0
0
0
0
0
0
-0.051409
0
-0.501624
-0.572875
0
0
0
0
0
0
0
0
0
0
0
0
-0.127311
0
-0.366887
-0.370067
0
0
0
0
0
0
0
0
0
0
0
0
-0.120722
0
-0.364873
-0.239489
0
0
0
0
0
0
0
0
0
0
0
0
0
0
-0.351971
-0.0665203
0
0
0
0
0
0
0
0
0
0
0
0
0
0
-0.359828
0
0
0
0
0
0
0
0
0
0
0
0
0
0
0
-0.419738
0
0
0
0
0
0
0
0
0
0
0
0
0
0
0
-0.556976
0
0
0
0
0
0
0
0
0
0
0
0
0
0
0
0
0
0
0
0
0
0
0
0
0
0
0
0
0
0
0
0
0
0
0
0
0
0
0
0
0
0
0
0
0
0
0
0
0
0
0
0
0
0
0
0
0
0
0
0
0
0
0
0
0
0
0
0
0
0
0
0
0
0
0
0
0
0
0
0
0
0
0
0
0
0
0
0
0
0
0
0
0
0
0
0
0
0
0
0
0
0
0
0
0
0
0
0
0
0
-1.12403
-0.549201
0
0
0
0
0
0
0
0
0
0
0
0
0
0
-1.10294
-0.587864
0
0
0
0
0
0
0
0
0
0
0
0
0
0
-1.08129
-0.660049
0
0
0
0
0
0
0
0
0
0
0
0
0
0
-1.12439
-0.773419
0
0
0
0
0
0
0
0
0
0
0
0
0
0
-1.15006
-0.912297
-0.20961
0
0
0
0
0
0
0
0
0
0
0
0
0
-1.1748
-1.03828
-0.517704
0
0
0
0
0
0
0
0
0
0
0
0
0
-1.15159
-1.25222
-0.909587
0
0
0
0
0
0
0
0
0
0
0
0
0
-1.13575
-1.43612
-1.1819
0
0
0
0
0
0
0
0
0
0
0
0
0
-1.16184
-1.61887
-1.40379
0
0
0
0
0
0
0
0
0
0
0
0
0
-1.19013
-1.74582
-1.60175
0
0
0
0
0
0
0
0
0
0
0
0
0
-1.22641
-1.83158
-1.79521
0
0
0
0
0
0
0
0
0
0
0
0
0
-1.24792
-1.90996
-1.99935
0
0
0
0
0
0
0
0
0
0
0
0
0
-1.26119
-1.9855
-2.17448
0
0
0
0
0
0
0
0
0
0
0
0
0
-1.2935
-2.07031
-2.30945
0
0
0
0
0
0
0
0
0
0
0
0
0
-1.34209
-2.15404
-2.39088
0
0
0
0
0
0
0
0
0
0
0
0
0
-1.37788
-2.22854
-2.42845
0
0
0
0
0
0
0
0
0
0
0
0
0
-1.40918
-2.28243
-2.40393
0
0
0
0
0
0
0
0
0
0
0
0
0
-1.33093
-2.28106
-2.40879
0
0
0
0
0
0
0
0
0
0
0
0
0
-1.22502
-2.24168
-2.36426
0
0
0
0
0
0
0
0
0
0
0
0
0
-1.0253
-2.1206
-2.33999
0
0
0
0
0
0
0
0
0
0
0
0
0
-0.81182
-1.96886
-2.25795
0
0
0
0
0
0
0
0
0
0
0
0
0
-0.657299
-1.78833
-2.12875
0
0
0
0
0
0
0
0
0
0
0
0
0
-0.55083
-1.61363
-1.95509
0
0
0
0
0
0
0
0
0
0
0
0
0
-0.529359
-1.46346
-1.74892
0
0
0
0
0
0
0
0
0
0
0
0
0
-0.463016
-1.32237
-1.51703
0
0
0
0
0
0
0
0
0
0
0
0
0
-0.349415
-1.17711
-1.29568
0
0
0
0
0
0
0
0
0
0
0
0
0
-0.140839
-1.0209
-1.09006
0
0
0
0
0
0
0
0
0
0
0
0
0
0
-0.814399
-0.869078
0
0
0
0
0
0
0
0
0
0
0
0
-0.045862
0
-0.686318
-0.712539
0
0
0
0
0
0
0
0
0
0
0
0
-0.137103
0
-0.554991
-0.514573
0
0
0
0
0
0
0
0
0
0
0
0
-0.121239
0
-0.515195
-0.36483
0
0
0
0
0
0
0
0
0
0
0
0
0
0
-0.474562
-0.16692
0
0
0
0
0
0
0
0
0
0
0
0
0
0
-0.461903
0
0
0
0
0
0
0
0
0
0
0
0
0
0
0
-0.511541
0
0
0
0
0
0
0
0
0
0
0
0
0
0
0
-0.653979
0
0
0
0
0
0
0
0
0
0
0
0
0
0
0
-0.86378
0
0
0
0
0
0
0
0
0
0
0
0
0
0
0
0
0
0
0
0
0
0
0
0
0
0
0
0
0
0
0
0
0
0
0
0
0
0
0
0
0
0
0
0
0
0
0
0
0
0
0
0
0
0
0
0
0
0
0
0
0
0
0
0
0
0
0
0
0
0
0
0
0
0
0
0
0
0
0
0
0
0
0
0
0
0
0
0
0
0
0
0
0
0
-1.17633
0
0
0
0
0
0
0
0
0
0
0
0
0
0
0
-1.12859
-0.381368
0
0
0
0
0
0
0
0
0
0
0
0
0
0
-1.07441
-0.433101
0
0
0
0
0
0
0
0
0
0
0
0
0
0
-1.07887
-0.520908
0
0
0
0
0
0
0
0
0
0
0
0
-0.337241
0
-1.06636
-0.645011
-0.0449258
0
0
0
0
0
0
0
0
0
0
0
-0.138273
0
-1.04685
-0.763712
-0.320359
0
0
0
0
0
0
0
0
0
0
0
0
0
-1.00906
-0.99511
-0.70625
0
0
0
0
0
0
0
0
0
0
0
0
0
-0.983474
-1.19371
-0.976369
0
0
0
0
0
0
0
0
0
0
0
0
0
-1.02298
-1.39357
-1.20626
0
0
0
0
0
0
0
0
0
0
0
0
0
-1.06685
-1.53309
-1.41402
0
0
0
0
0
0
0
0
0
0
0
0
0
-1.12495
-1.63217
-1.62248
0
0
0
0
0
0
0
0
0
0
0
0
0
-1.16974
-1.7251
-1.83969
0
0
0
0
0
0
0
0
0
0
0
0
0
-1.21008
-1.81763
-2.02649
0
0
0
0
0
0
0
0
0
0
0
0
0
-1.2532
-1.92183
-2.16948
0
0
0
0
0
0
0
0
0
0
0
0
0
-1.30193
-2.02593
-2.25681
0
0
0
0
0
0
0
0
0
0
0
0
0
-1.32034
-2.11724
-2.30567
0
0
0
0
0
0
0
0
0
0
0
0
0
-1.32887
-2.18586
-2.29507
0
0
0
0
0
0
0
0
0
0
0
0
0
-1.23398
-2.19898
-2.34793
0
0
0
0
0
0
0
0
0
0
0
0
0
-1.11082
-2.1743
-2.35354
0
0
0
0
0
0
0
0
0
0
0
0
0
-0.921087
-2.075
-2.38632
0
0
0
0
0
0
0
0
0
0
0
0
0
-0.728572
-1.94612
-2.34575
0
0
0
0
0
0
0
0
0
0
0
0
0
-0.620581
-1.78803
-2.24093
0
0
0
0
0
0
0
0
0
0
0
0
0
-0.554868
-1.63722
-2.08083
0
0
0
0
0
0
0
0
0
0
0
0
0
-0.552411
-1.51199
-1.87717
0
0
0
0
0
0
0
0
0
0
0
0
0
-0.485272
-1.40411
-1.64749
0
0
0
0
0
0
0
0
0
0
0
0
0
-0.353607
-1.30486
-1.43039
0
0
0
0
0
0
0
0
0
0
0
0
0
-0.133402
-1.20198
-1.24024
0
0
0
0
0
0
0
0
0
0
0
0
0
0
-1.06635
-1.04959
0
0
0
0
0
0
0
0
0
0
0
0
0
0
-0.957117
-0.899109
0
0
0
0
0
0
0
0
0
0
0
0
0
0
-0.835672
-0.701053
0
0
0
0
0
0
0
0
0
0
0
0
0
0
-0.727438
-0.507537
0
0
0
0
0
0
0
0
0
0
0
0
0
0
-0.612226
-0.257529
0
0
0
0
0
0
0
0
0
0
0
0
0
0
-0.52106
0
0
0
0
0
0
0
0
0
0
0
0
0
0
0
-0.513564
0
0
0
0
0
0
0
0
0
0
0
0
0
0
0
-0.62858
0
0
0
0
0
0
0
0
0
0
0
0
0
0
0
0
0
0
0
0
0
0
0
0
0
0
0
0
0
0
0
0
0
0
0
0
0
0
0
0
0
0
0
0
0
0
0
0
0
0
0
0
0
0
0
0
0
0
0
0
0
0
0
0
0
0
0
0
0
0
0
0
0
0
0
0
0
0
0
0
0
0
0
0
0
0
0
0
0
0
0
0
0
0
0
0
0
0
0
0
0
0
0
0
0
0
0
0
0
0
-1.24779
0
0
0
0
0
0
0
0
0
0
0
0
0
0
0
-1.17138
0
0
0
0
0
0
0
0
0
0
0
0
0
0
0
-1.07786
-0.148462
0
0
0
0
0
0
0
0
0
0
0
0
-0.661765
0
-1.03672
-0.193251
0
0
0
0
0
0
0
0
0
0
0
0
-0.382466
0
-0.977362
-0.298511
0
0
0
0
0
0
0
0
0
0
0
0
-0.168596
0
-0.907109
-0.406043
-0.0827012
0
0
0
0
0
0
0
0
0
0
0
0
0
-0.85214
-0.667631
-0.456526
0
0
0
0
0
0
0
0
0
0
0
0
0
-0.81487
-0.889317
-0.723824
0
0
0
0
0
0
0
0
0
0
0
0
0
-0.872819
-1.11661
-0.961113
0
0
0
0
0
0
0
0
0
0
0
0
0
-0.936531
-1.27571
-1.17285
0
0
0
0
0
0
0
0
0
0
0
0
0
-1.02306
-1.39147
-1.38838
0
0
0
0
0
0
0
0
0
0
0
0
0
-1.09657
-1.49906
-1.61038
0
0
0
0
0
0
0
0
0
0
0
0
0
-1.16664
-1.60743
-1.80267
0
0
0
0
0
0
0
0
0
0
0
0
0
-1.21889
-1.73032
-1.94779
0
0
0
0
0
0
0
0
0
0
0
0
0
-1.26418
-1.85546
-2.03505
0
0
0
0
0
0
0
0
0
0
0
0
0
-1.26045
-1.96492
-2.09373
0
0
0
0
0
0
0
0
0
0
0
0
0
-1.24026
-2.05064
-2.10017
0
0
0
0
0
0
0
0
0
0
0
0
0
-1.1252
-2.08215
-2.21388
0
0
0
0
0
0
0
0
0
0
0
0
0
-0.981611
-2.07725
-2.28001
0
0
0
0
0
0
0
0
0
0
0
0
0
-0.807886
-2.00602
-2.37483
0
0
0
0
0
0
0
0
0
0
0
0
0
-0.644758
-1.90655
-2.37872
0
0
0
0
0
0
0
0
0
0
0
0
0
-0.591517
-1.77631
-2.30197
0
0
0
0
0
0
0
0
0
0
0
0
0
-0.568096
-1.6545
-2.16017
0
0
0
0
0
0
0
0
0
0
0
0
0
-0.581731
-1.55724
-1.96651
0
0
0
0
0
0
0
0
0
0
0
0
0
-0.51086
-1.48239
-1.74855
0
0
0
0
0
0
0
0
0
0
0
0
0
-0.358944
-1.42232
-1.54507
0
0
0
0
0
0
0
0
0
0
0
0
0
-0.126951
-1.35917
-1.37399
0
0
0
0
0
0
0
0
0
0
0
0
0
0
-1.27131
-1.20835
0
0
0
0
0
0
0
0
0
0
0
0
0
0
-1.1746
-1.06024
0
0
0
0
0
0
0
0
0
0
0
0
0
0
-1.05902
-0.861102
0
0
0
0
0
0
0
0
0
0
0
0
0
0
-0.906384
-0.633469
0
0
0
0
0
0
0
0
0
0
0
0
0
0
-0.733389
-0.340845
0
0
0
0
0
0
0
0
0
0
0
0
0
0
-0.577659
0
0
0
0
0
0
0
0
0
0
0
0
0
0
0
-0.519906
0
0
0
0
0
0
0
0
0
0
0
0
0
0
0
-0.613818
0
0
0
0
0
0
0
0
0
0
0
0
0
0
0
0
0
0
0
0
0
0
0
0
0
0
0
0
0
0
0
0
0
0
0
0
0
0
0
0
0
0
0
0
0
0
0
0
0
0
0
0
0
0
0
0
0
0
0
0
0
0
0
0
0
0
0
0
0
0
0
0
0
0
0
0
0
0
0
0
0
0
0
0
0
0
0
0
0
0
0
0
0
0
0
0
0
0
0
0
0
0
0
0
0
0
0
0
0
0
-1.21548
0
0
0
0
0
0
0
0
0
0
0
0
0
0
0
-1.12256
0
0
0
0
0
0
0
0
0
0
0
0
0
0
0
-1.00497
0
0
0
0
0
0
0
0
0
0
0
0
0
0
0
-0.941738
0
0
0
0
0
0
0
0
0
0
0
0
0
0
0
-0.871223
-0.0912059
0
0
0
0
0
0
0
0
0
0
0
0
0
0
-0.802653
-0.209174
0
0
0
0
0
0
0
0
0
0
0
0
0
-0.0134355
-0.773935
-0.467754
-0.22614
0
0
0
0
0
0
0
0
0
0
0
0
0
-0.766456
-0.685329
-0.475683
0
0
0
0
0
0
0
0
0
0
0
0
0
-0.856138
-0.909339
-0.701589
0
0
0
0
0
0
0
0
0
0
0
0
0
-0.945752
-1.07116
-0.899008
0
0
0
0
0
0
0
0
0
0
0
0
0
-1.05476
-1.19646
-1.10023
0
0
0
0
0
0
0
0
0
0
0
0
0
-1.14265
-1.31505
-1.31044
0
0
0
0
0
0
0
0
0
0
0
0
0
-1.21654
-1.43993
-1.49845
0
0
0
0
0
0
0
0
0
0
0
0
0
-1.25426
-1.58141
-1.64528
0
0
0
0
0
0
0
0
0
0
0
0
0
-1.27375
-1.72711
-1.74056
0
0
0
0
0
0
0
0
0
0
0
0
0
-1.24043
-1.85659
-1.82955
0
0
0
0
0
0
0
0
0
0
0
0
0
-1.18788
-1.96225
-1.88074
0
0
0
0
0
0
0
0
0
0
0
0
0
-1.06318
-2.0133
-2.07213
0
0
0
0
0
0
0
0
0
0
0
0
0
-0.914562
-2.02895
-2.20418
0
0
0
0
0
0
0
0
0
0
0
0
0
-0.772508
-1.97612
-2.34719
0
0
0
0
0
0
0
0
0
0
0
0
0
-0.648847
-1.89463
-2.38417
0
0
0
0
0
0
0
0
0
0
0
0
0
-0.628579
-1.77517
-2.32412
0
0
0
0
0
0
0
0
0
0
0
0
0
-0.619451
-1.66393
-2.19415
-1.23723
0
0
0
0
0
0
0
0
0
0
0
0
-0.619619
-1.57413
-2.00742
-1.03259
0
0
0
0
0
0
0
0
0
0
0
0
-0.532333
-1.51412
-1.8049
-0.745857
0
0
0
0
0
0
0
0
0
0
0
0
-0.359797
-1.47313
-1.62065
-0.438508
0
0
0
0
0
0
0
0
0
0
0
0
-0.127207
-1.43478
-1.47211
-0.127613
0
0
0
0
0
0
0
0
0
0
0
0
0
-1.37859
-1.32882
0
0
0
0
0
0
0
0
0
0
0
0
0
0
-1.29812
-1.178
0
0
0
0
0
0
0
0
0
0
0
0
0
0
-1.19523
-0.975503
0
0
0
0
0
0
0
0
0
0
0
0
0
0
-1.02522
-0.725227
0
0
0
0
0
0
0
0
0
0
0
0
0
0
-0.817426
-0.407912
0
0
0
0
0
0
0
0
0
0
0
0
0
0
-0.607614
-0.0138995
0
0
0
0
0
0
0
0
0
0
0
0
0
0
-0.492689
0
0
0
0
0
0
0
0
0
0
0
0
0
0
0
-0.53689
0
0
0
0
0
0
0
0
0
0
0
0
0
0
0
0
0
0
0
0
0
0
0
0
0
0
0
0
0
0
0
0
0
0
0
0
0
0
0
0
0
0
0
0
0
0
0
0
0
0
0
0
0
0
0
0
0
0
0
0
0
0
0
0
0
0
0
0
0
0
0
0
0
0
0
0
0
0
0
0
0
0
0
0
0
0
0
0
0
0
0
0
0
0
0
0
0
0
0
0
0
0
0
0
0
0
0
0
0
0
-1.19137
0
0
0
0
0
0
0
0
0
0
0
0
0
0
0
-1.07886
0
0
0
0
0
0
0
0
0
0
0
0
0
0
0
-0.928057
0
0
0
0
0
0
0
0
0
0
0
0
0
0
0
-0.834734
0
0
0
0
0
0
0
0
0
0
0
0
0
0
0
-0.749177
0
0
0
0
0
0
0
0
0
0
0
0
0
0
-0.0241313
-0.684456
0
0
0
0
0
0
0
0
0
0
0
0
0
0
-0.0547681
-0.692384
-0.239429
0
0
0
0
0
0
0
0
0
0
0
0
0
-0.0880604
-0.720111
-0.449784
-0.162518
0
0
0
0
0
0
0
0
0
0
0
0
-0.0387079
-0.844734
-0.664643
-0.372591
0
0
0
0
0
0
0
0
0
0
0
0
0
-0.960258
-0.829469
-0.549664
0
0
0
0
0
0
0
0
0
0
0
0
0
-1.08993
-0.968761
-0.729606
0
0
0
0
0
0
0
0
0
0
0
0
0
-1.19195
-1.10288
-0.920928
0
0
0
0
0
0
0
0
0
0
0
0
0
-1.26941
-1.24914
-1.10166
0
0
0
0
0
0
0
0
0
0
0
0
0
-1.29312
-1.41185
-1.25184
0
0
0
0
0
0
0
0
0
0
0
0
0
-1.2867
-1.57893
-1.36035
0
0
0
0
0
0
0
0
0
0
0
0
0
-1.22324
-1.72796
-1.49341
0
0
0
0
0
0
0
0
0
0
0
0
0
-1.13646
-1.85314
-1.60227
0
0
0
0
0
0
0
0
0
0
0
0
0
-1.0021
-1.92319
-1.88023
0
0
0
0
0
0
0
0
0
0
0
0
0
-0.849265
-1.95976
-2.07784
0
0
0
0
0
0
0
0
0
0
0
0
0
-0.741619
-1.92625
-2.26733
0
0
0
0
0
0
0
0
0
0
0
0
0
-0.657567
-1.86538
-2.33824
0
0
0
0
0
0
0
0
0
0
0
0
0
-0.666413
-1.76098
-2.29982
-1.42316
0
0
0
0
0
0
0
0
0
0
0
0
-0.66785
-1.66463
-2.18864
-1.34738
0
0
0
0
0
0
0
0
0
0
0
0
-0.652809
-1.58525
-2.01884
-1.19694
0
0
0
0
0
0
0
0
0
0
0
0
-0.54812
-1.53963
-1.84134
-0.956716
0
0
0
0
0
0
0
0
0
0
0
0
-0.356489
-1.51312
-1.68229
-0.69743
0
0
0
0
0
0
0
0
0
0
0
0
-0.125673
-1.49184
-1.55581
-0.436744
0
0
0
0
0
0
0
0
0
0
0
0
0
-1.45936
-1.42747
-0.231363
0
0
0
0
0
0
0
0
0
0
0
0
0
-1.39167
-1.27013
-0.055259
0
0
0
0
0
0
0
0
0
0
0
0
0
-1.29891
-1.06412
0
0
0
0
0
0
0
0
0
0
0
0
0
0
-1.11847
-0.795481
0
0
0
0
0
0
0
0
0
0
0
0
0
-0.165205
-0.884571
-0.460966
0
0
0
0
0
0
0
0
0
0
0
0
0
-0.353814
-0.638494
-0.0553281
0
0
0
0
0
0
0
0
0
0
0
0
0
-0.576248
-0.477382
0
0
0
0
0
0
0
0
0
0
0
0
0
0
0
0
0
0
0
0
0
0
0
0
0
0
0
0
0
0
0
0
0
0
0
0
0
0
0
0
0
0
0
0
0
0
0
0
0
0
0
0
0
0
0
0
0
0
0
0
0
0
0
0
0
0
0
0
0
0
0
0
0
0
0
0
0
0
0
0
0
0
0
0
0
0
0
0
0
0
0
0
0
0
0
0
0
0
0
0
0
0
0
0
0
0
0
0
0
0
0
0
0
0
0
0
0
0
0
0
0
0
0
0
0
0
0
0
0
0
0
0
0
0
0
0
0
0
0
0
0
0
-0.912589
0
0
0
0
0
0
0
0
0
0
0
0
0
0
0
-0.73912
0
0
0
0
0
0
0
0
0
0
0
0
0
0
0
-0.630511
0
0
0
0
0
0
0
0
0
0
0
0
0
0
0
-0.561917
0
0
0
0
0
0
0
0
0
0
0
0
0
0
0
-0.542777
0
0
0
0
0
0
0
0
0
0
0
0
0
0
0
-0.629641
-0.185683
0
0
0
0
0
0
0
0
0
0
0
0
0
-0.0742622
-0.719942
-0.376806
0
0
0
0
0
0
0
0
0
0
0
0
0
-0.0779671
-0.881466
-0.548274
-0.156502
0
0
0
0
0
0
0
0
0
0
0
0
-0.0694008
-1.02101
-0.692331
-0.319592
0
0
0
0
0
0
0
0
0
0
0
0
-0.0300067
-1.15865
-0.822208
-0.472701
0
0
0
0
0
0
0
0
0
0
0
0
0
-1.26364
-0.953983
-0.633398
0
0
0
0
0
0
0
0
0
0
0
0
0
-1.3338
-1.10583
-0.790762
0
0
0
0
0
0
0
0
0
0
0
0
0
-1.33889
-1.27584
-0.932406
0
0
0
0
0
0
0
0
0
0
0
0
0
-1.30388
-1.45098
-1.04531
0
0
0
0
0
0
0
0
0
0
0
0
0
-1.21574
-1.60985
-1.20425
0
0
0
0
0
0
0
0
0
0
0
0
0
-1.10299
-1.74658
-1.34601
0
0
0
0
0
0
0
0
0
0
0
0
0
-0.970027
-1.82485
-1.66969
0
0
0
0
0
0
0
0
0
0
0
0
0
-0.825848
-1.87277
-1.90245
0
0
0
0
0
0
0
0
0
0
0
0
0
-0.743766
-1.84606
-2.12369
0
0
0
0
0
0
0
0
0
0
0
0
0
-0.681597
-1.79583
-2.22215
-1.31511
0
0
0
0
0
0
0
0
0
0
0
0
-0.687252
-1.70123
-2.20745
-1.45012
0
0
0
0
0
0
0
0
0
0
0
0
-0.67482
-1.61192
-2.11939
-1.42762
0
0
0
0
0
0
0
0
0
0
0
0
-0.630862
-1.53101
-1.97121
-1.32897
0
0
0
0
0
0
0
0
0
0
0
0
-0.50863
-1.47833
-1.81677
-1.14029
0
0
0
0
0
0
0
0
0
0
0
0
-0.310873
-1.43682
-1.67049
-0.941302
0
0
0
0
0
0
0
0
0
0
0
0
-0.103632
-1.40797
-1.5459
-0.742982
0
0
0
0
0
0
0
0
0
0
0
0
0
-1.3779
-1.40283
-0.589095
0
0
0
0
0
0
0
0
0
0
0
0
0
-1.3218
-1.22766
-0.438738
0
0
0
0
0
0
0
0
0
0
0
0
0
-1.24516
-1.00874
-0.241811
0
0
0
0
0
0
0
0
0
0
0
0
-0.144705
-1.07949
-0.737283
-0.0564241
0
0
0
0
0
0
0
0
0
0
0
0
-0.353537
-0.859227
-0.410467
0
0
0
0
0
0
0
0
0
0
0
0
0
-0.567449
-0.629606
-0.0301708
0
0
0
0
0
0
0
0
0
0
0
0
0
-0.817809
-0.474184
0
0
0
0
0
0
0
0
0
0
0
0
0
0
0
0
0
0
0
0
0
0
0
0
0
0
0
0
0
0
0
0
0
0
0
0
0
0
0
0
0
0
0
0
0
0
0
0
0
0
0
0
0
0
0
0
0
0
0
0
0
0
0
0
0
0
0
0
0
0
0
0
0
0
0
0
0
0
0
0
0
0
0
0
0
0
0
0
0
0
0
0
0
0
0
0
0
0
0
0
0
0
0
0
0
0
0
0
0
0
0
0
0
0
0
0
0
0
0
0
0
0
0
0
0
0
0
0
0
0
0
0
0
0
0
0
0
0
0
0
0
0
0
0
0
0
0
0
0
0
0
0
0
0
0
0
0
0
-0.506294
0
0
0
0
0
0
0
0
0
0
0
0
0
0
0
-0.379702
0
0
0
0
0
0
0
0
0
0
0
0
0
0
0
-0.342096
0
0
0
0
0
0
0
0
0
0
0
0
0
0
0
-0.376227
0
0
0
0
0
0
0
0
0
0
0
0
0
0
0
-0.5543
-0.136214
0
0
0
0
0
0
0
0
0
0
0
0
0
-0.0459816
-0.709541
-0.309654
0
0
0
0
0
0
0
0
0
0
0
0
0
-0.104234
-0.901441
-0.429239
0
0
0
0
0
0
0
0
0
0
0
0
0
-0.134183
-1.06406
-0.543823
-0.0709976
0
0
0
0
0
0
0
0
0
0
0
0
-0.117443
-1.20755
-0.662013
-0.20151
0
0
0
0
0
0
0
0
0
0
0
0
-0.0818679
-1.31428
-0.793812
-0.331531
0
0
0
0
0
0
0
0
0
0
0
0
0
-1.38119
-0.955804
-0.462336
0
0
0
0
0
0
0
0
0
0
0
0
0
-1.37436
-1.13735
-0.593985
0
0
0
0
0
0
0
0
0
0
0
0
0
-1.31726
-1.32239
-0.713355
0
0
0
0
0
0
0
0
0
0
0
0
0
-1.20891
-1.49177
-0.901697
0
0
0
0
0
0
0
0
0
0
0
0
0
-1.07328
-1.63985
-1.07649
0
0
0
0
0
0
0
0
0
0
0
0
0
-0.942707
-1.72585
-1.44024
0
0
0
0
0
0
0
0
0
0
0
0
0
-0.807124
-1.78569
-1.70263
0
0
0
0
0
0
0
0
0
0
0
0
0
-0.746451
-1.76667
-1.95273
0
0
0
0
0
0
0
0
0
0
0
0
0
-0.700309
-1.72823
-2.07897
-1.20571
0
0
0
0
0
0
0
0
0
0
0
0
-0.697943
-1.64383
-2.09332
-1.38563
0
0
0
0
0
0
0
0
0
0
0
0
-0.667742
-1.55974
-2.0369
-1.41346
0
0
0
0
0
0
0
0
0
0
0
0
-0.59378
-1.47272
-1.91872
-1.36352
0
0
0
0
0
0
0
0
0
0
0
0
-0.457409
-1.40564
-1.78967
-1.22979
0
0
0
0
0
0
0
0
0
0
0
0
-0.258265
-1.3409
-1.6517
-1.09567
0
0
0
0
0
0
0
0
0
0
0
0
-0.0802373
-1.30355
-1.5205
-0.955939
0
0
0
0
0
0
0
0
0
0
0
0
0
-1.27645
-1.35351
-0.838675
0
0
0
0
0
0
0
0
0
0
0
0
0
-1.23133
-1.16189
-0.696943
0
0
0
0
0
0
0
0
0
0
0
0
-0.0651977
-1.17577
-0.927155
-0.502784
0
0
0
0
0
0
0
0
0
0
0
0
-0.288414
-1.02169
-0.657414
-0.327572
0
0
0
0
0
0
0
0
0
0
0
0
-0.520934
-0.827814
-0.336358
-0.111334
0
0
0
0
0
0
0
0
0
0
0
0
-0.764904
-0.62549
0
0
0
0
0
0
0
0
0
0
0
0
0
0
-1.04278
-0.490434
0
0
0
0
0
0
0
0
0
0
0
0
0
0
-1.22644
0
0
0
0
0
0
0
0
0
0
0
0
0
0
0
0
0
0
0
0
0
0
0
0
0
0
0
0
0
0
0
0
0
0
0
0
0
0
0
0
0
0
0
0
0
0
0
0
0
0
0
0
0
0
0
0
0
0
0
0
0
0
0
0
0
0
0
0
0
0
0
0
0
0
0
0
0
0
0
0
0
0
0
0
0
0
0
0
0
0
0
0
0
0
0
0
0
0
0
0
0
0
0
0
0
0
0
0
0
0
0
0
0
0
0
0
0
0
0
0
0
0
0
0
0
0
0
0
0
0
0
0
0
0
0
0
0
0
0
0
0
0
0
0
0
0
0
0
0
0
0
0
0
0
0
0
0
0
0
0
0
0
0
0
0
0
0
0
0
0
0
0
0
0
0
-0.0883524
0
0
0
0
0
0
0
0
0
0
0
0
0
0
0
-0.175187
0
0
0
0
0
0
0
0
0
0
0
0
0
0
0
-0.428836
-0.127661
0
0
0
0
0
0
0
0
0
0
0
0
0
0
-0.643454
-0.291712
0
0
0
0
0
0
0
0
0
0
0
0
0
-0.068593
-0.853101
-0.370258
0
0
0
0
0
0
0
0
0
0
0
0
0
-0.137712
-1.03262
-0.448268
0
0
0
0
0
0
0
0
0
0
0
0
0
-0.128982
-1.18339
-0.536024
-0.0982418
0
0
0
0
0
0
0
0
0
0
0
0
-0.103233
-1.29077
-0.650694
-0.203036
0
0
0
0
0
0
0
0
0
0
0
0
-0.0422028
-1.35794
-0.803316
-0.300797
0
0
0
0
0
0
0
0
0
0
0
0
0
-1.35004
-0.985425
-0.404243
0
0
0
0
0
0
0
0
0
0
0
0
0
-1.28657
-1.1731
-0.505619
0
0
0
0
0
0
0
0
0
0
0
0
0
-1.17338
-1.3522
-0.677985
0
0
0
0
0
0
0
0
0
0
0
0
0
-1.03166
-1.51105
-0.842883
0
0
0
0
0
0
0
0
0
0
0
0
0
-0.906534
-1.60354
-1.1913
0
0
0
0
0
0
0
0
0
0
0
0
0
-0.778609
-1.67364
-1.45222
0
0
0
0
0
0
0
0
0
0
0
0
0
-0.719381
-1.65948
-1.71608
-0.762514
0
0
0
0
0
0
0
0
0
0
0
0
-0.66823
-1.62952
-1.86669
-1.0298
0
0
0
0
0
0
0
0
0
0
0
0
-0.643428
-1.55255
-1.91715
-1.23286
0
0
0
0
0
0
0
0
0
0
0
0
-0.58904
-1.46866
-1.89931
-1.29547
0
0
0
0
0
0
0
0
0
0
0
0
-0.491427
-1.36838
-1.81395
-1.28778
0
0
0
0
0
0
0
0
0
0
0
0
-0.355437
-1.27466
-1.70133
-1.21255
0
0
0
0
0
0
0
0
0
0
0
0
-0.174081
-1.17535
-1.55346
-1.141
0
0
0
0
0
0
0
0
0
0
0
0
-0.0595074
-1.12492
-1.39323
-1.04726
0
0
0
0
0
0
0
0
0
0
0
0
0
-1.08912
-1.1826
-0.947699
0
0
0
0
0
0
0
0
0
0
0
0
-0.0872221
-1.05658
-0.974286
-0.801026
0
0
0
0
0
0
0
0
0
0
0
0
-0.202601
-1.02153
-0.716178
-0.609993
0
0
0
0
0
0
0
0
0
0
0
0
-0.403684
-0.88557
-0.462902
-0.44043
0
0
0
0
0
0
0
0
0
0
0
0
-0.632172
-0.745175
-0.15375
-0.236457
0
0
0
0
0
0
0
0
0
0
0
0
-0.885074
-0.595558
0
0
0
0
0
0
0
0
0
0
0
0
0
0
-1.16548
-0.51883
0
0
0
0
0
0
0
0
0
0
0
0
0
0
-1.32611
0
0
0
0
0
0
0
0
0
0
0
0
0
0
0
0
0
0
0
0
0
0
0
0
0
0
0
0
0
0
0
0
0
0
0
0
0
0
0
0
0
0
0
0
0
0
0
0
0
0
0
0
0
0
0
0
0
0
0
0
0
0
0
0
0
0
0
0
0
0
0
0
0
0
0
0
0
0
0
0
0
0
0
0
0
0
0
0
0
0
0
0
0
0
0
0
0
0
0
0
0
0
0
0
0
0
0
0
0
0
0
0
0
0
0
0
0
0
0
0
0
0
0
0
0
0
0
0
0
0
0
0
0
0
0
0
0
0
0
0
0
0
0
0
0
0
0
0
0
0
0
0
0
0
0
0
0
0
0
0
0
0
0
0
0
0
0
0
0
0
0
0
0
0
0
0
0
0
0
0
0
0
0
0
0
0
0
0
0
0
0
0
0
0
0
0
0
0
0
0
0
0
0
0
0
0
0
-0.263085
-0.0936552
0
0
0
0
0
0
0
0
0
0
0
0
0
0
-0.53806
-0.242487
0
0
0
0
0
0
0
0
0
0
0
0
0
0
-0.769843
-0.287354
0
0
0
0
0
0
0
0
0
0
0
0
0
-0.116502
-0.959097
-0.327739
0
0
0
0
0
0
0
0
0
0
0
0
0
-0.115984
-1.12075
-0.376438
0
0
0
0
0
0
0
0
0
0
0
0
0
-0.0896996
-1.23222
-0.474568
-0.0965586
0
0
0
0
0
0
0
0
0
0
0
0
-0.0295115
-1.29852
-0.625532
-0.174225
0
0
0
0
0
0
0
0
0
0
0
0
0
-1.29064
-0.820044
-0.254889
0
0
0
0
0
0
0
0
0
0
0
0
0
-1.22686
-1.02134
-0.337992
0
0
0
0
0
0
0
0
0
0
0
0
0
-1.11679
-1.21873
-0.491645
0
0
0
0
0
0
0
0
0
0
0
0
0
-0.978031
-1.39321
-0.644545
0
0
0
0
0
0
0
0
0
0
0
0
0
-0.860338
-1.49326
-0.970573
0
0
0
0
0
0
0
0
0
0
0
0
0
-0.739585
-1.57255
-1.2265
0
0
0
0
0
0
0
0
0
0
0
0
0
-0.674755
-1.55977
-1.50039
-0.545296
0
0
0
0
0
0
0
0
0
0
0
0
-0.611722
-1.53261
-1.67538
-0.827364
0
0
0
0
0
0
0
0
0
0
0
0
-0.561835
-1.45503
-1.76186
-1.05151
0
0
0
0
0
0
0
0
0
0
0
0
-0.485558
-1.36216
-1.77901
-1.15264
0
0
0
0
0
0
0
0
0
0
0
0
-0.370259
-1.23979
-1.71752
-1.19744
0
0
0
0
0
0
0
0
0
0
0
0
-0.240367
-1.11693
-1.6088
-1.18468
0
0
0
0
0
0
0
0
0
0
0
0
-0.0878429
-0.991327
-1.43762
-1.16476
0
0
0
0
0
0
0
0
0
0
0
0
-0.0552906
-0.933726
-1.23977
-1.09694
0
0
0
0
0
0
0
0
0
0
0
0
-0.0626925
-0.891008
-0.989954
-0.994482
0
0
0
0
0
0
0
0
0
0
0
0
-0.193108
-0.879834
-0.760328
-0.836805
0
0
0
0
0
0
0
0
0
0
0
0
-0.337383
-0.855736
-0.477744
-0.649466
0
0
0
0
0
0
0
0
0
0
0
0
-0.522193
-0.75083
-0.23724
-0.479997
0
0
0
0
0
0
0
0
0
0
0
0
-0.755931
-0.674557
0
-0.285567
0
0
0
0
0
0
0
0
0
0
0
0
-1.01838
-0.585451
0
-0.0231809
0
0
0
0
0
0
0
0
0
0
0
0
-1.28503
0
0
0
0
0
0
0
0
0
0
0
0
0
0
0
0
0
0
0
0
0
0
0
0
0
0
0
0
0
0
0
0
0
0
0
0
0
0
0
0
0
0
0
0
0
0
0
0
0
0
0
0
0
0
0
0
0
0
0
0
0
0
0
0
0
0
0
0
0
0
0
0
0
0
0
0
0
0
0
0
0
0
0
0
0
0
0
0
0
0
0
0
0
0
0
0
0
0
0
0
0
0
0
0
0
0
0
0
0
0
0
0
0
0
0
0
0
0
0
0
0
0
0
0
0
0
0
0
0
0
0
0
0
0
0
0
0
0
0
0
0
0
0
0
0
0
0
0
0
0
0
0
0
0
0
0
0
0
0
0
0
0
0
0
0
0
0
0
0
0
0
0
0
0
0
0
0
0
0
0
0
0
0
0
0
0
0
0
0
0
0
0
0
0
0
0
0
0
0
0
0
0
0
0
0
0
0
0
0
0
0
0
0
0
0
0
0
0
0
0
0
0
0
0
0
0
0
0
0
0
0
0
0
0
0
0
0
0
0
-0.2934
-0.101114
0
0
0
0
0
0
0
0
0
0
0
0
0
0
-0.55221
-0.123976
0
0
0
0
0
0
0
0
0
0
0
0
0
-0.0145151
-0.750229
-0.148024
0
0
0
0
0
0
0
0
0
0
0
0
0
0
-0.921787
-0.16587
0
0
0
0
0
0
0
0
0
0
0
0
0
0
-1.04847
-0.2466
-0.00967669
0
0
0
0
0
0
0
0
0
0
0
0
0
-1.12812
-0.398154
-0.0916945
0
0
0
0
0
0
0
0
0
0
0
0
0
-1.13337
-0.613208
-0.16581
0
0
0
0
0
0
0
0
0
0
0
0
0
-1.08755
-0.836007
-0.238267
0
0
0
0
0
0
0
0
0
0
0
0
0
-1.00074
-1.05526
-0.376537
0
0
0
0
0
0
0
0
0
0
0
0
0
-0.891187
-1.24589
-0.518482
0
0
0
0
0
0
0
0
0
0
0
0
0
-0.783932
-1.35131
-0.804865
0
0
0
0
0
0
0
0
0
0
0
0
0
-0.669493
-1.43529
-1.04246
0
0
0
0
0
0
0
0
0
0
0
0
0
-0.581636
-1.41957
-1.30312
-0.249002
0
0
0
0
0
0
0
0
0
0
0
0
-0.492648
-1.38831
-1.48615
-0.539505
0
0
0
0
0
0
0
0
0
0
0
0
-0.41706
-1.30197
-1.59235
-0.784472
0
0
0
0
0
0
0
0
0
0
0
0
-0.324696
-1.19641
-1.62912
-0.927867
0
0
0
0
0
0
0
0
0
0
0
0
-0.205146
-1.06137
-1.57958
-1.02287
0
0
0
0
0
0
0
0
0
0
0
0
-0.105316
-0.940305
-1.46744
-1.05525
0
0
0
0
0
0
0
0
0
0
0
0
-0.0251525
-0.830119
-1.2788
-1.05877
0
0
0
0
0
0
0
0
0
0
0
0
-0.0918824
-0.789142
-1.0664
-0.986879
0
0
0
0
0
0
0
0
0
0
0
0
-0.180439
-0.773214
-0.806769
-0.861474
0
0
0
0
0
0
0
0
0
0
0
0
-0.314365
-0.767001
-0.560799
-0.694295
0
0
0
0
0
0
0
0
0
0
0
0
-0.479301
-0.736662
-0.26942
-0.495173
0
0
0
0
0
0
0
0
0
0
0
0
-0.631384
-0.660675
-0.012842
-0.326596
0
0
0
0
0
0
0
0
0
0
0
0
-0.86028
-0.626603
0
-0.119627
0
0
0
0
0
0
0
0
0
0
0
0
-1.10304
-0.595707
0
0
0
0
0
0
0
0
0
0
0
0
0
0
-1.32051
0
0
0
0
0
0
0
0
0
0
0
0
0
0
0
0
0
0
0
0
0
0
0
0
0
0
0
0
0
0
0
0
0
0
0
0
0
0
0
0
0
0
0
0
0
0
0
0
0
0
0
0
0
0
0
0
0
0
0
0
0
0
0
0
0
0
0
0
0
0
0
0
0
0
0
0
0
0
0
0
0
0
0
0
0
0
0
0
0
0
0
0
0
0
0
0
0
0
0
0
0
0
0
0
0
0
0
0
0
0
0
0
0
0
0
0
0
0
0
0
0
0
0
0
0
0
0
0
0
0
0
0
0
0
0
0
0
0
0
0
0
0
0
0
0
0
0
0
0
0
0
0
0
0
0
0
0
0
0
0
0
0
0
0
0
0
0
0
0
0
0
0
0
0
0
0
0
0
0
0
0
0
0
0
0
0
0
0
0
0
0
0
0
0
0
0
0
0
0
0
0
0
0
0
0
0
0
0
0
0
0
0
0
0
0
0
0
0
0
0
0
0
0
0
0
0
0
0
0
0
0
0
0
0
0
0
0
0
0
0
0
0
0
0
0
0
0
0
0
0
0
0
0
0
0
-0.256014
0
0
0
0
0
0
0
0
0
0
0
0
0
0
0
-0.479452
0
0
0
0
0
0
0
0
0
0
0
0
0
0
0
-0.664853
0
0
0
0
0
0
0
0
0
0
0
0
0
0
0
-0.803569
0
0
0
0
0
0
0
0
0
0
0
0
0
0
0
-0.903734
-0.110581
-0.0112394
0
0
0
0
0
0
0
0
0
0
0
0
0
-0.934836
-0.353699
-0.102091
0
0
0
0
0
0
0
0
0
0
0
0
0
-0.918992
-0.610133
-0.182711
0
0
0
0
0
0
0
0
0
0
0
0
0
-0.86461
-0.860169
-0.31891
0
0
0
0
0
0
0
0
0
0
0
0
0
-0.793785
-1.07208
-0.457709
0
0
0
0
0
0
0
0
0
0
0
0
0
-0.697041
-1.18206
-0.705516
0
0
0
0
0
0
0
0
0
0
0
0
0
-0.588822
-1.26691
-0.920422
0
0
0
0
0
0
0
0
0
0
0
0
0
-0.472429
-1.24164
-1.15555
0
0
0
0
0
0
0
0
0
0
0
0
0
-0.350787
-1.19809
-1.33156
-0.297886
0
0
0
0
0
0
0
0
0
0
0
0
-0.242832
-1.09641
-1.44031
-0.565116
0
0
0
0
0
0
0
0
0
0
0
0
-0.128239
-0.979588
-1.47969
-0.744003
0
0
0
0
0
0
0
0
0
0
0
0
0
-0.844633
-1.42901
-0.870647
0
0
0
0
0
0
0
0
0
0
0
0
0
-0.742416
-1.31056
-0.920582
0
0
0
0
0
0
0
0
0
0
0
0
0
-0.661542
-1.12538
-0.918875
0
0
0
0
0
0
0
0
0
0
0
0
-0.108655
-0.657776
-0.921525
-0.823112
0
0
0
0
0
0
0
0
0
0
0
0
-0.267138
-0.681551
-0.666266
-0.680274
0
0
0
0
0
0
0
0
0
0
0
0
-0.425525
-0.661443
-0.416011
-0.500452
0
0
0
0
0
0
0
0
0
0
0
0
-0.616205
-0.646768
-0.101215
-0.285968
0
0
0
0
0
0
0
0
0
0
0
0
-0.764167
-0.603024
0
-0.11142
0
0
0
0
0
0
0
0
0
0
0
0
-0.9919
-0.61089
0
0
0
0
0
0
0
0
0
0
0
0
0
0
-1.19028
-0.637767
0
0
0
0
0
0
0
0
0
0
0
0
0
0
0
0
0
0
0
0
0
0
0
0
0
0
0
0
0
0
0
0
0
0
0
0
0
0
0
0
0
0
0
0
0
0
0
0
0
0
0
0
0
0
0
0
0
0
0
0
0
0
0
0
0
0
0
0
0
0
0
0
0
0
0
0
0
0
0
0
0
0
0
0
0
0
0
0
0
0
0
0
0
0
0
0
0
0
0
0
0
0
0
0
0
0
0
0
0
0
0
0
0
0
0
0
0
0
0
0
0
0
0
0
0
0
0
0
0
0
0
0
0
0
0
0
0
0
0
0
0
0
0
0
0
0
0
0
0
0
0
0
0
0
0
0
0
0
0
0
0
0
0
0
0
0
0
0
0
0
0
0
0
0
0
0
0
0
0
0
0
0
0
0
0
0
0
0
0
0
0
0
0
0
0
0
0
0
0
0
0
0
0
0
0
0
0
0
0
0
0
0
0
0
0
0
0
0
0
0
0
0
0
0
0
0
0
0
0
0
0
0
0
0
0
0
0
0
0
0
0
0
0
0
0
0
0
0
0
0
0
0
0
0
0
0
0
0
0
0
0
0
0
0
0
0
0
0
0
0
0
0
0
0
0
0
0
0
0
0
0
0
0
0
0
0
-0.06022
0
0
0
0
0
0
0
0
0
0
0
0
0
0
0
-0.280425
0
0
0
0
0
0
0
0
0
0
0
0
0
0
0
-0.445791
0
0
0
0
0
0
0
0
0
0
0
0
0
0
0
-0.574294
0
0
0
0
0
0
0
0
0
0
0
0
0
0
0
-0.650774
-0.0669024
-0.0218784
0
0
0
0
0
0
0
0
0
0
0
0
0
-0.695368
-0.354703
-0.133192
0
0
0
0
0
0
0
0
0
0
0
0
0
-0.700008
-0.622377
-0.2854
0
0
0
0
0
0
0
0
0
0
0
0
0
-0.69109
-0.84502
-0.433115
0
0
0
0
0
0
0
0
0
0
0
0
0
-0.604825
-0.948434
-0.648223
0
0
0
0
0
0
0
0
0
0
0
0
0
-0.498937
-1.02472
-0.837818
0
0
0
0
0
0
0
0
0
0
0
0
0
-0.338494
-0.985997
-1.03288
0
0
0
0
0
0
0
0
0
0
0
0
0
-0.164965
-0.929039
-1.18424
-0.0599507
0
0
0
0
0
0
0
0
0
0
0
0
-0.0146517
-0.817264
-1.27777
-0.335415
0
0
0
0
0
0
0
0
0
0
0
0
0
-0.702264
-1.31069
-0.52823
0
0
0
0
0
0
0
0
0
0
0
0
0
-0.585791
-1.27004
-0.661174
0
0
0
0
0
0
0
0
0
0
0
0
0
-0.532577
-1.18204
-0.701157
0
0
0
0
0
0
0
0
0
0
0
0
0
-0.532085
-1.05195
-0.677494
0
0
0
0
0
0
0
0
0
0
0
0
-0.109616
-0.591263
-0.888533
-0.561918
0
0
0
0
0
0
0
0
0
0
0
0
-0.337838
-0.650879
-0.695817
-0.399297
0
0
0
0
0
0
0
0
0
0
0
0
-0.516039
-0.627036
-0.447128
-0.190196
0
0
0
0
0
0
0
0
0
0
0
0
-0.737841
-0.639289
-0.115913
0
0
0
0
0
0
0
0
0
0
0
0
0
-0.899073
-0.607292
0
0
0
0
0
0
0
0
0
0
0
0
0
0
-1.1073
-0.643482
0
0
0
0
0
0
0
0
0
0
0
0
0
0
0
0
0
0
0
0
0
0
0
0
0
0
0
0
0
0
0
0
0
0
0
0
0
0
0
0
0
0
0
0
0
0
0
0
0
0
0
0
0
0
0
0
0
0
0
0
0
0
0
0
0
0
0
0
0
0
0
0
0
0
0
0
0
0
0
0
0
0
0
0
0
0
0
0
0
0
0
0
0
0
0
0
0
0
0
0
0
0
0
0
0
0
0
0
0
0
0
0
0
0
0
0
0
0
0
0
0
0
0
0
0
0
0
0
0
0
0
0
0
0
0
0
0
0
0
0
0
0
0
0
0
0
0
0
0
0
0
0
0
0
0
0
0
0
0
0
0
0
0
0
0
0
0
0
0
0
0
0
0
0
0
0
0
0
0
0
0
0
0
0
0
0
0
0
0
0
0
0
0
0
0
0
0
0
0
0
0
0
0
0
0
0
0
0
0
0
0
0
0
0
0
0
0
0
0
0
0
0
0
0
0
0
0
0
0
0
0
0
0
0
0
0
0
0
0
0
0
0
0
0
0
0
0
0
0
0
0
0
0
0
0
0
0
0
0
0
0
0
0
-1.84259
0
0
0
0
0
0
0
0
0
0
0
0
0
0
0
-1.99529
0
0
0
0
0
0
0
0
0
0
0
0
0
0
0
-2.15691
0
0
0
0
0
0
0
0
0
0
0
0
0
0
0
-2.14176
0
0
0
0
0
0
0
0
0
0
0
0
0
0
0
0
0
0
0
0
0
0
0
0
0
0
0
0
0
0
0
0
0
0
0
0
0
0
-0.189653
0
0
0
0
0
0
0
0
0
0
0
0
0
0
0
-0.338156
0
0
0
0
0
0
0
0
0
0
0
0
0
0
0
-0.461432
-0.0825426
-0.0558708
0
0
0
0
0
0
0
0
0
0
0
0
0
-0.532059
-0.363634
-0.226037
0
0
0
0
0
0
0
0
0
0
0
0
0
-0.585987
-0.591564
-0.382731
0
0
0
0
0
0
0
0
0
0
0
0
0
-0.504996
-0.678387
-0.565611
0
0
0
0
0
0
0
0
0
0
0
0
0
-0.396199
-0.738764
-0.726124
0
0
0
0
0
0
0
0
0
0
0
0
0
-0.188238
-0.681356
-0.877865
0
0
0
0
0
0
0
0
0
0
0
0
0
0
-0.606392
-0.999099
0
0
0
0
0
0
0
0
0
0
0
0
0
0
-0.480984
-1.07904
-0.142853
0
0
0
0
0
0
0
0
0
0
0
0
0
-0.365704
-1.11789
-0.31686
0
0
0
0
0
0
0
0
0
0
0
0
0
-0.278493
-1.10997
-0.427542
0
0
0
0
0
0
0
0
0
0
0
0
0
-0.299825
-1.06522
-0.444866
0
0
0
0
0
0
0
0
0
0
0
0
0
-0.384709
-0.991068
-0.408532
0
0
0
0
0
0
0
0
0
0
0
0
-0.110483
-0.484758
-0.878163
-0.27309
0
0
0
0
0
0
0
0
0
0
0
0
-0.397509
-0.595512
-0.735722
-0.0789696
0
0
0
0
0
0
0
0
0
0
0
0
-0.606342
-0.603714
-0.477777
0
0
0
0
0
0
0
0
0
0
0
0
0
-0.874124
-0.650376
-0.176821
0
0
0
0
0
0
0
0
0
0
0
0
0
-1.04064
-0.650954
0
0
0
0
0
0
0
0
0
0
0
0
0
0
0
0
0
0
0
0
0
0
0
0
0
0
0
0
0
0
0
0
0
0
0
0
0
0
0
0
0
0
0
0
0
0
0
0
0
0
0
0
0
0
0
0
0
0
0
0
0
0
0
0
0
0
0
0
0
0
0
0
0
0
0
0
0
0
0
0
0
0
0
0
0
0
0
0
0
0
0
0
0
0
0
0
0
0
0
0
0
0
0
0
0
0
0
0
0
0
0
0
0
0
0
0
0
0
0
0
0
0
0
0
0
0
0
0
0
0
0
0
0
0
0
0
0
0
0
0
0
0
0
0
0
0
0
0
0
0
0
0
0
0
0
0
0
0
0
0
0
0
0
0
0
0
0
0
0
0
0
0
0
0
0
0
0
0
0
0
0
0
0
0
0
0
0
0
0
0
0
0
0
0
0
0
0
0
0
0
0
0
0
0
0
0
0
0
0
0
0
0
0
0
0
0
0
0
0
0
0
0
0
0
0
0
0
0
0
0
0
0
0
0
0
0
0
0
0
0
0
0
0
0
0
0
0
0
0
0
0
0
0
0
0
0
0
0
0
0
0
0
0
0
0
0
0
0
0
0
0
0
0
0
0
0
0
0
0
-2.04046
0
0
0
0
0
0
0
0
0
0
0
0
0
0
0
-2.07031
0
0
0
0
0
0
0
0
0
0
0
0
0
0
0
-2.10199
0
0
0
0
0
0
0
0
0
0
0
0
0
0
0
-1.98056
0
0
0
0
0
0
0
0
0
0
0
0
0
0
0
0
0
0
0
0
0
0
0
0
0
0
0
0
0
0
0
0
0
0
0
0
0
0
0
0
0
0
0
0
0
0
0
0
0
0
0
0
0
0
-0.0263315
0
0
0
0
0
0
0
0
0
0
0
0
0
0
0
-0.254257
0
0
0
0
0
0
0
0
0
0
0
0
0
0
0
-0.393778
-0.12426
-0.119585
0
0
0
0
0
0
0
0
0
0
0
0
0
-0.501711
-0.346294
-0.271653
0
0
0
0
0
0
0
0
0
0
0
0
0
-0.416056
-0.399346
-0.418572
0
0
0
0
0
0
0
0
0
0
0
0
0
-0.293405
-0.42655
-0.549024
0
0
0
0
0
0
0
0
0
0
0
0
0
-0.0327016
-0.335517
-0.672971
0
0
0
0
0
0
0
0
0
0
0
0
0
0
-0.229051
-0.781367
0
0
0
0
0
0
0
0
0
0
0
0
0
0
-0.0907353
-0.873121
0
0
0
0
0
0
0
0
0
0
0
0
0
0
0
-0.938021
-0.117115
0
0
0
0
0
0
0
0
0
0
0
0
0
0
-0.974339
-0.20673
0
0
0
0
0
0
0
0
0
0
0
0
0
-0.0393031
-0.981074
-0.2114
0
0
0
0
0
0
0
0
0
0
0
0
0
-0.192781
-0.973032
-0.158145
0
0
0
0
0
0
0
0
0
0
0
0
0
-0.350908
-0.892101
0
0
0
0
0
0
0
0
0
0
0
0
0
-0.430003
-0.534515
-0.77852
0
0
0
0
0
0
0
0
0
0
0
0
0
-0.675058
-0.580609
-0.558661
0
0
0
0
0
0
0
0
0
0
0
0
0
-0.96466
-0.679138
-0.314864
0
0
0
0
0
0
0
0
0
0
0
0
0
0
-0.714213
0
0
0
0
0
0
0
0
0
0
0
0
0
0
0
0
0
0
0
0
0
0
0
0
0
0
0
0
0
0
0
0
0
0
0
0
0
0
0
0
0
0
0
0
0
0
0
0
0
0
0
0
0
0
0
0
0
0
0
0
0
0
0
0
0
0
0
0
0
0
0
0
0
0
0
0
0
0
0
0
0
0
0
0
0
0
0
0
0
0
0
0
0
0
0
0
0
0
0
0
0
0
0
0
0
0
0
0
0
0
0
0
0
0
0
0
0
0
0
0
0
0
0
0
0
0
0
0
0
0
0
0
0
0
0
0
0
0
0
0
0
0
0
0
0
0
0
0
0
0
0
0
0
0
0
0
0
0
0
0
0
0
0
0
0
0
0
0
0
0
0
0
0
0
0
0
0
0
0
0
0
0
0
0
0
0
0
0
0
0
0
0
0
0
0
0
0
0
0
0
0
0
0
0
0
0
0
0
0
0
0
0
0
0
0
0
0
0
0
0
0
0
0
0
0
0
0
0
0
0
0
0
0
0
0
0
0
0
0
0
0
0
0
0
0
0
0
0
0
0
0
0
0
0
0
0
0
0
0
0
0
0
0
0
0
0
0
0
0
0
0
0
0
0
0
0
0
0
0
-2.17187
0
0
0
0
0
0
0
0
0
0
0
0
0
0
0
-2.14309
0
0
0
0
0
0
0
0
0
0
0
0
0
0
0
-2.08066
0
0
0
0
0
0
0
0
0
0
0
0
0
0
0
-1.83802
0
0
0
0
0
0
0
0
0
0
0
0
0
0
0
0
0
0
0
0
0
0
0
0
0
0
0
0
0
0
0
0
0
0
0
0
0
0
0
0
0
0
0
0
0
0
0
0
0
0
0
0
0
0
0
0
0
0
0
0
0
0
0
0
0
0
0
0
0
0
-0.0361881
0
0
0
0
0
0
0
0
0
0
0
0
0
0
0
-0.230356
0
0
0
0
0
0
0
0
0
0
0
0
0
0
0
-0.378888
-0.110496
-0.128076
0
0
0
0
0
0
0
0
0
0
0
0
0
-0.285665
-0.118407
-0.232503
0
0
0
0
0
0
0
0
0
0
0
0
0
-0.146438
-0.100259
-0.327145
0
0
0
0
0
0
0
0
0
0
0
0
0
0
0
-0.426514
0
0
0
0
0
0
0
0
0
0
0
0
0
0
0
-0.523884
0
0
0
0
0
0
0
0
0
0
0
0
0
0
0
-0.631487
0
0
0
0
0
0
0
0
0
0
0
0
0
0
0
-0.726978
0
0
0
0
0
0
0
0
0
0
0
0
0
0
0
-0.813345
-0.0156717
0
0
0
0
0
0
0
0
0
0
0
0
0
0
-0.861431
0
0
0
0
0
0
0
0
0
0
0
0
0
0
0
-0.880657
0
0
0
0
0
0
0
0
0
0
0
0
0
0
-0.22027
-0.822889
0
0
0
0
0
0
0
0
0
0
0
0
0
0
-0.477069
-0.771718
0
0
0
0
0
0
0
0
0
0
0
0
0
0
-0.584079
-0.612882
0
0
0
0
0
0
0
0
0
0
0
0
0
0
-0.739072
-0.441039
0
0
0
0
0
0
0
0
0
0
0
0
0
0
0
0
0
0
0
0
0
0
0
0
0
0
0
0
0
0
0
0
0
0
0
0
0
0
0
0
0
0
0
0
0
0
0
0
0
0
0
0
0
0
0
0
0
0
0
0
0
0
0
0
0
0
0
0
0
0
0
0
0
0
0
0
0
0
0
0
0
0
0
0
0
0
0
0
0
0
0
0
0
0
0
0
0
0
0
0
0
0
0
0
0
0
0
0
0
0
0
0
0
0
0
0
0
0
0
0
0
0
0
0
0
0
0
0
0
0
0
0
0
0
0
0
0
0
0
0
0
0
0
0
0
0
0
0
0
0
0
0
0
0
0
0
0
0
0
0
0
0
0
0
0
0
0
0
0
0
0
0
0
0
0
0
0
0
0
0
0
0
0
0
0
0
0
0
0
0
0
0
0
0
0
0
0
0
0
0
0
0
0
0
0
0
0
0
0
0
0
0
0
0
0
0
0
0
0
0
0
0
0
0
0
0
0
0
0
0
0
0
0
0
0
0
0
0
0
0
0
0
0
0
0
0
0
0
0
0
0
0
0
0
0
0
0
0
0
0
0
0
0
0
0
0
0
0
0
0
0
0
0
0
0
0
0
0
0
0
0
0
0
0
0
0
0
0
0
0
0
0
0
0
0
0
0
0
0
0
0
0
0
0
0
0
0
0
0
0
-2.13489
0
0
0
0
0
0
0
0
0
0
0
0
0
0
0
-2.03471
0
0
0
0
0
0
0
0
0
0
0
0
0
0
0
0
0
0
0
0
0
0
0
0
0
0
0
0
0
0
0
0
0
0
0
0
0
0
0
0
0
0
0
0
0
0
0
0
0
0
0
0
0
0
0
0
0
0
0
0
0
0
0
0
0
0
0
0
0
0
0
0
0
0
0
0
0
0
0
0
0
0
0
0
0
0
0
0
0
0
0
0
0
0
0
0
0
0
0
0
0
0
-0.10292
0
0
0
0
0
0
0
0
0
0
0
0
0
0
0
-0.260352
0
0
0
0
0
0
0
0
0
0
0
0
0
0
0
-0.150899
0
0
0
0
0
0
0
0
0
0
0
0
0
0
0
0
0
-0.03463
0
0
0
0
0
0
0
0
0
0
0
0
0
0
0
-0.12151
0
0
0
0
0
0
0
0
0
0
0
0
0
0
0
-0.22214
0
0
0
0
0
0
0
0
0
0
0
0
0
0
0
-0.362379
0
0
0
0
0
0
0
0
0
0
0
0
0
0
0
-0.487554
0
0
0
0
0
0
0
0
0
0
0
0
0
0
0
-0.599528
0
0
0
0
0
0
0
0
0
0
0
0
0
0
0
-0.664785
0
0
0
0
0
0
0
0
0
0
0
0
0
0
0
-0.722165
0
0
0
0
0
0
0
0
0
0
0
0
0
0
0
-0.719238
0
0
0
0
0
0
0
0
0
0
0
0
0
0
0
-0.72993
0
0
0
0
0
0
0
0
0
0
0
0
0
0
0
-0.646794
0
0
0
0
0
0
0
0
0
0
0
0
0
0
0
0
0
0
0
0
0
0
0
0
0
0
0
0
0
0
0
0
0
0
0
0
0
0
0
0
0
0
0
0
0
0
0
0
0
0
0
0
0
0
0
0
0
0
0
0
0
0
0
0
0
0
0
0
0
0
0
0
0
0
0
0
0
0
0
0
0
0
0
0
0
0
0
0
0
0
0
0
0
0
0
0
0
0
0
0
0
0
0
0
0
0
0
0
0
0
0
0
0
0
0
0
0
0
0
0
0
0
0
0
0
0
0
0
0
0
0
0
0
0
0
0
0
0
0
0
0
0
0
0
0
0
0
0
0
0
0
0
0
0
0
0
0
0
0
0
0
0
0
0
0
0
0
0
0
0
0
0
0
0
0
0
0
0
0
0
0
0
0
0
0
0
0
0
0
0
0
0
0
0
0
0
0
0
0
0
0
0
0
0
0
0
0
0
0
0
0
0
0
0
0
0
0
0
0
0
0
0
0
0
0
0
0
0
0
0
0
0
0
0
0
0
0
0
0
0
0
0
0
0
0
0
0
0
0
0
0
0
0
0
0
0
0
0
0
0
0
0
0
0
0
0
0
0
0
0
0
0
0
0
0
0
0
0
0
0
0
0
0
0
0
0
0
0
0
0
0
0
0
0
0
0
0
0
0
0
0
0
0
0
0
0
0
0
0
0
0
0
0
0
0
0
0
0
0
0
0
0
0
0
0
0
0
0
0
0
0
0
0
0
0
0
0
0
0
0
0
0
0
0
0
0
0
0
0
0
0
0
0
0
0
0
0
0
0
0
0
0
0
0
0
0
0
0
0
0
0
0
0
0
0
0
0
0
0
0
0
0
0
0
0
0
0
0
0
0
0
0
0
0
0
0
0
0
0
0
0
0
0
0
0
0
0
0
0
0
0
0
0
0
0
0
0
0
0
0
0
0
0
0
0
0
0
0
0
0
0
0
0
0
0
0
0
0
0
0
0
0
0
0
0
0
0
0
0
0
0
0
0
0
0
0
0
0
0
0
0
-0.170292
0
0
0
0
0
0
0
0
0
0
0
0
0
0
0
0
0
0
0
0
0
0
0
0
0
0
0
0
0
0
0
0
0
0
0
0
0
0
0
0
0
0
0
0
0
0
0
0
0
0
0
0
0
0
0
0
0
0
0
0
0
0
0
0
0
0
0
0
0
0
0
0
0
0
0
0
0
0
0
0
0
-0.0332691
0
0
0
0
0
0
0
0
0
0
0
0
0
0
0
-0.185754
0
0
0
0
0
0
0
0
0
0
0
0
0
0
0
-0.34164
0
0
0
0
0
0
0
0
0
0
0
0
0
0
0
-0.457268
0
0
0
0
0
0
0
0
0
0
0
0
0
0
0
-0.569568
0
0
0
0
0
0
0
0
0
0
0
0
0
0
0
-0.625978
0
0
0
0
0
0
0
0
0
0
0
0
0
0
0
-0.713924
0
0
0
0
0
0
0
0
0
0
0
0
0
0
0
-0.711776
0
0
0
0
0
0
0
0
0
0
0
0
0
0
0
0
0
0
0
0
0
0
0
0
0
0
0
0
0
0
0
0
0
0
0
0
0
0
0
0
0
0
0
0
0
0
0
0
0
0
0
0
0
0
0
0
0
0
0
0
0
0
0
0
0
0
0
0
0
0
0
0
0
0
0
0
0
0
0
0
0
0
0
0
0
0
0
0
0
0
0
0
0
0
0
0
0
0
0
0
0
0
0
0
0
0
0
0
0
0
0
0
0
0
0
0
0
0
0
0
0
0
0
0
0
0
0
0
0
0
0
0
0
0
0
0
0
0
0
0
0
0
0
0
0
0
0
0
0
0
0
0
0
0
0
0
0
0
0
0
0
0
0
0
0
0
0
0
0
0
0
0
0
0
0
0
0
0
0
0
0
0
0
0
0
0
0
0
0
0
0
0
0
0
0
0
0
0
0
0
0
0
0
0
0
0
0
0
0
0
0
0
0
0
0
0
0
0
0
0
0
0
0
0
0
0
0
0
0
0
0
0
0
0
0
0
0
0
0
0
0
0
0
0
0
0
0
0
0
0
0
0
0
0
0
0
0
0
0
0
0
0
0
0
0
0
0
0
0
0
0
0
0
0
0
0
0
0
0
0
0
0
0
0
0
0
0
0
0
0
0
0
0
0
0
0
0
0
0
0
0
0
0
0
0
0
0
0
0
0
0
0
0
0
0
0
0
0
0
0
0
0
0
0
0
0
0
0
0
0
0
0
0
0
0
0
0
0
0
0
0
0
0
0
0
0
0
0
0
0
0
0
0
0
0
0
0
0
0
0
0
0
0
0
0
0
0
0
0
0
0
0
0
0
0
0
0
0
0
0
0
0
0
0
0
0
0
0
0
0
0
0
0
0
0
0
0
0
0
0
0
0
0
0
0
0
0
0
0
0
0
0
0
0
0
0
0
0
0
0
0
0
0
0
0
0
0
0
0
0
0
0
0
0
0
0
0
0
0
0
0
0
0
0
0
0
0
0
0
0
0
0
0
0
0
0
0
0
0
0
0
0
0
0
0
0
0
0
0
0
0
0
0
0
0
0
0
0
0
0
0
0
0
0
0
0
0
0
0
0
0
0
0
0
0
0
0
0
0
0
0
0
0
0
0
0
0
0
0
0
0
0
0
0
0
0
0
0
0
0
0
0
0
0
0
0
0
0
0
0
0
0
0
0
0
0
0
0
0
0
0
0
0
0
0
0
0
0
0
0
0
0
0
0
0
0
0
0
0
0
0
0
0
0
0
0
0
0
0
0
0
0
0
0
0
0
0
0
0
0
0
0
0
0
0
0
0
0
0
0
0
0
0
0
0
0
0
0
0
0
0
0
0
0
0
0
0
-0.39663
0
0
0
0
0
0
0
0
0
0
0
0
0
0
0
0
0
0
0
0
0
0
0
0
0
0
0
0
0
0
0
0
0
0
0
0
0
0
0
0
0
0
0
0
0
0
0
0
0
0
0
0
0
0
0
0
0
0
0
0
0
0
0
0
0
0
0
0
0
0
0
0
0
0
0
0
0
0
0
0
0
0
0
0
0
0
0
0
0
0
0
0
0
0
0
0
0
0
0
0
0
0
0
0
0
0
0
0
0
0
0
0
0
0
0
0
0
0
0
0
0
0
0
0
0
0
0
0
0
0
0
0
0
0
0
0
0
0
0
0
0
0
0
0
0
0
0
0
0
0
0
0
0
0
0
0
0
0
0
0
0
0
0
0
0
0
0
0
0
0
0
0
0
0
0
0
0
0
0
0
0
0
0
0
0
0
0
0
0
0
0
0
0
0
0
0
0
0
0
0
0
0
0
0
0
0
0
0
0
0
0
0
0
0
0
0
0
0
0
0
0
0
0
0
0
0
0
0
0
0
0
0
0
0
0
0
0
0
0
0
0
0
0
0
0
0
0
0
0
0
0
0
0
0
0
0
0
0
0
0
0
0
0
0
0
0
0
0
0
0
0
0
0
0
0
0
0
0
0
0
0
0
0
0
0
0
0
0
0
0
0
0
0
0
0
0
0
0
0
0
0
0
0
0
0
0
0
0
0
0
0
0
0
0
0
0
0
0
0
0
0
0
0
0
0
0
0
0
0
0
0
0
0
0
0
0
0
0
0
0
0
0
0
0
0
0
0
0
0
0
0
0
0
0
0
0
0
0
0
0
0
0
0
0
0
0
0
0
0
0
0
0
0
0
0
0
0
0
0
0
0
0
0
0
0
0
0
0
0
0
0
0
0
0
0
0
0
0
0
0
0
0
0
0
0
0
0
0
0
0
0
0
0
0
0
0
0
0
0
0
0
0
0
0
0
0
0
0
0
0
0
0
0
0
0
0
0
0
0
0
0
0
0
0
0
0
0
0
0
0
0
0
0
0
0
0
0
0
0
0
0
0
0
0
0
0
0
0
0
0
0
0
0
0
0
0
0
0
0
0
0
0
0
0
0
0
0
0
0
0
0
0
0
0
0
0
0
0
0
0
0
0
0
0
0
0
0
0
0
0
0
0
0
0
0
0
0
0
0
0
0
0
0
0
0
0
0
0
0
0
0
0
0
0
0
0
0
0
0
0
0
0
0
0
0
0
0
0
0
0
0
0
0
0
0
0
0
0
0
0
0
0
0
0
0
0
0
0
0
0
0
0
0
0
0
0
0
0
0
0
0
0
0
0
0
0
0
0
0
0
0
0
0
0
0
0
0
0
0
0
0
0
0
0
0
0
0
0
0
0
0
0
0
0
0
0
0
0
0
0
0
0
0
0
0
0
0
0
0
0
0
0
0
0
0
0
0
0
0
0
0
0
0
0
0
0
0
0
0
0
0
0
0
0
0
0
0
0
0
0
0
0
0
0
0
0
0
0
0
0
0
0
0
0
0
0
0
0
0
0
0
0
0
0
0
0
0
0
0
0
0
0
0
0
0
0
0
0
0
0
0
0
0
0
0
0
0
0
0
0
0
0
0
0
0
0
0
0
0
0
0
0
0
0
0
0
0
0
0
0
0
0
0
0
0
0
0
0
0
0
0
0
0
0
0
0
0
0
0
0
0
0
0
0
0
0
0
0
0
0
0
0
0
0
0
0
0
0
0
0
0
0
0
0
0
0
0
0
0
0
0
0
0
0
0
0
0
0
0
0
0
0
0
0
0
0
0
0
0
0
0
0
0
0
0
0
0
0
0
0
0
0
0
0
0
0
0
0
0
0
0
0
0
0
0
0
0
0
0
0
0
0
0
0
0
0
0
0
0
0
0
0
0
0
0
0
0
0
0
0
0
0
0
0
0
0
0
0
0
0
0
0
0
0
0
0
0
0
0
0
0
0
0
0
0
0
0
0
0
0
0
0
0
0
0
0
0
0
0
0
0
0
0
0
0
0
0
0
0
0
0
0
0
0
0
0
0
0
0
0
0
0
0
0
0
0
0
0
0
0
0
0
0
0
0
0
0
0
0
0
0
0
0
0
0
0
0
0
0
0
0
0
0
0
0
0
0
0
0
0
0
0
0
0
0
0
0
0
0
0
0
0
0
0
0
0
0
0
0
0
0
0
0
0
0
0
0
0
0
0
0
0
0
0
0
0
0
0
0
0
0
0
0
0
0
0
0
0
0
0
0
0
0
0
0
0
0
0
0
0
0
0
0
0
0
0
0
0
0
0
0
0
0
0
0
0
0
0
0
0
0
0
0
0
0
0
0
0
0
0
0
0
0
0
0
0
0
0
0
0
0
0
0
0
0
0
0
0
0
0
0
0
0
0
0
0
0
0
0
0
0
0
0
0
0
0
0
0
0
0
0
0
0
0
0
0
0
0
0
0
0
0
0
0
0
0
0
0
0
0
0
0
0
0
0
0
0
0
0
0
0
0
0
0
0
0
0
0
0
0
0
0
0
0
0
0
0
0
0
0
0
0
0
0
0
0
0
0
0
0
0
0
0
0
0
0
0
0
0
0
0
0
0
0
0
0
0
0
0
0
0
0
0
0
0
0
0
0
0
0
0
0
0
0
0
0
0
0
0
0
0
0
0
0
0
0
0
0
0
0
0
0
0
0
0
0
0
0
0
0
0
0
0
0
0
0
0
0
0
0
0
0
0
0
0
0
0
0
0
0
0
0
0
0
0
0
0
0
0
0
0
0
0
0
0
0
0
0
0
0
0
0
0
0
0
0
0
0
0
0
0
0
0
0
0
0
0
0
0
0
0
0
0
0
0
0
0
0
0
0
0
0
0
0
0
0
0
0
0
0
0
0
0
0
0
0
0
0
0
0
0
0
0
0
0
0
0
0
0
0
0
0
0
0
0
0
0
0
0
0
0
0
0
0
0
0
0
0
0
0
0
0
0
0
0
0
0
0
0
0
0
0
0
0
0
0
0
0
0
0
0
0
0
0
0
0
0
0
0
0
0
0
0
0
0
0
0
0
0
0
0
0
0
0
0
0
0
0
0
0
0
0
0
0
0
0
0
0
0
0
0
0
0
0
0
0
0
0
0
0
0
0
0
0
0
0
0
0
0
0
0
0
0
0
0
0
0
0
0
0
0
0
0
0
0
0
0
0
0
0
0
0
0
0
0
0
0
0
0
0
0
0
0
0
0
0
0
0
0
0
0
0
0
0
0
0
0
0
0
0
0
0
0
0
0
0
0
0
0
0
0
0
0
0
0
0
0
0
0
0
0
0
0
0
0
0
0
0
0
0
0
0
0
0
0
0
0
0
0
0
0
0
0
0
0
0
0
0
0
0
0
0
0
0
0
0
0
0
0
0
0
0
0
0
0
0
0
0
0
0
0
0
0
0
0
0
0
0
0
0
0
0
0
0
0
0
0
0
0
0
0
0
0
0
0
0
0
0
0
0
0
0
0
0
0
0
0
0
0
0
0
0
0
0
0
0
0
0
0
0
0
0
0
0
0
0
0
0
0
0
0
0
0
0
0
0
0
0
0
0
0
0
0
0
0
0
0
0
0
0
0
0
0
0
0
0
0
0
0
0
0
0
0
0
0
0
0
0
0
0
0
0
0
0
0
0
0
0
0
0
0
0
0
0
0
0
0
0
0
0
0
0
0
0
0
0
0
0
0
0
0
0
0
0
0
0
0
0
0
0
0
0
0
0
0
0
0
0
0
0
0
0
0
0
0
0
0
0
0
0
0
0
0
0
0
0
0
0
0
0
0
0
0
0
0
0
0
0
0
0
0
0
0
0
0
0
0
0
0
0
0
0
0
0
0
0
0
0
0
0
0
0
0
0
0
0
0
0
0
0
0
0
0
0
0
0
0
0
0
0
0
0
0
0
0
0
0
0
0
0
0
0
0
0
0
0
0
0
0
0
0
0
0
0
0
0
0
0
0
0
0
0
0
0
0
0
0
0
0
0
0
0
0
0
0
0
0
0
0
0
0
0
0
0
0
0
0
0
0
0
0
0
0
0
0
0
0
0
0
0
0
0
0
0
0
0
0
0
0
0
0
0
0
0
0
0
0
0
0
0
0
0
0
0
0
0
0
0
0
0
0
0
0
0
0
0
0
0
0
0
0
0
0
0
0
0
0
0
0
0
0
0
0
0
0
0
0
0
0
0
0
0
0
0
0
0
0
0
0
0
0
0
0
0
0
0
0
0
0
0
0
0
0
0
0
0
0
0
0
0
0
0
0
0
0
0
0
0
0
0
0
0
0
0
0
0
0
0
0
0
0
0
0
0
0
0
0
0
0
0
0
0
0
0
0
0
0
0
0
0
0
0
0
0
0
0
0
0
0
0
0
0
0
0
0
0
0
0
0
0
0
0
0
0
0
0
0
0
0
0
0
0
0
0
0
0
0
0
0
0
0
0
0
0
0
0
0
0
0
0
0
0
0
0
0
0
0
0
0
0
0
0
0
0
0
0
0
0
0
0
0
0
0
0
0
0
0
0
0
0
0
0
0
0
0
0
0
0
0
0
0
0
0
0
0
0
0
0
0
0
0
0
0
0
0
0
0
0
0
0
0
0
0
0
0
0
0
0
0
0
0
0
0
0
0
0
0
0
0
0
0
0
0
0
0
0
0
0
0
0
0
0
0
0
0
0
0
0
0
0
0
0
0
0
0
0
0
0
0
0
0
0
0
0
0
0
0
0
0
0
0
0
0
0
0
0
0
0
0
0
0
0
0
0
0
0
0
0
0
0
0
0
0
0
0
0
0
0
0
0
0
0
0
0
0
0
0
0
0
0
0
0
0
0
0
0
0
0
0
0
0
0
0
0
0
0
0
0
0
0
0
0
0
0
0
0
0
0
0
0
0
0
0
0
0
0
0
0
0
0
0
0
0
0
0
0
0
0
0
0
0
0
0
0
0
0
0
0
0
0
0
0
0
0
0
0
0
0
0
0
0
0
0
0
0
0
0
0
0
0
0
0
0
0
0
0
0
0
0
0
0
0
0
0
0
0
0
0
0
0
0
0
0
0
0
0
0
0
0
0
0
0
0
0
0
0
0
0
0
0
0
0
0
0
0
0
0
0
0
0
0
0
0
0
0
0
0
0
0
0
0
0
0
0
0
0
0
0
0
0
0
0
0
0
0
0
0
0
0
0
0
0
0
0
0
0
0
0
0
0
0
0
0
0
0
0
0
0
0
0
0
0
0
0
0
0
0
0
0
0
0
0
0
0
0
0
0
0
0
0
0
0
0
0
0
0
0
0
0
0
0
0
0
0
0
0
0
0
0
0
0
0
0
0
0
0
0
0
0
0
0
0
0
0
0
0
0
0
0
0
0
0
0
0
0
0
0
0
0
0
0
0
0
0
0
0
0
0
0
0
0
0
0
0
0
0
0
0
0
0
0
0
0
0
0
0
0
0
0
0
0
0
0
0
0
0
0
0
0
0
0
0
0
0
0
0
0
0
0
0
0
0
0
0
0
0
0
0
0
0
0
0
0
0
0
0
0
0
0
0
0
0
0
0
0
0
0
0
0
0
0
0
0
0
0
0
0
0
0
0
0
0
0
0
0
0
0
0
0
0
0
0
0
0
0
0
0
0
0
0
0
0
0
0
0
0
0
0
0
0
0
0
0
0
0
0
0
0
0
0
0
0
0
0
0
0
0
0
0
0
0
0
0
0
0
0
0
0
0
0
0
0
0
0
0
0
0
0
0
0
0
0
0
0
0
0
0
0
0
0
0
0
0
0
0
0
0
0
0
0
0
0
0
0
0
0
0
0
0
0
0
0
0
0
0
0
0
0
0
0
0
0
0
0
0
0
0
0
0
0
0
0
0
0
0
0
0
0
0
0
0
0
0
0
0
0
0
0
0
0
0
0
0
0
0
0
0
0
0
0
0
0
0
0
0
0
0
0
0
0
0
0
0
0
0
0
0
0
0
0
0
0
0
0
0
0
0
0
0
0
0
0
0
0
0
0
0
0
0
0
0
0
0
0
0
0
0
0
0
0
0
0
0
0
0
0
0
0
0
0
0
0
0
0
0
0
0
0
0
0
0
0
0
0
0
0
0
0
0
0
0
0
0
0
0
0
0
0
0
0
0
0
0
0
0
0
0
0
0
0
0
0
0
0
0
0
0
0
0
0
0
0
0
0
0
0
0
0
0
0
0
0
0
0
0
0
0
0
0
0
0
0
0
0
0
0
0
0
0
0
0
0
0
0
0
0
0
0
0
0
0
0
0
0
0
0
0
0
0
0
0
0
0
0
0
0
0
0
0
0
0
0
0
0
0
0
0
0
0
0
0
0
