250
 0.012566370614359173
 0
 0
 0
 0
 0
 0
 0
 0
 0
 0
 0
 0
 0
 0
 0
 0
 0
 0
 0
 0
 0
 0
 0
 0
 0
 0
 0
 0
 0
 0
 0
 0
 0
 0
 0
 0
 0
 0
 0
 0
 0
 0
 0
 0
 0
 0
 0
 0
 0
 0
 0
 0
 0
 0
 0
 0
 0
 0
 0
 0
 0
 0
 0
 0
 0
 0
 0
 0
 0
 0
 0
 0
 0
 0
 0
 0
 0
 0
 0
 0
 0
 0
 0
 0
 0
 0
 0
 0
 0
 0
 0
 0
 0
 0
 0
 0
 0
 -0.2200744292903476
 -0.7309292001323335
 -1.204464947368285
 -1.6447408760884974
 -2.0511031409802998
 -2.4229662393375575
 -2.763023242752749
 -3.0694025215503133
 -3.3441507203260556
 -3.5872357894744598
 -3.799558757320673
 -3.9821668743584233
 -4.136059976167319
 -4.262439384761243
 -4.362950587894108
 -4.4393552670456495
 -4.493525931874504
 -4.528194726771232
 -4.545574205276126
 -4.549090145174024
 -4.541891328772932
 -4.527607702741696
 -4.51009695545045
 -4.493301119994132
 -4.481031087685835
 -4.476923936688311
 -4.483969571410284
 -4.504161039101725
 -4.538984540134776
 -4.588031378393915
 -4.650663525303435
 -4.724914791397841
 -4.808371858208652
 -4.898580748885108
 -4.99238368088028
 -5.087274869335342
 -5.180505550649506
 -5.269906501222904
 -5.353710161078439
 -5.4306592652987185
 -5.499989790510947
 -5.561529042514863
 -5.61542412094313
 -5.662083762432235
 -5.702117744058087
 -5.735819236953394
 -5.763579523247004
 -5.7852937089562655
 -5.800718777982795
 -5.809568087851089
 -5.811350688520803
 -5.806183628498072
 -5.794218074506512
 -5.776267966676354
 -5.753520117693618
 -5.727429381562915
 -5.699665114053566
 -5.6717133264746185
 -5.644693030088016
 -5.6191824239841495
 -5.595183281471813
 -5.5720877438242855
 -5.548937452644395
 -5.52451117465972
 -5.497540511383153
 -5.466792485061481
 -5.431272353705701
 -5.389965038588565
 -5.342283660478218
 -5.287602562440265
 -5.22550487234585
 -5.155710574138845
 -5.077936915978102
 -4.992152755781135
 -4.898393561294454
 -4.796930540254384
 -4.688210401212557
 -4.573089699699513
 -4.452315009426058
 -4.327147410134078
 -4.198468286179481
 -4.067181468997404
 -3.9342603428302914
 -3.8000405410301603
 -3.6659200983920757
 -3.533108573587241
 -3.404491052483941
 -3.2845090431565502
 -3.1783112346251903
 -3.0929595535121184
 -3.0326184486271615
 -2.999622360319213
 -2.991573062526003
 -3.0021377086714827
 -3.0234512955403847
 -3.04692262213101
 -3.06546443045511
 -3.073567809575642
 -3.0674757653721167
 -3.0441622260360113
 -3.002254789566167
 -2.9400152085969813
 -2.856572105746542
 -2.7508370320893736
 -2.621599252117168
 -2.467851347202899
 -2.288369464455779
 -2.0819068227175546
 -1.847228614530895
 -1.583535415820423
 -1.2888202970784812
 -0.9638712849546778
 -0.6059771581223448
 -0.21536805812934823
 0
 0
 0
 0
 0
 0
 0
 0
 0
 0
 0
 0
 0
 0
 0
 0
 0
 0
 0
 0
 0
 0
 0
 0
 0
 0
 0
 0
 0
 0
 0
 0
 0
 0
 0
 0
 0
 0
 0
 0
 