41 41 16
0.2 0.2 0.2
-4 -4 -5
0
0
0
0
0
0
0
0
0
0
0
0
0
0
0
0
0
0
0
0
0
0
0
0
0
0
0
0
0
0
0
0
0
0
0
0
0
0
0
0
0
0
0
0
0
0
0
0
0
0
0
0
0
0
0
0
0
0
0
0
0
0
0
0
0
0
0
0
0
0
0
0
0
0
0
0
0
0
0
0
0
0
0
0
0
0
0
0
0
0
0
0
0
0
0
0
0
0
0
0
0
0
0
0
0
0
0
0
0
0
0
0
0
0
0
0
0
0
0
0
0
0
0
0
0
0
0
0
0
0
0
0
0
0
0
0
0
0
0
0
0
0
0
0
0
0
0
0
0
0
0
0
0
0
0
0
0
0
0
0
0
0
0
0
0
0
0
0
0
0
0
0
0
0
0
0
0
0
0
0
0
0
0
0
0
0
0
0
0
0
0
0
0
0
0
0
0
0
0
0
0
0
0
0
0
0
0
0
0
0
0
0
0
0
0
-2.00789
-1.7157
0
0
0
0
0
0
0
0
0
0
0
0
0
0
-2.21433
-1.97337
0
0
0
0
0
0
0
0
0
0
0
0
0
0
-2.3448
-2.12691
0
0
0
0
0
0
0
0
0
0
0
0
0
0
-2.44583
-2.23501
0
0
0
0
0
0
0
0
0
0
0
0
0
0
-2.4367
-2.20798
0
0
0
0
0
0
0
0
0
0
0
0
0
0
-2.42239
-2.17815
0
0
0
0
0
0
0
0
0
0
0
0
0
0
-2.30354
-2.02208
0
0
0
0
0
0
0
0
0
0
0
0
0
0
-2.18089
-1.86023
0
0
0
0
0
0
0
0
0
0
0
0
0
0
-1.97517
-1.6162
0
0
0
0
0
0
0
0
0
0
0
0
0
0
-1.73014
-1.31649
0
0
0
0
0
0
0
0
0
0
0
0
0
0
0
0
0
0
0
0
0
0
0
0
0
0
0
0
0
0
0
0
0
0
0
0
0
0
0
0
0
0
0
0
0
0
0
0
0
0
0
0
0
0
0
0
0
0
0
0
0
0
0
0
0
0
0
0
0
0
0
0
0
0
0
0
0
0
0
0
0
0
0
0
0
0
0
0
0
0
0
0
0
0
0
0
0
0
0
0
0
0
0
0
0
0
0
0
0
0
0
0
0
0
0
0
0
0
0
0
0
0
0
0
0
0
0
0
0
0
0
0
0
0
0
0
0
0
0
0
0
0
0
0
0
0
0
0
0
0
0
0
0
0
0
0
0
0
0
0
0
0
0
0
0
0
0
0
0
0
0
0
0
0
0
0
0
0
0
0
0
0
0
0
0
0
0
0
0
0
0
0
0
0
0
0
0
0
0
0
0
0
0
0
0
0
0
0
0
0
0
0
0
0
0
0
0
0
0
0
0
0
0
0
0
0
0
0
0
0
0
0
0
0
0
0
0
0
0
0
0
0
0
0
0
0
0
0
0
0
0
0
0
0
0
0
0
0
0
0
0
0
0
0
0
0
0
0
0
0
0
0
0
0
0
0
0
0
0
0
0
0
0
0
0
0
0
0
0
0
0
0
0
0
0
0
0
0
0
0
0
0
0
0
0
0
0
0
0
0
0
0
0
0
0
0
0
0
0
0
0
0
0
0
0
0
0
0
0
0
0
0
0
0
0
0
0
0
0
0
0
0
0
0
0
0
0
0
0
0
0
0
0
0
0
0
0
0
0
0
0
0
0
0
0
0
0
0
0
0
0
0
0
0
0
0
0
0
0
0
0
0
0
0
0
0
0
0
0
0
0
0
0
0
0
0
0
0
0
0
0
0
0
0
0
0
0
0
0
0
0
0
0
0
0
0
0
0
0
0
0
0
0
0
0
0
0
0
0
0
0
0
0
0
0
0
0
0
0
0
0
0
0
0
0
0
0
0
0
0
0
0
0
0
0
0
0
0
0
0
0
0
0
0
0
0
0
0
0
0
0
0
0
0
0
0
0
0
0
0
0
0
0
0
0
0
0
0
0
0
0
0
0
0
-1.87828
0
0
0
0
0
0
0
0
0
0
0
0
0
0
0
-2.12616
-1.73539
0
0
0
0
0
0
0
0
0
0
0
0
0
0
-2.30201
-1.93383
0
0
0
0
0
0
0
0
0
0
0
0
0
0
-2.38906
-2.04153
0
0
0
0
0
0
0
0
0
0
0
0
0
0
-2.44716
-2.12384
0
0
0
0
0
0
0
0
0
0
0
0
0
0
-2.40799
-2.09072
0
0
0
0
0
0
0
0
0
0
0
0
0
0
-2.37188
-2.06387
0
0
0
0
0
0
0
0
0
0
0
0
0
0
-2.25003
-1.91936
0
0
0
0
0
0
0
0
0
0
0
0
0
0
-2.13548
-1.76899
0
0
0
0
0
0
0
0
0
0
0
0
0
0
-1.94905
-1.53756
-0.549769
0
0
0
0
0
0
0
0
0
0
0
0
0
-1.73909
-1.25742
-0.666442
0
0
0
0
0
0
0
0
0
0
0
0
0
-1.4887
-0.970506
-0.717595
-0.533936
0
0
0
0
0
0
0
0
0
0
0
0
0
0
-0.756745
-0.661522
0
0
0
0
0
0
0
0
0
0
0
0
0
0
0
-0.633478
0
0
0
0
0
0
0
0
0
0
0
0
0
0
0
-0.589612
0
0
0
0
0
0
0
0
0
0
0
0
0
0
0
0
0
0
0
0
0
0
0
0
0
0
0
0
0
0
0
0
0
0
0
0
0
0
0
0
0
0
0
0
0
0
0
0
0
0
0
0
0
0
0
0
0
0
0
0
0
0
0
0
0
0
0
0
0
0
0
0
0
0
0
0
0
0
0
0
0
0
0
0
0
0
0
0
0
0
0
0
0
0
0
0
0
0
0
0
0
0
0
0
0
0
0
0
0
0
0
0
0
0
0
0
0
0
0
0
0
0
0
0
0
0
0
0
0
0
0
0
0
0
0
0
0
0
0
0
0
0
0
0
0
0
0
0
0
0
0
0
0
0
0
0
0
0
0
0
0
0
0
0
0
0
0
0
0
0
0
0
0
0
0
0
0
0
0
0
0
0
0
0
0
0
0
0
0
0
0
0
0
0
0
0
0
0
0
0
0
0
0
0
0
0
0
0
0
0
0
0
0
0
0
0
0
0
0
0
0
0
0
0
0
0
0
0
0
0
0
0
0
0
0
0
0
0
0
0
0
0
0
0
0
0
0
0
0
0
0
0
0
0
0
0
0
0
0
0
0
0
0
0
0
0
0
0
0
0
0
0
0
0
0
0
0
0
0
0
0
0
0
0
0
0
0
0
0
0
0
0
0
0
0
0
0
0
0
0
0
0
0
0
0
0
0
0
0
0
0
0
0
0
0
0
0
0
0
0
0
0
0
0
0
0
0
0
0
0
0
0
0
0
0
0
0
0
0
0
0
0
0
0
0
0
0
0
0
0
0
0
0
0
0
0
0
0
0
0
0
0
0
0
0
0
0
0
0
0
0
0
0
0
0
0
0
0
0
0
0
0
0
0
0
0
0
0
0
0
0
0
0
0
0
0
0
0
0
0
0
0
0
0
0
0
0
0
0
0
0
0
-1.63525
0
0
0
0
0
0
0
0
0
0
0
0
0
0
0
-1.87903
-1.28368
0
0
0
0
0
0
0
0
0
0
0
0
0
0
-2.05936
-1.55207
0
0
0
0
0
0
0
0
0
0
0
0
0
0
-2.17378
-1.75941
0
0
0
0
0
0
0
0
0
0
0
0
0
0
-2.21599
-1.9045
0
0
0
0
0
0
0
0
0
0
0
0
0
0
-2.25064
-2.03321
-0.509133
0
0
0
0
0
0
0
0
0
0
0
0
0
-2.20913
-2.04392
-0.529906
0
0
0
0
0
0
0
0
0
0
0
0
0
-2.17889
-2.04979
-0.540902
0
0
0
0
0
0
0
0
0
0
0
0
0
-2.06993
-1.92971
-0.589688
0
0
0
0
0
0
0
0
0
0
0
0
-1.22596
-1.96579
-1.79267
-0.643931
0
0
0
0
0
0
0
0
0
0
0
0
-1.28507
-1.78669
-1.56517
-0.774362
0
0
0
0
0
0
0
0
0
0
0
0
-1.35344
-1.58422
-1.28223
-0.887599
-0.517791
0
0
0
0
0
0
0
0
0
0
0
-1.3077
-1.33859
-0.977228
-0.92212
-0.700102
0
0
0
0
0
0
0
0
0
0
0
0
-1.02417
0
-0.932171
-0.834342
0
0
0
0
0
0
0
0
0
0
0
0
0
0
-0.795398
-0.809349
0
0
0
0
0
0
0
0
0
0
0
0
0
0
-0.627279
-0.751771
0
0
0
0
0
0
0
0
0
0
0
0
0
0
0
-0.578108
0
0
0
0
0
0
0
0
0
0
0
0
0
0
0
0
0
0
0
0
0
0
0
0
0
0
0
0
0
0
0
0
0
0
0
0
0
0
0
0
0
0
0
0
0
0
0
0
0
0
0
0
0
0
0
0
0
0
0
0
0
0
0
0
0
0
0
0
0
0
0
0
0
0
0
0
0
0
0
0
0
0
0
0
0
0
0
0
0
0
0
0
0
0
0
0
0
0
0
0
0
0
0
0
0
0
0
0
0
0
0
0
0
0
0
0
0
0
0
0
0
0
0
0
0
0
0
0
0
0
0
0
0
0
0
0
0
0
0
0
0
0
0
0
0
0
0
0
0
0
0
0
0
0
0
0
0
0
0
0
0
0
0
0
0
0
0
0
0
0
0
0
0
0
0
0
0
0
0
0
0
0
0
0
0
0
0
0
0
0
0
0
0
0
0
0
0
0
0
0
0
0
0
0
0
0
0
0
0
0
0
0
0
0
0
0
0
0
0
0
0
0
0
0
0
0
0
0
0
0
0
0
0
0
0
0
0
0
0
0
0
0
0
0
0
0
0
0
0
0
0
0
0
0
0
0
0
0
0
0
0
0
0
0
0
0
0
0
0
0
0
0
0
0
0
0
0
0
0
0
0
0
0
0
0
0
0
0
0
0
0
0
0
0
0
0
0
0
0
0
0
0
0
0
0
0
0
0
0
0
0
0
0
0
0
0
0
0
0
0
0
0
0
0
0
0
0
0
0
0
0
0
0
0
0
0
0
0
0
0
0
0
0
0
0
0
0
0
0
0
0
0
0
0
0
0
0
0
0
0
0
0
0
0
0
0
0
0
0
0
0
0
0
0
0
0
0
0
0
0
0
0
0
0
0
0
0
0
0
0
0
0
0
0
0
0
-1.56701
0
0
0
0
0
0
0
0
0
0
0
0
0
0
0
-1.72512
-1.08953
0
0
0
0
0
0
0
0
0
0
0
0
0
-1.35921
-1.8474
-1.41569
0
0
0
0
0
0
0
0
0
0
0
0
0
-1.21873
-1.95351
-1.69095
-0.426705
0
0
0
0
0
0
0
0
0
0
0
0
-1.05256
-2.01894
-1.88985
-0.533021
0
0
0
0
0
0
0
0
0
0
0
0
0
-2.08744
-2.05246
-0.620059
0
0
0
0
0
0
0
0
0
0
0
0
-0.858678
-2.08744
-2.08736
-0.64467
0
0
0
0
0
0
0
0
0
0
0
0
-0.85545
-2.08921
-2.10678
-0.66471
0
0
0
0
0
0
0
0
0
0
0
0
-0.941806
-2.0123
-2.00611
-0.740818
0
0
0
0
0
0
0
0
0
0
0
0
-1.03985
-1.93123
-1.89057
-0.821991
0
0
0
0
0
0
0
0
0
0
0
0
-1.08915
-1.76629
-1.68944
-0.95978
-0.254358
0
0
0
0
0
0
0
0
0
0
0
-1.14504
-1.57387
-1.4446
-1.08119
-0.558528
0
0
0
0
0
0
0
0
0
0
0
-1.09018
-1.3228
-1.16532
-1.11549
-0.735072
0
0
0
0
0
0
0
0
0
0
0
-1.03242
-1.00972
-0.803882
-1.12926
-0.869926
0
0
0
0
0
0
0
0
0
0
0
0
-0.724649
-0.487105
-1.00164
-0.856482
0
0
0
0
0
0
0
0
0
0
0
0
0
0
-0.834909
-0.818359
0
0
0
0
0
0
0
0
0
0
0
0
0
0
-0.577581
-0.672797
0
0
0
0
0
0
0
0
0
0
0
0
0
0
0
-0.483505
0
0
0
0
0
0
0
0
0
0
0
0
0
0
0
0
0
0
0
0
0
0
0
0
0
0
0
0
0
0
0
0
0
0
0
0
0
0
0
0
0
0
0
0
0
0
0
0
0
0
0
0
0
0
0
0
0
0
0
0
0
0
0
0
0
0
0
0
0
0
0
0
0
0
0
0
0
0
0
0
0
0
0
0
0
0
0
0
0
0
0
0
0
0
0
0
0
0
0
0
0
0
0
0
0
0
0
0
0
0
0
0
0
0
0
0
0
0
0
0
0
0
0
0
0
0
0
0
0
0
0
0
0
0
0
0
0
0
0
0
0
0
0
0
0
0
0
0
0
0
0
0
0
0
0
0
0
0
0
0
0
0
0
0
0
0
0
0
0
0
0
0
0
0
0
0
0
0
0
0
0
0
0
0
0
0
0
0
0
0
0
0
0
0
0
0
0
0
0
0
0
0
0
0
0
0
0
0
0
0
0
0
0
0
0
0
0
0
0
0
0
0
0
0
0
0
0
0
0
0
0
0
0
0
0
0
0
0
0
0
0
0
0
0
0
0
0
0
0
0
0
0
0
0
0
0
0
0
0
0
0
0
0
0
0
0
0
0
0
0
0
0
0
0
0
0
0
0
0
0
0
0
0
0
0
0
0
0
0
0
0
0
0
0
0
0
0
0
0
0
0
0
0
0
0
0
0
0
0
0
0
0
0
0
0
0
0
0
0
0
0
0
0
0
0
0
0
0
0
0
0
0
0
0
0
0
0
0
0
0
0
0
0
0
0
0
0
0
0
0
0
0
0
0
0
0
0
0
0
0
0
0
0
0
-1.17124
0
0
0
0
0
0
0
0
0
0
0
0
0
0
-1.40535
-1.37764
-0.702811
0
0
0
0
0
0
0
0
0
0
0
0
0
-1.37756
-1.55323
-1.06787
0
0
0
0
0
0
0
0
0
0
0
0
0
-1.23507
-1.72604
-1.44613
-0.403263
0
0
0
0
0
0
0
0
0
0
0
0
-1.0846
-1.89111
-1.74115
-0.507688
0
0
0
0
0
0
0
0
0
0
0
0
-0.93161
-2.00311
-1.93643
-0.585768
0
0
0
0
0
0
0
0
0
0
0
0
-0.798224
-2.09991
-2.08618
-0.655026
0
0
0
0
0
0
0
0
0
0
0
0
-0.78181
-2.12074
-2.11309
-0.685133
0
0
0
0
0
0
0
0
0
0
0
0
-0.796583
-2.13333
-2.12762
-0.71536
0
0
0
0
0
0
0
0
0
0
0
0
-0.896083
-2.07043
-2.03394
-0.811844
0
0
0
0
0
0
0
0
0
0
0
0
-0.996736
-2.00249
-1.93166
-0.910276
0
0
0
0
0
0
0
0
0
0
0
0
-1.03511
-1.85054
-1.75068
-1.05122
-0.322007
0
0
0
0
0
0
0
0
0
0
0
-1.06891
-1.67301
-1.53749
-1.17438
-0.612178
0
0
0
0
0
0
0
0
0
0
0
-0.98209
-1.4281
-1.28753
-1.20487
-0.772224
0
0
0
0
0
0
0
0
0
0
0
-0.88299
-1.11982
-0.97163
-1.21875
-0.891362
0
0
0
0
0
0
0
0
0
0
0
-0.690947
-0.819534
-0.688544
-1.10074
-0.868759
0
0
0
0
0
0
0
0
0
0
0
0
0
0
-0.952737
-0.829217
-0.101102
0
0
0
0
0
0
0
0
0
0
0
0
0
-0.730241
-0.696557
0
0
0
0
0
0
0
0
0
0
0
0
0
0
-0.469684
-0.534333
0
0
0
0
0
0
0
0
0
0
0
0
0
0
0
0
0
0
0
0
0
0
0
0
0
0
0
0
0
0
0
0
0
0
0
0
0
0
0
0
0
0
0
0
0
0
0
0
0
0
0
0
0
0
0
0
0
0
0
0
0
0
0
0
0
0
0
0
0
0
0
0
0
0
0
0
0
0
0
0
0
0
0
0
0
0
0
0
0
0
0
0
0
0
0
0
0
0
0
0
0
0
0
0
0
0
0
0
0
0
0
0
0
0
0
0
0
0
0
0
0
0
0
0
0
0
0
0
0
0
0
0
0
0
0
0
0
0
0
0
0
0
0
0
0
0
0
0
0
0
0
0
0
0
0
0
0
0
0
0
0
0
0
0
0
0
0
0
0
0
0
0
0
0
0
0
0
0
0
0
0
0
0
0
0
0
0
0
0
0
0
0
0
0
0
0
0
0
0
0
0
0
0
0
0
0
0
0
0
0
0
0
0
0
0
0
0
0
0
0
0
0
0
0
0
0
0
0
0
0
0
0
0
0
0
0
0
0
0
0
0
0
0
0
0
0
0
0
0
0
0
0
0
0
0
0
0
0
0
0
0
0
0
0
0
0
0
0
0
0
0
0
0
0
0
0
0
0
0
0
0
0
0
0
0
0
0
0
0
0
0
0
0
0
0
0
0
0
0
0
0
0
0
0
0
0
0
0
0
0
0
0
0
0
0
0
0
0
0
0
0
0
0
0
0
0
0
0
0
0
0
0
0
0
0
0
0
0
0
0
0
0
0
0
0
0
0
0
0
0
0
0
0
0
0
0
0
0
0
0
0
0
0
-1.25828
-0.977844
0
0
0
0
0
0
0
0
0
0
0
0
0
0
-1.25258
-1.23028
-0.668903
0
0
0
0
0
0
0
0
0
0
0
0
0
-1.2313
-1.47523
-1.03766
-0.345461
0
0
0
0
0
0
0
0
0
0
0
0
-1.13377
-1.68611
-1.38017
-0.391576
0
0
0
0
0
0
0
0
0
0
0
0
-1.03665
-1.86034
-1.63917
-0.452838
0
0
0
0
0
0
0
0
0
0
0
0
-0.922276
-1.96065
-1.80906
-0.515646
0
0
0
0
0
0
0
0
0
0
0
0
-0.805512
-2.03658
-1.94283
-0.582133
0
0
0
0
0
0
0
0
0
0
0
0
-0.796185
-2.04959
-1.97477
-0.650563
0
0
0
0
0
0
0
0
0
0
0
0
-0.808568
-2.05808
-1.99875
-0.719947
0
0
0
0
0
0
0
0
0
0
0
0
-0.908504
-2.0071
-1.93477
-0.862543
0
0
0
0
0
0
0
0
0
0
0
0
-1.00681
-1.95683
-1.86852
-0.994316
0
0
0
0
0
0
0
0
0
0
0
0
-1.04643
-1.82948
-1.72918
-1.13376
-0.354217
0
0
0
0
0
0
0
0
0
0
0
-1.07767
-1.68693
-1.57257
-1.24958
-0.624096
0
0
0
0
0
0
0
0
0
0
0
-0.990985
-1.48228
-1.36929
-1.25936
-0.761198
0
0
0
0
0
0
0
0
0
0
0
-0.883595
-1.23416
-1.127
-1.25369
-0.855971
0
0
0
0
0
0
0
0
0
0
0
-0.675647
-0.991705
-0.905542
-1.13152
-0.810762
0
0
0
0
0
0
0
0
0
0
0
0
-0.700193
-0.653372
-0.992631
-0.746818
-0.0947439
0
0
0
0
0
0
0
0
0
0
0
-0.479892
-0.50094
-0.814378
-0.604398
-0.0502356
0
0
0
0
0
0
0
0
0
0
0
0
0
-0.62882
-0.450915
0
0
0
0
0
0
0
0
0
0
0
0
0
0
-0.509061
-0.274036
0
0
0
0
0
0
0
0
0
0
0
0
0
0
0
0
0
0
0
0
0
0
0
0
0
0
0
0
0
0
0
0
0
0
0
0
0
0
0
0
0
0
0
0
0
0
0
0
0
0
0
0
0
0
0
0
0
0
0
0
0
0
0
0
0
0
0
0
0
0
0
0
0
0
0
0
0
0
0
0
0
0
0
0
0
0
0
0
0
0
0
0
0
0
0
0
0
0
0
0
0
0
0
0
0
0
0
0
0
0
0
0
0
0
0
0
0
0
0
0
0
0
0
0
0
0
0
0
0
0
0
0
0
0
0
0
0
0
0
0
0
0
0
0
0
0
0
0
0
0
0
0
0
0
0
0
0
0
0
0
0
0
0
0
0
0
0
0
0
0
0
0
0
0
0
0
0
0
0
0
0
0
0
0
0
0
0
0
0
0
0
0
0
0
0
0
0
0
0
0
0
0
0
0
0
0
0
0
0
0
0
0
0
0
0
0
0
0
0
0
0
0
0
0
0
0
0
0
0
0
0
0
0
0
0
0
0
0
0
0
0
0
0
0
0
0
0
0
0
0
0
0
0
0
0
0
0
0
0
0
0
0
0
0
0
0
0
0
0
0
0
0
0
0
0
0
0
0
0
0
0
0
0
0
0
0
0
0
0
0
0
0
0
0
0
0
0
0
0
0
0
0
0
0
0
0
0
0
0
0
0
0
0
0
0
0
0
0
0
0
0
0
0
0
0
0
0
0
0
0
0
0
0
0
-0.395313
0
0
0
0
0
0
0
0
0
0
0
0
-1.09652
-0.915716
0
-0.392782
0
0
0
0
0
0
0
0
0
0
0
0
-1.14083
-1.22944
-0.658588
-0.373147
0
0
0
0
0
0
0
0
0
0
0
0
-1.19895
-1.49589
-0.982017
-0.35382
0
0
0
0
0
0
0
0
0
0
0
0
-1.16556
-1.68212
-1.28146
-0.378605
0
0
0
0
0
0
0
0
0
0
0
0
-1.10167
-1.81976
-1.51607
-0.429624
0
0
0
0
0
0
0
0
0
0
0
0
-0.989808
-1.88815
-1.67654
-0.501011
0
0
0
0
0
0
0
0
0
0
0
0
-0.855042
-1.94007
-1.81011
-0.577513
0
0
0
0
0
0
0
0
0
0
0
0
-0.825966
-1.94864
-1.86128
-0.683887
0
0
0
0
0
0
0
0
0
0
0
0
-0.819573
-1.95768
-1.90522
-0.785799
0
0
0
0
0
0
0
0
0
0
0
0
-0.910759
-1.92115
-1.87616
-0.963603
0
0
0
0
0
0
0
0
0
0
0
0
-1.00434
-1.888
-1.84456
-1.11969
-0.0379221
0
0
0
0
0
0
0
0
0
0
0
-1.04783
-1.78099
-1.73818
-1.25862
-0.396995
0
0
0
0
0
0
0
0
0
0
0
-1.08612
-1.66463
-1.61886
-1.37013
-0.651681
0
0
0
0
0
0
0
0
0
0
0
-1.01654
-1.48831
-1.43838
-1.36413
-0.774559
0
0
0
0
0
0
0
0
0
0
0
-0.928187
-1.28299
-1.23075
-1.33834
-0.858976
0
0
0
0
0
0
0
0
0
0
0
-0.739088
-1.08506
-1.03277
-1.19902
-0.809369
0
0
0
0
0
0
0
0
0
0
0
-0.499387
-0.857216
-0.822051
-1.0444
-0.735376
-0.109102
0
0
0
0
0
0
0
0
0
0
0
-0.682711
-0.703453
-0.872346
-0.579903
-0.0526699
0
0
0
0
0
0
0
0
0
0
0
-0.475152
-0.5919
-0.715955
-0.40877
0
0
0
0
0
0
0
0
0
0
0
0
0
-0.533301
-0.642408
-0.228444
0
0
0
0
0
0
0
0
0
0
0
0
0
-0.460588
-0.592648
0
0
0
0
0
0
0
0
0
0
0
0
0
0
0
-0.586195
0
0
0
0
0
0
0
0
0
0
0
0
0
0
0
-0.547136
0
0
0
0
0
0
0
0
0
0
0
0
0
0
0
0
0
0
0
0
0
0
0
0
0
0
0
0
0
0
0
0
0
0
0
0
0
0
0
0
0
0
0
0
0
0
0
0
0
0
0
0
0
0
0
0
0
0
0
0
0
0
0
0
0
0
0
0
0
0
0
0
0
0
0
0
0
0
0
0
0
0
0
0
0
0
0
0
0
0
0
0
0
0
0
0
0
0
0
0
0
0
0
0
0
0
0
0
0
0
0
0
0
0
0
0
0
0
0
0
0
0
0
0
0
0
0
0
0
0
0
0
0
0
0
0
0
0
0
0
0
0
0
0
0
0
0
0
0
0
0
0
0
0
0
0
0
0
0
0
0
0
0
0
0
0
0
0
0
0
0
0
0
0
0
0
0
0
0
0
0
0
0
0
0
0
0
0
0
0
0
0
0
0
0
0
0
0
0
0
0
0
0
0
0
0
0
0
0
0
0
0
0
0
0
0
0
0
0
0
0
0
0
0
0
0
0
0
0
0
0
0
0
0
0
0
0
0
0
0
0
0
0
0
0
0
0
0
0
0
0
0
0
0
0
0
0
0
0
0
0
0
0
0
0
0
0
0
0
0
0
0
0
0
0
0
0
0
0
0
0
0
0
0
-0.771896
-0.580821
0
-0.305901
0
0
0
0
0
0
0
0
0
0
0
0
-0.926851
-0.89606
0
-0.292638
0
0
0
0
0
0
0
0
0
0
0
0
-1.05145
-1.19547
-0.556339
-0.27485
0
0
0
0
0
0
0
0
0
0
0
0
-1.16432
-1.42799
-0.844455
-0.273947
0
0
0
0
0
0
0
0
0
0
0
0
-1.15095
-1.57925
-1.11898
-0.311607
0
0
0
0
0
0
0
0
0
0
0
0
-1.08434
-1.69317
-1.34942
-0.366137
0
0
0
0
0
0
0
0
0
0
0
0
-0.965304
-1.74962
-1.52192
-0.447106
0
0
0
0
0
0
0
0
0
0
0
0
-0.827624
-1.79688
-1.66994
-0.528897
0
0
0
0
0
0
0
0
0
0
0
0
-0.793592
-1.81604
-1.75494
-0.67789
0
0
0
0
0
0
0
0
0
0
0
0
-0.784323
-1.83766
-1.82814
-0.817815
0
0
0
0
0
0
0
0
0
0
0
0
-0.868782
-1.8207
-1.84518
-1.02896
0
0
0
0
0
0
0
0
0
0
0
0
-0.957746
-1.80544
-1.85825
-1.20791
-0.0380726
0
0
0
0
0
0
0
0
0
0
0
-1.00737
-1.71828
-1.79398
-1.34206
-0.363432
0
0
0
0
0
0
0
0
0
0
0
-1.05405
-1.62379
-1.71983
-1.44925
-0.599955
0
0
0
0
0
0
0
0
0
0
0
-1.00844
-1.47524
-1.5697
-1.43553
-0.704735
0
0
0
0
0
0
0
0
0
0
0
-0.950738
-1.31079
-1.39879
-1.40375
-0.775646
0
0
0
0
0
0
0
0
0
0
0
-0.804116
-1.1555
-1.21956
-1.2705
-0.721924
0
0
0
0
0
0
0
0
0
0
0
-0.61874
-0.988608
-1.03713
-1.11999
-0.647039
0
0
0
0
0
0
0
0
0
0
0
0
-0.858243
-0.930156
-0.957705
-0.503327
0
0
0
0
0
0
0
0
0
0
0
0
-0.706415
-0.84305
-0.813294
-0.338952
0
0
0
0
0
0
0
0
0
0
0
0
-0.539764
-0.807313
-0.753661
-0.155619
0
0
0
0
0
0
0
0
0
0
0
0
0
-0.771074
-0.730888
0
0
0
0
0
0
0
0
0
0
0
0
0
0
-0.72657
-0.748148
0
0
0
0
0
0
0
0
0
0
0
0
0
0
-0.668982
-0.736656
0
0
0
0
0
0
0
0
0
0
0
0
0
0
-0.653362
-0.671428
0
0
0
0
0
0
0
0
0
0
0
0
0
0
0
-0.571399
0
0
0
0
0
0
0
0
0
0
0
0
0
0
0
0
0
0
0
0
0
0
0
0
0
0
0
0
0
0
0
0
0
0
0
0
0
0
0
0
0
0
0
0
0
0
0
0
0
0
0
0
0
0
0
0
0
0
0
0
0
0
0
0
0
0
0
0
0
0
0
0
0
0
0
0
0
0
0
0
0
0
0
0
0
0
0
0
0
0
0
0
0
0
0
0
0
0
0
0
0
0
0
0
0
0
0
0
0
0
0
0
0
0
0
0
0
0
0
0
0
0
0
0
0
0
0
0
0
0
0
0
0
0
0
0
0
0
0
0
0
0
0
0
0
0
0
0
0
0
0
0
0
0
0
0
0
0
0
0
0
0
0
0
0
0
0
0
0
0
0
0
0
0
0
0
0
0
0
0
0
0
0
0
0
0
0
0
0
0
0
0
0
0
0
0
0
0
0
0
0
0
0
0
0
0
0
0
0
0
0
0
0
0
0
0
0
0
0
0
0
0
0
0
0
0
0
0
0
0
0
0
0
0
0
0
0
0
0
0
0
0
0
0
0
0
0
0
0
0
0
0
-0.656632
-0.61197
0
-0.191317
0
0
0
0
0
0
0
0
0
0
0
0
-0.86974
-0.88078
0
-0.194918
0
0
0
0
0
0
0
0
0
0
0
0
-1.02582
-1.12974
-0.445206
-0.209282
0
0
0
0
0
0
0
0
0
0
0
0
-1.13353
-1.33104
-0.720921
-0.238487
0
0
0
0
0
0
0
0
0
0
0
0
-1.10566
-1.46303
-0.991396
-0.274373
0
0
0
0
0
0
0
0
0
0
0
0
-1.03009
-1.57072
-1.22674
-0.309539
0
0
0
0
0
0
0
0
0
0
0
0
-0.911344
-1.63293
-1.40671
-0.388238
0
0
0
0
0
0
0
0
0
0
0
0
-0.781325
-1.69024
-1.5567
-0.472926
0
0
0
0
0
0
0
0
0
0
0
0
-0.751799
-1.72994
-1.66803
-0.668159
0
0
0
0
0
0
0
0
0
0
0
0
-0.747271
-1.76919
-1.7657
-0.845925
0
0
0
0
0
0
0
0
0
0
0
0
-0.829649
-1.77366
-1.82825
-1.08697
0
0
0
0
0
0
0
0
0
0
0
0
-0.91576
-1.77644
-1.88483
-1.2855
-0.0178676
0
0
0
0
0
0
0
0
0
0
0
-0.969824
-1.70832
-1.8608
-1.41544
-0.306828
0
0
0
0
0
0
0
0
0
0
0
-1.02034
-1.63249
-1.82875
-1.51946
-0.521702
0
0
0
0
0
0
0
0
0
0
0
-0.990346
-1.50412
-1.70917
-1.49973
-0.605517
0
0
0
0
0
0
0
0
0
0
0
-0.952077
-1.36397
-1.57298
-1.46339
-0.664183
0
0
0
0
0
0
0
0
0
0
0
-0.833661
-1.22714
-1.41181
-1.33939
-0.612699
0
0
0
0
0
0
0
0
0
0
0
-0.687412
-1.08746
-1.24278
-1.20413
-0.541916
0
0
0
0
0
0
0
0
0
0
0
-0.47239
-0.972896
-1.1245
-1.0679
-0.414681
0
0
0
0
0
0
0
0
0
0
0
0
-0.848091
-1.02624
-0.940528
-0.272225
0
0
0
0
0
0
0
0
0
0
0
0
-0.706873
-0.983553
-0.873266
-0.117209
0
0
0
0
0
0
0
0
0
0
0
0
-0.530256
-0.958538
-0.837775
0
0
0
0
0
0
0
0
0
0
0
0
0
0
-0.941338
-0.848449
0
0
0
0
0
0
0
0
0
0
0
0
0
0
-0.910846
-0.849577
0
0
0
0
0
0
0
0
0
0
0
0
0
0
-0.862653
-0.804827
0
0
0
0
0
0
0
0
0
0
0
0
0
0
-0.839547
-0.682834
0
0
0
0
0
0
0
0
0
0
0
0
0
0
-0.932462
0
0
0
0
0
0
0
0
0
0
0
0
0
0
0
0
0
0
0
0
0
0
0
0
0
0
0
0
0
0
0
0
0
0
0
0
0
0
0
0
0
0
0
0
0
0
0
0
0
0
0
0
0
0
0
0
0
0
0
0
0
0
0
0
0
0
0
0
0
0
0
0
0
0
0
0
0
0
0
0
0
0
0
0
0
0
0
0
0
0
0
0
0
0
0
0
0
0
0
0
0
0
0
0
0
0
0
0
0
0
0
0
0
0
0
0
0
0
0
0
0
0
0
0
0
0
0
0
0
0
0
0
0
0
0
0
0
0
0
0
0
0
0
0
0
0
0
0
0
0
0
0
0
0
0
0
0
0
0
0
0
0
0
0
0
0
0
0
0
0
0
0
0
0
0
0
0
0
0
0
0
0
0
0
0
0
0
0
0
0
0
0
0
0
0
0
0
0
0
0
0
0
0
0
0
0
0
0
0
0
0
0
0
0
0
0
0
0
0
0
0
0
-0.483422
0
0
0
0
0
0
0
0
0
0
0
0
0
0
-0.582625
-0.623229
0
0
0
0
0
0
0
0
0
0
0
0
0
0
-0.769388
-0.790194
0
0
0
0
0
0
0
0
0
0
0
0
0
0
-0.897687
-0.991425
-0.329323
-0.0879164
0
0
0
0
0
0
0
0
0
0
0
0
-0.985174
-1.17934
-0.614941
-0.12686
0
0
0
0
0
0
0
0
0
0
0
0
-0.965678
-1.32549
-0.89166
-0.16092
0
0
0
0
0
0
0
0
0
0
0
0
-0.915556
-1.45815
-1.12466
-0.193661
0
0
0
0
0
0
0
0
0
0
0
0
-0.842491
-1.5503
-1.30842
-0.29071
0
0
0
0
0
0
0
0
0
0
0
0
-0.771829
-1.63107
-1.46265
-0.392505
0
0
0
0
0
0
0
0
0
0
0
0
-0.784384
-1.69222
-1.60415
-0.631873
0
0
0
0
0
0
0
0
0
0
0
0
-0.815314
-1.74826
-1.72932
-0.842108
0
0
0
0
0
0
0
0
0
0
0
0
-0.900781
-1.76718
-1.8307
-1.09983
0
0
0
0
0
0
0
0
0
0
0
0
-0.985056
-1.78322
-1.9213
-1.30895
0
0
0
0
0
0
0
0
0
0
0
0
-1.03397
-1.73238
-1.92815
-1.43417
-0.225613
0
0
0
0
0
0
0
0
0
0
0
-1.07681
-1.67559
-1.92672
-1.53622
-0.415816
0
0
0
0
0
0
0
0
0
0
0
-1.04599
-1.57323
-1.83515
-1.52137
-0.471011
0
0
0
0
0
0
0
0
0
0
0
-1.00727
-1.4609
-1.73092
-1.49375
-0.506036
0
0
0
0
0
0
0
0
0
0
0
-0.898182
-1.34217
-1.59433
-1.39184
-0.446215
0
0
0
0
0
0
0
0
0
0
0
-0.770857
-1.21661
-1.45008
-1.27931
-0.378811
0
0
0
0
0
0
0
0
0
0
0
-0.585989
-1.09706
-1.32906
-1.16614
-0.275549
0
0
0
0
0
0
0
0
0
0
0
-0.354906
-0.974891
-1.21199
-1.06143
-0.158423
0
0
0
0
0
0
0
0
0
0
0
0
-0.840184
-1.13515
-0.994403
-0.0340509
0
0
0
0
0
0
0
0
0
0
0
0
-0.686007
-1.08944
-0.93258
0
0
0
0
0
0
0
0
0
0
0
0
0
-0.499617
-1.07758
-0.900996
0
0
0
0
0
0
0
0
0
0
0
0
0
0
-1.06963
-0.880798
0
0
0
0
0
0
0
0
0
0
0
0
0
0
-1.04333
-0.837131
0
0
0
0
0
0
0
0
0
0
0
0
0
0
-0.973809
-0.732352
0
0
0
0
0
0
0
0
0
0
0
0
0
0
-0.939881
-0.523205
0
0
0
0
0
0
0
0
0
0
0
0
0
0
-1.01685
0
0
0
0
0
0
0
0
0
0
0
0
0
0
0
0
0
0
0
0
0
0
0
0
0
0
0
0
0
0
0
0
0
0
0
0
0
0
0
0
0
0
0
0
0
0
0
0
0
0
0
0
0
0
0
0
0
0
0
0
0
0
0
0
0
0
0
0
0
0
0
0
0
0
0
0
0
0
0
0
0
0
0
0
0
0
0
0
0
0
0
0
0
0
0
0
0
0
0
0
0
0
0
0
0
0
0
0
0
0
0
0
0
0
0
0
0
0
0
0
0
0
0
0
0
0
0
0
0
0
0
0
0
0
0
0
0
0
0
0
0
0
0
0
0
0
0
0
0
0
0
0
0
0
0
0
0
0
-0.856852
0
0
0
0
0
0
0
0
0
0
0
0
0
0
0
-0.716671
0
0
0
0
0
0
0
0
0
0
0
0
0
0
-0.586458
-0.664658
0
0
0
0
0
0
0
0
0
0
0
0
0
0
-0.480282
-0.594535
0
0
0
0
0
0
0
0
0
0
0
0
0
0
-0.529645
-0.609049
0
0
0
0
0
0
0
0
0
0
0
0
0
0
-0.631459
-0.681266
0
0
0
0
0
0
0
0
0
0
0
0
0
0
-0.720513
-0.847445
-0.246522
0
0
0
0
0
0
0
0
0
0
0
0
0
-0.799052
-1.03988
-0.528393
0
0
0
0
0
0
0
0
0
0
0
0
0
-0.809188
-1.21513
-0.79324
0
0
0
0
0
0
0
0
0
0
0
0
0
-0.808124
-1.37301
-1.01662
-0.0406614
0
0
0
0
0
0
0
0
0
0
0
0
-0.802795
-1.48808
-1.20825
-0.161768
0
0
0
0
0
0
0
0
0
0
0
0
-0.804379
-1.58556
-1.3701
-0.29189
0
0
0
0
0
0
0
0
0
0
0
0
-0.862106
-1.66395
-1.54358
-0.587384
0
0
0
0
0
0
0
0
0
0
0
0
-0.926847
-1.73564
-1.69523
-0.837518
0
0
0
0
0
0
0
0
0
0
0
0
-1.01445
-1.76726
-1.83141
-1.11374
0
0
0
0
0
0
0
0
0
0
0
0
-1.0969
-1.79517
-1.95138
-1.33282
0
0
0
0
0
0
0
0
0
0
0
0
-1.1404
-1.76027
-1.98512
-1.45156
-0.183225
0
0
0
0
0
0
0
0
0
0
0
-1.17621
-1.72121
-2.01053
-1.54666
-0.341304
0
0
0
0
0
0
0
0
0
0
0
-1.14242
-1.64484
-1.94548
-1.53111
-0.356049
0
0
0
0
0
0
0
0
0
0
0
-1.09757
-1.56199
-1.86931
-1.50721
-0.352157
0
0
0
0
0
0
0
0
0
0
0
-0.985432
-1.46737
-1.75242
-1.42681
-0.266356
0
0
0
0
0
0
0
0
0
0
0
-0.857751
-1.36065
-1.62639
-1.3427
-0.182334
0
0
0
0
0
0
0
0
0
0
0
-0.681656
-1.23557
-1.5085
-1.25552
-0.0933163
0
0
0
0
0
0
0
0
0
0
0
-0.474579
-1.0997
-1.38967
-1.16862
-0.0102948
0
0
0
0
0
0
0
0
0
0
0
0
-0.949214
-1.29036
-1.10586
0
0
0
0
0
0
0
0
0
0
0
0
0
-0.796579
-1.21055
-1.03892
0
0
0
0
0
0
0
0
0
0
0
0
0
-0.628553
-1.17863
-0.971221
0
0
0
0
0
0
0
0
0
0
0
0
0
-0.442633
-1.17293
-0.906096
0
0
0
0
0
0
0
0
0
0
0
0
0
0
-1.16678
-0.840167
0
0
0
0
0
0
0
0
0
0
0
0
0
0
-1.10938
-0.741911
0
0
0
0
0
0
0
0
0
0
0
0
0
0
-1.00606
-0.546136
0
0
0
0
0
0
0
0
0
0
0
0
0
0
-0.959853
0
0
0
0
0
0
0
0
0
0
0
0
0
0
0
0
0
0
0
0
0
0
0
0
0
0
0
0
0
0
0
0
0
0
0
0
0
0
0
0
0
0
0
0
0
0
0
0
0
0
0
0
0
0
0
0
0
0
0
0
0
0
0
0
0
0
0
0
0
0
0
0
0
0
0
0
0
0
0
0
0
0
0
0
0
0
0
0
0
0
0
0
0
0
0
0
0
0
0
0
0
0
0
0
0
0
0
0
0
0
0
0
0
0
0
0
0
0
0
0
0
0
0
0
0
0
0
0
0
0
0
0
0
0
0
0
0
0
0
0
0
-1.47168
-1.11144
0
0
0
0
0
0
0
0
0
0
0
0
0
0
-1.18244
-0.98063
0
0
0
0
0
0
0
0
0
0
0
0
0
0
-0.862442
-0.908142
0
0
0
0
0
0
0
0
0
0
0
0
0
0
-0.667174
-0.831076
0
0
0
0
0
0
0
0
0
0
0
0
0
0
-0.516846
-0.670925
0
0
0
0
0
0
0
0
0
0
0
0
0
0
-0.459737
-0.57988
0
0
0
0
0
0
0
0
0
0
0
0
0
0
-0.463534
-0.565474
0
0
0
0
0
0
0
0
0
0
0
0
0
0
-0.523979
-0.706086
-0.164406
0
0
0
0
0
0
0
0
0
0
0
0
0
-0.611909
-0.904534
-0.431709
0
0
0
0
0
0
0
0
0
0
0
0
0
-0.683481
-1.10496
-0.697935
0
0
0
0
0
0
0
0
0
0
0
0
0
-0.757808
-1.28171
-0.925063
0
0
0
0
0
0
0
0
0
0
0
0
0
-0.837084
-1.42444
-1.13231
-0.0442348
0
0
0
0
0
0
0
0
0
0
0
0
-0.914841
-1.54813
-1.306
-0.217768
0
0
0
0
0
0
0
0
0
0
0
0
-1.01462
-1.65036
-1.5047
-0.559409
0
0
0
0
0
0
0
0
0
0
0
0
-1.10959
-1.74187
-1.67745
-0.840373
0
0
0
0
0
0
0
0
0
0
0
0
-1.19586
-1.78598
-1.83398
-1.12856
0
0
0
0
0
0
0
0
0
0
0
0
-1.27518
-1.82533
-1.96975
-1.35257
0
0
0
0
0
0
0
0
0
0
0
-0.116068
-1.30794
-1.80493
-2.0193
-1.46913
0
0
0
0
0
0
0
0
0
0
0
-0.200232
-1.33381
-1.78172
-2.05984
-1.55836
-0.300864
0
0
0
0
0
0
0
0
0
0
-0.121222
-1.29331
-1.72682
-2.0164
-1.54593
-0.276859
0
0
0
0
0
0
0
0
0
0
0
-1.24013
-1.66644
-1.96534
-1.52535
-0.232066
0
0
0
0
0
0
0
0
0
0
0
-1.1223
-1.59011
-1.87121
-1.45939
-0.116765
0
0
0
0
0
0
0
0
0
0
0
-0.984305
-1.50164
-1.76509
-1.39627
-0.010974
0
0
0
0
0
0
0
0
0
0
0
-0.801189
-1.38131
-1.64725
-1.33045
0
0
0
0
0
0
0
0
0
0
0
0
-0.595418
-1.23812
-1.52552
-1.26377
0
0
0
0
0
0
0
0
0
0
0
0
-0.355423
-1.0629
-1.41678
-1.19932
0
0
0
0
0
0
0
0
0
0
0
0
0
-0.888466
-1.31358
-1.12543
0
0
0
0
0
0
0
0
0
0
0
0
0
-0.714489
-1.24715
-1.04082
0
0
0
0
0
0
0
0
0
0
0
0
0
-0.536394
-1.21711
-0.934669
0
0
0
0
0
0
0
0
0
0
0
0
0
0
-1.20856
-0.826333
0
0
0
0
0
0
0
0
0
0
0
0
0
0
-1.16352
-0.718418
0
0
0
0
0
0
0
0
0
0
0
0
0
0
-1.04373
-0.541886
0
0
0
0
0
0
0
0
0
0
0
0
0
0
-0.897846
0
0
0
0
0
0
0
0
0
0
0
0
0
0
0
0
0
0
0
0
0
0
0
0
0
0
0
0
0
0
0
0
0
0
0
0
0
0
0
0
0
0
0
0
0
0
0
0
0
0
0
0
0
0
0
0
0
0
0
0
0
0
0
0
0
0
0
0
0
0
0
0
0
0
0
0
0
0
0
0
0
0
0
0
0
0
0
0
0
0
0
0
0
0
0
0
0
0
0
0
0
0
0
0
0
0
0
0
0
0
0
0
0
0
0
0
0
0
0
0
0
0
0
0
0
-1.65402
-1.28002
0
0
0
0
0
0
0
0
0
0
0
0
0
0
-1.47083
-1.16867
0
0
0
0
0
0
0
0
0
0
0
0
0
0
-1.18935
-1.12281
0
0
0
0
0
0
0
0
0
0
0
0
0
0
-0.938327
-1.07681
0
0
0
0
0
0
0
0
0
0
0
0
0
0
-0.764863
-0.954197
0
0
0
0
0
0
0
0
0
0
0
0
0
0
-0.543324
-0.727364
0
0
0
0
0
0
0
0
0
0
0
0
0
0
-0.376547
-0.555993
0
0
0
0
0
0
0
0
0
0
0
0
0
0
-0.281692
-0.465961
0
0
0
0
0
0
0
0
0
0
0
0
0
0
-0.322186
-0.574099
-0.0703095
0
0
0
0
0
0
0
0
0
0
0
0
0
-0.436366
-0.759049
-0.323817
0
0
0
0
0
0
0
0
0
0
0
0
0
-0.589543
-0.978164
-0.598923
0
0
0
0
0
0
0
0
0
0
0
0
0
-0.743331
-1.17835
-0.831702
0
0
0
0
0
0
0
0
0
0
0
0
0
-0.899754
-1.35905
-1.06171
0
0
0
0
0
0
0
0
0
0
0
0
0
-1.03988
-1.51411
-1.25829
-0.181307
0
0
0
0
0
0
0
0
0
0
0
0
-1.17191
-1.64014
-1.48673
-0.566885
0
0
0
0
0
0
0
0
0
0
0
0
-1.29021
-1.75034
-1.68288
-0.877112
0
0
0
0
0
0
0
0
0
0
0
0
-1.37536
-1.80513
-1.85551
-1.17581
0
0
0
0
0
0
0
0
0
0
0
-0.188078
-1.45222
-1.85483
-2.00172
-1.40315
0
0
0
0
0
0
0
0
0
0
0
-0.281205
-1.47481
-1.84773
-2.06119
-1.51897
0
0
0
0
0
0
0
0
0
0
0
-0.352144
-1.49109
-1.83965
-2.10876
-1.60155
0
0
0
0
0
0
0
0
0
0
0
-0.262662
-1.44331
-1.80526
-2.07833
-1.59249
0
0
0
0
0
0
0
0
0
0
0
-0.147849
-1.38362
-1.76581
-2.04163
-1.57293
0
0
0
0
0
0
0
0
0
0
0
0
-1.26502
-1.70473
-1.96241
-1.51445
0
0
0
0
0
0
0
0
0
0
0
0
-1.12338
-1.62878
-1.87472
-1.45939
0
0
0
0
0
0
0
0
0
0
0
0
-0.934984
-1.51342
-1.76248
-1.39688
0
0
0
0
0
0
0
0
0
0
0
0
-0.719807
-1.37328
-1.63905
-1.34132
0
0
0
0
0
0
0
0
0
0
0
0
-0.475915
-1.18549
-1.52119
-1.28037
0
0
0
0
0
0
0
0
0
0
0
0
0
-0.984123
-1.40919
-1.20003
0
0
0
0
0
0
0
0
0
0
0
0
0
-0.786004
-1.32059
-1.10303
0
0
0
0
0
0
0
0
0
0
0
0
0
-0.599247
-1.25374
-0.977095
0
0
0
0
0
0
0
0
0
0
0
0
0
-0.412349
-1.22357
-0.826154
0
0
0
0
0
0
0
0
0
0
0
0
0
0
-1.1766
-0.690071
0
0
0
0
0
0
0
0
0
0
0
0
0
0
-1.05976
-0.520385
0
0
0
0
0
0
0
0
0
0
0
0
0
0
-0.866117
0
0
0
0
0
0
0
0
0
0
0
0
0
0
0
-0.677531
0
0
0
0
0
0
0
0
0
0
0
0
0
0
0
0
0
0
0
0
0
0
0
0
0
0
0
0
0
0
0
0
0
0
0
0
0
0
0
0
0
0
0
0
0
0
0
0
0
0
0
0
0
0
0
0
0
0
0
0
0
0
0
0
0
0
0
0
0
0
0
0
0
0
0
0
0
0
0
0
0
0
0
0
0
0
0
0
0
0
0
0
0
0
-1.32792
0
0
0
0
0
0
0
0
0
0
0
0
0
0
-1.59367
-1.23915
0
0
0
0
0
0
0
0
0
0
0
0
0
0
-1.37906
-1.19552
0
0
0
0
0
0
0
0
0
0
0
0
0
0
-1.15349
-1.21256
0
0
0
0
0
0
0
0
0
0
0
0
0
0
-0.969671
-1.15881
0
0
0
0
0
0
0
0
0
0
0
0
0
0
-0.79835
-1.00214
0
0
0
0
0
0
0
0
0
0
0
0
0
0
-0.525526
-0.742744
0
0
0
0
0
0
0
0
0
0
0
0
0
0
-0.298106
-0.536252
0
0
0
0
0
0
0
0
0
0
0
0
0
0
-0.148504
-0.403037
0
0
0
0
0
0
0
0
0
0
0
0
0
0
-0.197394
-0.47745
0
0
0
0
0
0
0
0
0
0
0
0
0
0
-0.349697
-0.640633
-0.242853
0
0
0
0
0
0
0
0
0
0
0
0
0
-0.574432
-0.880125
-0.530925
0
0
0
0
0
0
0
0
0
0
0
0
0
-0.785974
-1.10467
-0.777801
0
0
0
0
0
0
0
0
0
0
0
0
0
-0.994706
-1.31773
-1.03535
0
0
0
0
0
0
0
0
0
0
0
0
0
-1.17518
-1.49691
-1.25827
-0.203296
0
0
0
0
0
0
0
0
0
0
0
0
-1.32706
-1.6404
-1.50661
-0.611308
0
0
0
0
0
0
0
0
0
0
0
0
-1.45884
-1.76519
-1.71764
-0.939289
0
0
0
0
0
0
0
0
0
0
0
-0.140779
-1.54144
-1.82957
-1.89773
-1.24653
0
0
0
0
0
0
0
0
0
0
0
-0.310181
-1.61513
-1.88784
-2.04702
-1.47555
0
0
0
0
0
0
0
0
0
0
0
-0.38792
-1.62874
-1.89266
-2.11228
-1.59533
0
0
0
0
0
0
0
0
0
0
0
-0.446045
-1.63641
-1.89688
-2.16164
-1.67314
0
0
0
0
0
0
0
0
0
0
0
-0.35174
-1.58077
-1.87771
-2.13872
-1.66938
0
0
0
0
0
0
0
0
0
0
0
-0.229853
-1.51296
-1.85493
-2.10817
-1.64994
0
0
0
0
0
0
0
0
0
0
0
0
-1.3904
-1.8059
-2.03442
-1.59534
0
0
0
0
0
0
0
0
0
0
0
0
-1.24537
-1.73918
-1.95606
-1.54291
0
0
0
0
0
0
0
0
0
0
0
0
-1.05398
-1.62362
-1.85139
-1.47636
0
0
0
0
0
0
0
0
0
0
0
0
-0.826803
-1.48235
-1.73751
-1.42064
0
0
0
0
0
0
0
0
0
0
0
0
-0.564914
-1.29027
-1.61854
-1.36035
0
0
0
0
0
0
0
0
0
0
0
0
-0.272295
-1.07029
-1.50234
-1.28378
0
0
0
0
0
0
0
0
0
0
0
0
0
-0.839508
-1.40545
-1.17685
0
0
0
0
0
0
0
0
0
0
0
0
0
-0.626353
-1.3067
-1.04258
0
0
0
0
0
0
0
0
0
0
0
0
0
-0.424786
-1.2365
-0.870484
0
0
0
0
0
0
0
0
0
0
0
0
0
0
-1.1697
-0.703803
-0.0485525
-0.111328
0
0
0
0
0
0
0
0
0
0
0
0
-1.04606
-0.536732
0
-0.132838
0
0
0
0
0
0
0
0
0
0
0
0
-0.838546
0
0
0
0
0
0
0
0
0
0
0
0
0
0
0
0
0
0
0
0
0
0
0
0
0
0
0
0
0
0
0
0
0
0
0
0
0
0
0
0
0
0
0
0
0
0
0
0
0
0
0
0
0
0
0
0
0
0
0
0
0
0
0
0
0
0
0
0
0
0
0
0
0
0
0
0
0
0
0
0
0
0
0
0
0
0
0
0
0
0
0
0
0
0
0
0
0
0
0
0
0
0
0
0
0
0
0
0
0
-1.55344
-1.26738
0
0
0
0
0
0
0
0
0
0
0
0
0
0
-1.47329
-1.19178
0
0
0
0
0
0
0
0
0
0
0
0
0
0
-1.26656
-1.21989
0
0
0
0
0
0
0
0
0
0
0
0
0
0
-1.11058
-1.26605
-0.325707
0
0
0
0
0
0
0
0
0
0
0
0
0
-0.970096
-1.19099
-0.208928
0
0
0
0
0
0
0
0
0
0
0
0
0
-0.785803
-1.01415
0
0
0
0
0
0
0
0
0
0
0
0
0
0
-0.483618
-0.743569
0
0
0
0
0
0
0
0
0
0
0
0
0
0
-0.230663
-0.527053
0
0
0
0
0
0
0
0
0
0
0
0
0
0
0
-0.362108
0
0
0
0
0
0
0
0
0
0
0
0
0
0
-0.142079
-0.401354
0
0
0
0
0
0
0
0
0
0
0
0
0
0
-0.330918
-0.545349
-0.180329
0
0
0
0
0
0
0
0
0
0
0
0
0
-0.608449
-0.806917
-0.492272
0
0
0
0
0
0
0
0
0
0
0
0
0
-0.85994
-1.05162
-0.766206
0
0
0
0
0
0
0
0
0
0
0
0
0
-1.10428
-1.29197
-1.05353
0
0
0
0
0
0
0
0
0
0
0
0
0
-1.31005
-1.49362
-1.3022
-0.277802
0
0
0
0
0
0
0
0
0
0
0
0
-1.47241
-1.65403
-1.56185
-0.68892
0
0
0
0
0
0
0
0
0
0
0
-0.0743468
-1.6103
-1.79288
-1.78154
-1.0236
0
0
0
0
0
0
0
0
0
0
0
-0.247761
-1.689
-1.86708
-1.96324
-1.33648
0
0
0
0
0
0
0
0
0
0
0
-0.396303
-1.75921
-1.93283
-2.11079
-1.56525
0
0
0
0
0
0
0
0
0
0
0
-0.457321
-1.76553
-1.94779
-2.17911
-1.69408
0
0
0
0
0
0
0
0
0
0
0
-0.501884
-1.76677
-1.96059
-2.2269
-1.77014
0
0
0
0
0
0
0
0
0
0
0
-0.405337
-1.70532
-1.94984
-2.20816
-1.77579
0
0
0
0
0
0
0
0
0
0
0
-0.281434
-1.63077
-1.93586
-2.17933
-1.75726
0
0
0
0
0
0
0
0
0
0
0
-0.0357742
-1.50247
-1.89245
-2.10594
-1.70379
0
0
0
0
0
0
0
0
0
0
0
0
-1.35111
-1.83309
-2.0291
-1.64882
0
0
0
0
0
0
0
0
0
0
0
0
-1.15635
-1.71884
-1.9249
-1.57315
0
0
0
0
0
0
0
0
0
0
0
0
-0.921902
-1.57411
-1.82009
-1.5097
0
0
0
0
0
0
0
0
0
0
0
0
-0.644074
-1.3774
-1.70833
-1.43961
0
0
0
0
0
0
0
0
0
0
0
0
-0.329449
-1.14839
-1.59087
-1.36562
0
0
0
0
0
0
0
0
0
0
0
0
0
-0.891112
-1.48858
-1.25635
0
0
0
0
0
0
0
0
0
0
0
0
0
-0.641994
-1.37112
-1.11547
-0.0640624
0
0
0
0
0
0
0
0
0
0
0
0
-0.412922
-1.25801
-0.93871
-0.152473
-0.0779677
0
0
0
0
0
0
0
0
0
0
0
0
-1.1571
-0.751613
-0.197302
-0.175045
0
0
0
0
0
0
0
0
0
0
0
0
-1.01375
-0.580244
-0.227346
-0.195182
0
0
0
0
0
0
0
0
0
0
0
0
-0.799688
-0.416555
-0.237451
-0.124911
0
0
0
0
0
0
0
0
0
0
0
0
0
0
0
0
0
0
0
0
0
0
0
0
0
0
0
0
0
0
0
0
0
0
0
0
0
0
0
0
0
0
0
0
0
0
0
0
0
0
0
0
0
0
0
0
0
0
0
0
0
0
0
0
0
0
0
0
0
0
0
0
0
0
0
0
0
0
0
0
0
0
0
0
0
0
0
0
0
0
0
0
0
0
0
0
0
0
0
0
0
0
0
0
0
0
0
-1.15214
0
0
0
0
0
0
0
0
0
0
0
0
0
0
-1.29296
-1.11727
0
0
0
0
0
0
0
0
0
0
0
0
0
0
-1.12311
-1.2039
0
0
0
0
0
0
0
0
0
0
0
0
0
0
-1.03038
-1.25606
-0.267123
0
0
0
0
0
0
0
0
0
0
0
0
0
-0.913008
-1.16544
-0.13641
0
0
0
0
0
0
0
0
0
0
0
0
0
-0.721146
-0.985151
0
0
0
0
0
0
0
0
0
0
0
0
0
0
-0.419825
-0.728253
0
0
0
0
0
0
0
0
0
0
0
0
0
0
-0.182809
-0.528652
0
0
0
0
0
0
0
0
0
0
0
0
0
0
0
-0.362437
0
0
0
0
0
0
0
0
0
0
0
0
0
0
-0.162175
-0.392471
0
0
0
0
0
0
0
0
0
0
0
0
0
0
-0.374365
-0.531029
-0.172575
0
0
0
0
0
0
0
0
0
0
0
0
0
-0.675121
-0.801451
-0.511162
0
0
0
0
0
0
0
0
0
0
0
0
0
-0.943727
-1.05281
-0.811521
0
0
0
0
0
0
0
0
0
0
0
0
0
-1.20127
-1.30547
-1.11678
0
0
0
0
0
0
0
0
0
0
0
0
0
-1.41421
-1.51993
-1.38222
-0.401222
0
0
0
0
0
0
0
0
0
0
0
0
-1.5758
-1.68783
-1.64317
-0.802993
0
0
0
0
0
0
0
0
0
0
0
-0.1572
-1.71229
-1.8328
-1.86457
-1.13621
0
0
0
0
0
0
0
0
0
0
0
-0.305237
-1.78521
-1.91206
-2.04507
-1.4513
0
0
0
0
0
0
0
0
0
0
0
-0.434173
-1.8507
-1.98069
-2.18845
-1.67758
0
0
0
0
0
0
0
0
0
0
0
-0.480204
-1.8517
-2.00366
-2.25975
-1.8164
0
0
0
0
0
0
0
0
0
0
0
-0.51233
-1.84855
-2.02201
-2.30505
-1.89068
0
0
0
0
0
0
0
0
0
0
0
-0.416231
-1.78479
-2.01545
-2.28805
-1.9048
0
0
0
0
0
0
0
0
0
0
0
-0.29453
-1.70785
-2.00428
-2.25778
-1.88453
0
0
0
0
0
0
0
0
0
0
0
-0.0609092
-1.57617
-1.95887
-2.18188
-1.8288
0
0
0
0
0
0
0
0
0
0
0
0
-1.41843
-1.90077
-2.10357
-1.76598
0
0
0
0
0
0
0
0
0
0
0
0
-1.21585
-1.78752
-1.99828
-1.67775
0
0
0
0
0
0
0
0
0
0
0
0
-0.972656
-1.64131
-1.90001
-1.60309
0
0
0
0
0
0
0
0
0
0
0
0
-0.681529
-1.43947
-1.80059
-1.51866
0
0
0
0
0
0
0
0
0
0
0
0
-0.341529
-1.20502
-1.69125
-1.44058
0
0
0
0
0
0
0
0
0
0
0
0
0
-0.933694
-1.58477
-1.33318
-0.0505
0
0
0
0
0
0
0
0
0
0
0
0
-0.653637
-1.45799
-1.19062
-0.175613
0
0
0
0
0
0
0
0
0
0
0
0
-0.394424
-1.31207
-1.01537
-0.280925
-0.073703
0
0
0
0
0
0
0
0
0
0
0
0
-1.17333
-0.823395
-0.334429
-0.183787
0
0
0
0
0
0
0
0
0
0
0
0
-1.00657
-0.646868
-0.360791
-0.21391
0
0
0
0
0
0
0
0
0
0
0
0
-0.787261
-0.503292
-0.354096
-0.146587
0
0
0
0
0
0
0
0
0
0
0
0
0
0
-0.344494
0
0
0
0
0
0
0
0
0
0
0
0
0
0
0
0
0
0
0
0
0
0
0
0
0
0
0
0
0
0
0
0
0
0
0
0
0
0
0
0
0
0
0
0
0
0
0
0
0
0
0
0
0
0
0
0
0
0
0
0
0
0
0
0
0
0
0
0
0
0
0
0
0
0
0
0
0
0
0
0
0
0
0
0
0
0
0
0
0
0
0
0
-0.991278
0
0
0
0
0
0
0
0
0
0
0
0
0
0
-1.04502
-1.00533
0
0
0
0
0
0
0
0
0
0
0
0
0
0
-0.924889
-1.1321
0
0
0
0
0
0
0
0
0
0
0
0
0
0
-0.883144
-1.1808
0
0
0
0
0
0
0
0
0
0
0
0
0
0
-0.781696
-1.08513
0
0
0
0
0
0
0
0
0
0
0
0
0
0
-0.60027
-0.916306
0
0
0
0
0
0
0
0
0
0
0
0
0
0
-0.333435
-0.693252
0
0
0
0
0
0
0
0
0
0
0
0
0
0
-0.155989
-0.533043
0
0
0
0
0
0
0
0
0
0
0
0
0
0
-0.0923956
-0.403192
0
0
0
0
0
0
0
0
0
0
0
0
0
0
-0.249152
-0.457436
0
0
0
0
0
0
0
0
0
0
0
0
0
0
-0.472963
-0.604991
-0.22842
0
0
0
0
0
0
0
0
0
0
0
0
0
-0.770853
-0.86914
-0.589746
0
0
0
0
0
0
0
0
0
0
0
0
0
-1.03534
-1.11487
-0.910007
0
0
0
0
0
0
0
0
0
0
0
0
0
-1.2862
-1.36321
-1.21947
0
0
0
0
0
0
0
0
0
0
0
0
0
-1.4927
-1.57793
-1.49164
-0.560772
0
0
0
0
0
0
0
0
0
0
0
-0.060029
-1.64653
-1.74184
-1.74313
-0.938511
0
0
0
0
0
0
0
0
0
0
0
-0.197017
-1.77741
-1.88368
-1.95776
-1.25854
0
0
0
0
0
0
0
0
0
0
0
-0.318409
-1.84359
-1.96273
-2.13289
-1.57028
0
0
0
0
0
0
0
0
0
0
0
-0.42594
-1.90319
-2.02961
-2.26898
-1.79048
0
0
0
0
0
0
0
0
0
0
0
-0.456603
-1.89955
-2.0591
-2.34371
-1.94084
0
0
0
0
0
0
0
0
0
0
0
-0.475912
-1.89216
-2.08119
-2.38681
-2.0143
0
0
0
0
0
0
0
0
0
0
0
-0.383193
-1.82694
-2.07674
-2.37102
-2.03774
0
0
0
0
0
0
0
0
0
0
0
-0.267249
-1.74908
-2.06529
-2.33815
-2.01533
0
0
0
0
0
0
0
0
0
0
0
-0.0523723
-1.6151
-2.01278
-2.25894
-1.95737
0
0
0
0
0
0
0
0
0
0
0
0
-1.45182
-1.94951
-2.1788
-1.88599
0
0
0
0
0
0
0
0
0
0
0
0
-1.23752
-1.8328
-2.07448
-1.78554
0
0
0
0
0
0
0
0
0
0
0
0
-0.979691
-1.68529
-1.98231
-1.69909
0
0
0
0
0
0
0
0
0
0
0
0
-0.673144
-1.47986
-1.89497
-1.60028
0
0
0
0
0
0
0
0
0
0
0
0
-0.306129
-1.23956
-1.79937
-1.51402
-0.0378454
0
0
0
0
0
0
0
0
0
0
0
0
-0.961491
-1.6917
-1.40637
-0.1454
0
0
0
0
0
0
0
0
0
0
0
0
-0.659757
-1.55854
-1.26778
-0.27852
0
0
0
0
0
0
0
0
0
0
0
0
-0.371757
-1.39075
-1.09629
-0.399986
0
0
0
0
0
0
0
0
0
0
0
0
0
-1.21807
-0.91068
-0.461004
-0.133445
0
0
0
0
0
0
0
0
0
0
0
0
-1.02743
-0.734669
-0.491655
-0.186349
0
0
0
0
0
0
0
0
0
0
0
0
-0.803095
-0.605842
-0.473132
-0.143275
0
0
0
0
0
0
0
0
0
0
0
0
0
-0.442284
-0.468658
0
0
0
0
0
0
0
0
0
0
0
0
0
0
0
-0.384869
0
0
0
0
0
0
0
0
0
0
0
0
0
0
0
0
0
0
0
0
0
0
0
0
0
0
0
0
0
0
0
0
0
0
0
0
0
0
0
0
0
0
0
0
0
0
0
0
0
0
0
0
0
0
0
0
0
0
0
0
0
0
0
0
0
0
0
0
0
0
0
0
0
0
0
0
0
0
0
0
0
0
0
0
0
0
0
0
0
0
0
0
-0.876182
0
0
0
0
0
0
0
0
0
0
0
0
0
0
-0.712706
-1.02842
0
0
0
0
0
0
0
0
0
0
0
0
0
0
-0.710407
-1.07429
0
0
0
0
0
0
0
0
0
0
0
0
0
0
-0.627006
-0.983769
0
0
0
0
0
0
0
0
0
0
0
0
0
0
-0.472574
-0.838274
0
0
0
0
0
0
0
0
0
0
0
0
0
0
-0.262057
-0.661483
0
0
0
0
0
0
0
0
0
0
0
0
0
0
-0.160551
-0.552193
0
0
0
0
0
0
0
0
0
0
0
0
0
0
-0.171785
-0.477199
0
0
0
0
0
0
0
0
0
0
0
0
0
0
-0.354862
-0.562508
0
0
0
0
0
0
0
0
0
0
0
0
0
0
-0.578025
-0.716375
-0.312213
0
0
0
0
0
0
0
0
0
0
0
0
0
-0.859561
-0.962453
-0.68419
0
0
0
0
0
0
0
0
0
0
0
0
0
-1.10892
-1.19441
-1.01521
0
0
0
0
0
0
0
0
0
0
0
0
0
-1.34398
-1.42922
-1.32279
0
0
0
0
0
0
0
0
0
0
0
0
0
-1.53892
-1.6367
-1.59694
-0.724797
0
0
0
0
0
0
0
0
0
0
0
-0.0868174
-1.68203
-1.79112
-1.8372
-1.07656
0
0
0
0
0
0
0
0
0
0
0
-0.20371
-1.80521
-1.92535
-2.04293
-1.3784
0
0
0
0
0
0
0
0
0
0
0
-0.300213
-1.86362
-2.00109
-2.21227
-1.68085
0
0
0
0
0
0
0
0
0
0
0
-0.387131
-1.91604
-2.06352
-2.34095
-1.89107
0
0
0
0
0
0
0
0
0
0
0
-0.406165
-1.90836
-2.09782
-2.41967
-2.05156
0
0
0
0
0
0
0
0
0
0
0
-0.416237
-1.89697
-2.12208
-2.46146
-2.12407
0
0
0
0
0
0
0
0
0
0
0
-0.332643
-1.83154
-2.11933
-2.44686
-2.15597
0
0
0
0
0
0
0
0
0
0
0
-0.228767
-1.75416
-2.10726
-2.41125
-2.13048
0
0
0
0
0
0
0
0
0
0
0
-0.0390722
-1.61995
-2.04817
-2.32793
-2.06875
0
0
0
0
0
0
0
0
0
0
0
0
-1.45496
-1.9791
-2.24465
-1.98733
0
0
0
0
0
0
0
0
0
0
0
0
-1.23186
-1.85791
-2.14015
-1.87342
0
0
0
0
0
0
0
0
0
0
0
0
-0.960807
-1.71024
-2.05111
-1.773
0
0
0
0
0
0
0
0
0
0
0
0
-0.640215
-1.50517
-1.97028
-1.65852
0
0
0
0
0
0
0
0
0
0
0
0
-0.251343
-1.26163
-1.88523
-1.56144
-0.106469
0
0
0
0
0
0
0
0
0
0
0
0
-0.980818
-1.77821
-1.44945
-0.208736
0
0
0
0
0
0
0
0
0
0
0
0
-0.66742
-1.6398
-1.31614
-0.34667
0
0
0
0
0
0
0
0
0
0
0
0
-0.357293
-1.45937
-1.14948
-0.484839
0
0
0
0
0
0
0
0
0
0
0
0
0
-1.26303
-0.973701
-0.556466
-0.0638085
0
0
0
0
0
0
0
0
0
0
0
0
-1.05432
-0.803309
-0.595761
-0.147427
0
0
0
0
0
0
0
0
0
0
0
0
-0.829233
-0.684594
-0.572708
-0.135754
0
0
0
0
0
0
0
0
0
0
0
0
-0.467137
-0.554629
-0.569347
-0.0979935
0
0
0
0
0
0
0
0
0
0
0
0
0
0
-0.503115
0
0
0
0
0
0
0
0
0
0
0
0
0
0
0
0
0
0
0
0
0
0
0
0
0
0
0
0
0
0
0
0
0
0
0
0
0
0
0
0
0
0
0
0
0
0
0
0
0
0
0
0
0
0
0
0
0
0
0
0
0
0
0
0
0
0
0
0
0
0
0
0
0
0
0
0
0
0
0
0
0
0
0
0
0
0
0
0
0
0
0
0
-0.679383
0
0
0
0
0
0
0
0
0
0
0
0
0
0
0
-0.852237
0
0
0
0
0
0
0
0
0
0
0
0
0
0
-0.477522
-0.904989
0
0
0
0
0
0
0
0
0
0
0
0
0
0
-0.430469
-0.835349
0
0
0
0
0
0
0
0
0
0
0
0
0
0
-0.331638
-0.732069
0
0
0
0
0
0
0
0
0
0
0
0
0
0
-0.210861
-0.624556
0
0
0
0
0
0
0
0
0
0
0
0
0
0
-0.204101
-0.59134
0
0
0
0
0
0
0
0
0
0
0
0
0
0
-0.291862
-0.597019
0
0
0
0
0
0
0
0
0
0
0
0
0
0
-0.486328
-0.719346
-0.0932803
0
0
0
0
0
0
0
0
0
0
0
0
0
-0.695633
-0.877696
-0.43213
0
0
0
0
0
0
0
0
0
0
0
0
0
-0.942395
-1.09291
-0.796762
0
0
0
0
0
0
0
0
0
0
0
0
0
-1.1616
-1.29859
-1.12503
0
0
0
0
0
0
0
0
0
0
0
0
0
-1.36814
-1.50464
-1.41978
-0.562756
0
0
0
0
0
0
0
0
0
0
0
0
-1.54297
-1.69212
-1.68657
-0.880978
0
0
0
0
0
0
0
0
0
0
0
-0.0641588
-1.6682
-1.8269
-1.91012
-1.20627
0
0
0
0
0
0
0
0
0
0
0
-0.155653
-1.77756
-1.94495
-2.10194
-1.486
0
0
0
0
0
0
0
0
0
0
0
-0.226541
-1.82385
-2.01136
-2.26405
-1.77219
0
0
0
0
0
0
0
0
0
0
0
-0.291722
-1.86496
-2.06431
-2.38484
-1.96752
0
0
0
0
0
0
0
0
0
0
0
-0.305002
-1.85371
-2.10152
-2.46868
-2.13147
0
0
0
0
0
0
0
0
0
0
0
-0.311903
-1.83886
-2.12678
-2.51101
-2.19969
0
0
0
0
0
0
0
0
0
0
0
-0.248652
-1.77674
-2.12668
-2.49844
-2.23535
0
0
0
0
0
0
0
0
0
0
0
-0.169212
-1.70323
-2.11528
-2.4614
-2.20454
0
0
0
0
0
0
0
0
0
0
0
0
-1.57153
-2.05206
-2.37525
-2.13789
0
0
0
0
0
0
0
0
0
0
0
0
-1.40854
-1.9792
-2.28985
-2.04656
0
0
0
0
0
0
0
0
0
0
0
0
-1.17885
-1.85489
-2.18687
-1.92064
0
0
0
0
0
0
0
0
0
0
0
0
-0.896172
-1.70824
-2.10156
-1.80731
0
0
0
0
0
0
0
0
0
0
0
0
-0.560477
-1.50687
-2.02553
-1.67836
0
0
0
0
0
0
0
0
0
0
0
0
-0.150541
-1.26444
-1.94789
-1.57079
-0.122386
0
0
0
0
0
0
0
0
0
0
0
0
-0.984376
-1.84169
-1.45286
-0.225946
0
0
0
0
0
0
0
0
0
0
0
0
-0.668394
-1.69934
-1.32437
-0.372804
0
0
0
0
0
0
0
0
0
0
0
0
-0.347489
-1.51203
-1.16523
-0.530263
0
0
0
0
0
0
0
0
0
0
0
0
0
-1.30361
-1.00202
-0.617723
0
0
0
0
0
0
0
0
0
0
0
0
0
-1.08838
-0.844831
-0.669962
-0.0875136
0
0
0
0
0
0
0
0
0
0
0
0
-0.871942
-0.738952
-0.6506
-0.115518
0
0
0
0
0
0
0
0
0
0
0
0
-0.53557
-0.640594
-0.650439
-0.11421
0
0
0
0
0
0
0
0
0
0
0
0
0
-0.475956
-0.597695
0
0
0
0
0
0
0
0
0
0
0
0
0
0
0
0
0
0
0
0
0
0
0
0
0
0
0
0
0
0
0
0
0
0
0
0
0
0
0
0
0
0
0
0
0
0
0
0
0
0
0
0
0
0
0
0
0
0
0
0
0
0
0
0
0
0
0
0
0
0
0
0
0
0
0
0
0
0
0
0
0
0
0
0
0
0
0
0
0
0
0
0
0
0
0
0
0
0
0
0
0
0
0
0
0
0
0
0
-0.646758
0
0
0
0
0
0
0
0
0
0
0
0
0
0
0
-0.715069
0
0
0
0
0
0
0
0
0
0
0
0
0
0
0
-0.676528
0
0
0
0
0
0
0
0
0
0
0
0
0
0
0
-0.624321
0
0
0
0
0
0
0
0
0
0
0
0
0
0
-0.180283
-0.591569
0
0
0
0
0
0
0
0
0
0
0
0
0
0
-0.257701
-0.633189
0
0
0
0
0
0
0
0
0
0
0
0
0
0
-0.403051
-0.70882
0
0
0
0
0
0
0
0
0
0
0
0
0
0
-0.601237
-0.85702
-0.205394
0
0
0
0
0
0
0
0
0
0
0
0
0
-0.796147
-1.01592
-0.54612
0
0
0
0
0
0
0
0
0
0
0
0
0
-1.00998
-1.20398
-0.895389
0
0
0
0
0
0
0
0
0
0
0
0
0
-1.19971
-1.38502
-1.21369
0
0
0
0
0
0
0
0
0
0
0
0
0
-1.37747
-1.56335
-1.49126
-0.6888
0
0
0
0
0
0
0
0
0
0
0
0
-1.53118
-1.72982
-1.74574
-0.995466
0
0
0
0
0
0
0
0
0
0
0
-0.0276499
-1.63682
-1.84458
-1.95043
-1.28923
0
0
0
0
0
0
0
0
0
0
0
-0.090613
-1.7302
-1.94537
-2.12583
-1.53999
0
0
0
0
0
0
0
0
0
0
0
-0.133803
-1.76264
-2.00111
-2.27912
-1.80349
0
0
0
0
0
0
0
0
0
0
0
-0.17447
-1.79069
-2.04376
-2.39149
-1.98024
0
0
0
0
0
0
0
0
0
0
0
-0.183811
-1.77594
-2.08313
-2.48083
-2.14667
0
0
0
0
0
0
0
0
0
0
0
-0.1897
-1.75794
-2.1095
-2.52538
-2.21323
0
0
0
0
0
0
0
0
0
0
0
-0.153106
-1.70101
-2.11319
-2.51701
-2.25612
0
0
0
0
0
0
0
0
0
0
0
-0.104205
-1.63318
-2.10397
-2.48141
-2.22534
0
0
0
0
0
0
0
0
0
0
0
0
-1.50606
-2.03944
-2.39534
-2.15904
0
0
0
0
0
0
0
0
0
0
0
0
-1.34766
-1.96549
-2.31033
-2.06374
0
0
0
0
0
0
0
0
0
0
0
0
-1.11493
-1.84027
-2.21026
-1.93174
0
0
0
0
0
0
0
0
0
0
0
0
-0.825697
-1.69562
-2.12882
-1.81099
0
0
0
0
0
0
0
0
0
0
0
0
-0.479002
-1.49893
-2.05629
-1.6726
0
0
0
0
0
0
0
0
0
0
0
0
-0.054116
-1.25992
-1.98278
-1.55812
-0.115338
0
0
0
0
0
0
0
0
0
0
0
0
-0.981752
-1.8761
-1.43588
-0.226016
0
0
0
0
0
0
0
0
0
0
0
0
-0.666495
-1.73037
-1.31146
-0.383255
0
0
0
0
0
0
0
0
0
0
0
0
-0.34035
-1.53824
-1.16076
-0.556518
0
0
0
0
0
0
0
0
0
0
0
0
0
-1.32411
-1.00988
-0.657575
0
0
0
0
0
0
0
0
0
0
0
0
0
-1.10805
-0.867809
-0.720369
-0.0186529
0
0
0
0
0
0
0
0
0
0
0
0
-0.901509
-0.77468
-0.706057
-0.0832758
0
0
0
0
0
0
0
0
0
0
0
0
-0.589919
-0.700408
-0.708671
-0.11598
0
0
0
0
0
0
0
0
0
0
0
0
0
-0.559806
-0.663953
0
0
0
0
0
0
0
0
0
0
0
0
0
0
0
-0.490304
0
0
0
0
0
0
0
0
0
0
0
0
0
0
0
0
0
0
0
0
0
0
0
0
0
0
0
0
0
0
0
0
0
0
0
0
0
0
0
0
0
0
0
0
0
0
0
0
0
0
0
0
0
0
0
0
0
0
0
0
0
0
0
0
0
0
0
0
0
0
0
0
0
0
0
0
0
0
0
0
0
0
0
0
0
0
0
0
0
0
0
0
0
0
0
0
0
0
0
0
0
0
0
0
0
0
0
0
-0.489113
0
0
0
0
0
0
0
0
0
0
0
0
0
0
0
-0.497744
0
0
0
0
0
0
0
0
0
0
0
0
0
0
0
-0.511447
0
0
0
0
0
0
0
0
0
0
0
0
0
0
-0.190858
-0.564926
0
0
0
0
0
0
0
0
0
0
0
0
0
0
-0.329945
-0.682834
0
0
0
0
0
0
0
0
0
0
0
0
0
0
-0.510755
-0.820122
0
0
0
0
0
0
0
0
0
0
0
0
0
0
-0.700977
-0.98344
-0.338318
0
0
0
0
0
0
0
0
0
0
0
0
0
-0.875416
-1.13659
-0.661685
0
0
0
0
0
0
0
0
0
0
0
0
0
-1.05077
-1.29228
-0.975839
0
0
0
0
0
0
0
0
0
0
0
0
0
-1.2057
-1.44188
-1.26736
-0.482166
0
0
0
0
0
0
0
0
0
0
0
0
-1.34731
-1.58652
-1.51564
-0.775682
0
0
0
0
0
0
0
0
0
0
0
0
-1.47236
-1.72552
-1.74687
-1.05725
0
0
0
0
0
0
0
0
0
0
0
0
-1.55061
-1.81698
-1.92884
-1.31581
0
0
0
0
0
0
0
0
0
0
0
0
-1.62035
-1.89737
-2.0846
-1.53304
0
0
0
0
0
0
0
0
0
0
0
0
-1.63362
-1.93972
-2.2281
-1.77069
0
0
0
0
0
0
0
0
0
0
0
0
-1.64346
-1.96987
-2.33236
-1.92695
0
0
0
0
0
0
0
0
0
0
0
-0.0180513
-1.62563
-2.0087
-2.42649
-2.08773
0
0
0
0
0
0
0
0
0
0
0
-0.0317541
-1.60561
-2.03467
-2.47432
-2.1492
0
0
0
0
0
0
0
0
0
0
0
-0.0349353
-1.55998
-2.04339
-2.4708
-2.19245
0
0
0
0
0
0
0
0
0
0
0
-0.0283672
-1.50453
-2.03862
-2.43848
-2.16021
0
0
0
0
0
0
0
0
0
0
0
0
-1.39067
-1.97825
-2.35422
-2.09346
0
0
0
0
0
0
0
0
0
0
0
0
-1.24686
-1.90895
-2.2712
-1.99631
0
0
0
0
0
0
0
0
0
0
0
0
-1.02294
-1.78952
-2.17452
-1.86191
0
0
0
0
0
0
0
0
0
0
-0.119431
0
-0.7437
-1.65248
-2.09631
-1.7383
0
0
0
0
0
0
0
0
0
0
0
0
-0.402698
-1.46464
-2.02545
-1.59618
0
0
0
0
0
0
0
0
0
0
0
0
0
-1.23426
-1.95228
-1.47983
0
0
0
0
0
0
0
0
0
0
0
0
0
-0.961261
-1.84169
-1.35834
-0.177577
0
0
0
0
0
0
0
0
0
0
0
0
-0.651094
-1.69217
-1.23977
-0.349356
0
0
0
0
0
0
0
0
0
0
0
0
-0.32659
-1.49753
-1.09999
-0.536649
0
0
0
0
0
0
0
0
0
0
0
0
0
-1.28538
-0.962648
-0.648174
0
0
0
0
0
0
0
0
0
0
0
0
0
-1.08094
-0.836975
-0.718878
0
0
0
0
0
0
0
0
0
0
0
0
0
-0.892838
-0.758194
-0.708683
0
0
0
0
0
0
0
0
0
0
0
0
0
-0.613796
-0.702786
-0.713498
-0.0686196
0
0
0
0
0
0
0
0
0
0
0
0
0
-0.57837
-0.671245
0
0
0
0
0
0
0
0
0
0
0
0
0
0
0
-0.501334
0
0
0
0
0
0
0
0
0
0
0
0
0
0
0
0
0
0
0
0
0
0
0
0
0
0
0
0
0
0
0
0
0
0
0
0
0
0
0
0
0
0
0
0
0
0
0
0
0
0
0
0
0
0
0
0
0
0
0
0
0
0
0
0
0
0
0
0
0
0
0
0
0
0
0
0
0
0
0
0
0
0
0
0
0
0
0
0
0
0
0
0
0
0
0
0
0
0
0
0
0
0
0
0
0
0
0
0
0
0
0
0
0
0
0
0
0
0
0
0
0
0
0
0
-0.299787
0
0
0
0
0
0
0
0
0
0
0
0
0
0
0
-0.392244
0
0
0
0
0
0
0
0
0
0
0
0
0
0
-0.203141
-0.534159
0
0
0
0
0
0
0
0
0
0
0
0
0
0
-0.390587
-0.721342
0
0
0
0
0
0
0
0
0
0
0
0
0
0
-0.59683
-0.908293
-0.10721
0
0
0
0
0
0
0
0
0
0
0
0
0
-0.780566
-1.08311
-0.456638
0
0
0
0
0
0
0
0
0
0
0
0
0
-0.938576
-1.23275
-0.761981
0
0
0
0
0
0
0
0
0
0
0
0
0
-1.08115
-1.36264
-1.04082
-0.224152
0
0
0
0
0
0
0
0
0
0
0
0
-1.20494
-1.48429
-1.30177
-0.550901
0
0
0
0
0
0
0
0
0
0
0
0
-1.31127
-1.59691
-1.51572
-0.811901
0
0
0
0
0
0
0
0
0
0
0
0
-1.40584
-1.70767
-1.71718
-1.06
0
0
0
0
0
0
0
0
0
0
0
0
-1.45314
-1.77449
-1.87057
-1.27738
0
0
0
0
0
0
0
0
0
0
0
0
-1.49456
-1.83252
-2.00106
-1.45477
0
0
0
0
0
0
0
0
0
0
0
0
-1.48434
-1.85969
-2.13104
-1.66189
0
0
0
0
0
0
0
0
0
0
0
0
-1.47131
-1.87618
-2.22522
-1.79519
0
0
0
0
0
0
0
0
0
0
0
0
-1.44993
-1.91429
-2.32476
-1.94921
0
0
0
0
0
0
0
0
0
0
0
0
-1.4281
-1.94079
-2.37824
-2.00835
0
0
0
0
0
0
0
0
0
0
0
0
-1.39829
-1.95677
-2.38356
-2.05559
0
0
0
0
0
0
0
0
0
0
0
0
-1.35968
-1.95911
-2.35955
-2.02897
0
0
0
0
0
0
0
0
0
0
0
0
-1.264
-1.90633
-2.28282
-1.97069
0
0
0
0
0
0
0
0
0
0
-0.051099
0
-1.13932
-1.84501
-2.20764
-1.88151
0
0
0
0
0
0
0
0
0
0
-0.177607
0
-0.928687
-1.73438
-2.1199
-1.75507
0
0
0
0
0
0
0
0
0
0
-0.243084
0
-0.665877
-1.60653
-2.04931
-1.63827
0
0
0
0
0
0
0
0
0
0
0
0
-0.337074
-1.42786
-1.98324
-1.50147
0
0
0
0
0
0
0
0
0
0
0
0
0
-1.20718
-1.91102
-1.39038
0
0
0
0
0
0
0
0
0
0
0
0
0
-0.940483
-1.79534
-1.27506
-0.135398
0
0
0
0
0
0
0
0
0
0
0
0
-0.63674
-1.64216
-1.16401
-0.32263
0
0
0
0
0
0
0
0
0
0
0
0
-0.31752
-1.44513
-1.03637
-0.518984
0
0
0
0
0
0
0
0
0
0
0
0
0
-1.23805
-0.912964
-0.635227
0
0
0
0
0
0
0
0
0
0
0
0
0
-1.04962
-0.804006
-0.709509
0
0
0
0
0
0
0
0
0
0
0
0
0
-0.879637
-0.741256
-0.702442
0
0
0
0
0
0
0
0
0
0
0
0
0
-0.627774
-0.700201
-0.711217
0
0
0
0
0
0
0
0
0
0
0
0
0
0
-0.584732
-0.669276
0
0
0
0
0
0
0
0
0
0
0
0
0
0
0
-0.497328
0
0
0
0
0
0
0
0
0
0
0
0
0
0
0
0
0
0
0
0
0
0
0
0
0
0
0
0
0
0
0
0
0
0
0
0
0
0
0
0
0
0
0
0
0
0
0
0
0
0
0
0
0
0
0
0
0
0
0
0
0
0
0
0
0
0
0
0
0
0
0
0
0
0
0
0
0
0
0
0
0
0
0
0
0
0
0
0
0
0
0
0
0
0
0
0
0
0
0
0
0
0
0
0
0
0
0
0
0
0
0
0
0
0
0
0
0
0
0
0
0
0
0
0
0
0
0
0
0
0
0
0
0
0
0
0
0
0
0
0
-0.272492
0
0
0
0
0
0
0
0
0
0
0
0
0
0
-0.196774
-0.47925
0
0
0
0
0
0
0
0
0
0
0
0
0
0
-0.405467
-0.713899
0
0
0
0
0
0
0
0
0
0
0
0
0
0
-0.621981
-0.932946
-0.232041
0
0
0
0
0
0
0
0
0
0
0
0
0
-0.800726
-1.11425
-0.562915
0
0
0
0
0
0
0
0
0
0
0
0
0
-0.948334
-1.26211
-0.843234
0
0
0
0
0
0
0
0
0
0
0
0
0
-1.06625
-1.37278
-1.0773
-0.279361
0
0
0
0
0
0
0
0
0
0
0
0
-1.16559
-1.47099
-1.29651
-0.572424
0
0
0
0
0
0
0
0
0
0
0
0
-1.23995
-1.55694
-1.4658
-0.792472
0
0
0
0
0
0
0
0
0
0
0
0
-1.30411
-1.64291
-1.62659
-0.9978
0
0
0
0
0
0
0
0
0
0
0
0
-1.32086
-1.69116
-1.74701
-1.17827
0
0
0
0
0
0
0
0
0
0
0
0
-1.33281
-1.73274
-1.84869
-1.32201
0
0
0
0
0
0
0
0
0
0
0
0
-1.30039
-1.74885
-1.96273
-1.51115
0
0
0
0
0
0
0
0
0
0
0
0
-1.26526
-1.75594
-2.04584
-1.63315
0
0
0
0
0
0
0
0
0
0
0
0
-1.24183
-1.79052
-2.14619
-1.77183
0
0
0
0
0
0
0
0
0
0
0
0
-1.22023
-1.81566
-2.20334
-1.82332
0
0
0
0
0
0
0
0
0
0
0
0
-1.21107
-1.83735
-2.21617
-1.85661
0
0
0
0
0
0
0
0
0
0
0
0
-1.19476
-1.84664
-2.20115
-1.82658
0
0
0
0
0
0
0
0
0
0
0
0
-1.12863
-1.80516
-2.13475
-1.77088
0
0
0
0
0
0
0
0
0
0
0
0
-1.03585
-1.75586
-2.07076
-1.68991
0
0
0
0
0
0
0
0
0
0
-0.174171
0
-0.858238
-1.65954
-1.99608
-1.57878
0
0
0
0
0
0
0
0
0
0
-0.249269
0
-0.636804
-1.54527
-1.93675
-1.47863
0
0
0
0
0
0
0
0
0
0
0
0
-0.346386
-1.37959
-1.87888
-1.3626
0
0
0
0
0
0
0
0
0
0
0
0
0
-1.17336
-1.80863
-1.27188
0
0
0
0
0
0
0
0
0
0
0
0
0
-0.916641
-1.68811
-1.17858
-0.146709
0
0
0
0
0
0
0
0
0
0
0
0
-0.622662
-1.53249
-1.08382
-0.330062
0
0
0
0
0
0
0
0
0
0
0
0
-0.311346
-1.33348
-0.971358
-0.507135
0
0
0
0
0
0
0
0
0
0
0
0
0
-1.13427
-0.856481
-0.60312
0
0
0
0
0
0
0
0
0
0
0
0
0
-0.963766
-0.751013
-0.65773
0
0
0
0
0
0
0
0
0
0
0
0
0
-0.8082
-0.689959
-0.639524
0
0
0
0
0
0
0
0
0
0
0
0
0
-0.573533
-0.638259
-0.639991
0
0
0
0
0
0
0
0
0
0
0
0
0
0
-0.509918
-0.5867
0
0
0
0
0
0
0
0
0
0
0
0
0
0
0
0
0
0
0
0
0
0
0
0
0
0
0
0
0
0
0
0
0
0
0
0
0
0
0
0
0
0
0
0
0
0
0
0
0
0
0
0
0
0
0
0
0
0
0
0
0
0
0
0
0
0
0
0
0
0
0
0
0
0
0
0
0
0
0
0
0
0
0
0
0
0
0
0
0
0
0
0
0
0
0
0
0
0
0
0
0
0
0
0
0
0
0
0
0
0
0
0
0
0
0
0
0
0
0
0
0
0
0
0
0
0
0
0
0
0
0
0
0
0
0
0
0
0
0
0
0
0
0
0
0
0
0
0
0
0
0
0
0
0
0
0
-0.141339
0
0
0
0
0
0
0
0
0
0
0
0
0
0
-0.192887
-0.419718
0
0
0
0
0
0
0
0
0
0
0
0
0
0
-0.419106
-0.701136
0
0
0
0
0
0
0
0
0
0
0
0
0
0
-0.641621
-0.950743
-0.340724
0
0
0
0
0
0
0
0
0
0
0
0
0
-0.815094
-1.13786
-0.657955
0
0
0
0
0
0
0
0
0
0
0
0
0
-0.95335
-1.28542
-0.915706
-0.0477811
0
0
0
0
0
0
0
0
0
0
0
0
-1.04706
-1.37948
-1.10699
-0.306537
0
0
0
0
0
0
0
0
0
0
0
0
-1.12162
-1.45469
-1.28274
-0.560906
0
0
0
0
0
0
0
0
0
0
0
0
-1.16193
-1.51231
-1.40286
-0.735114
0
0
0
0
0
0
0
0
0
0
0
0
-1.19134
-1.57052
-1.516
-0.892246
0
0
0
0
0
0
0
0
0
0
0
0
-1.17074
-1.59743
-1.59609
-1.03096
0
0
0
0
0
0
0
0
0
0
0
0
-1.14398
-1.61976
-1.66151
-1.1373
0
0
0
0
0
0
0
0
0
0
0
0
-1.08094
-1.62289
-1.7548
-1.30628
0
0
0
0
0
0
0
0
0
0
0
0
-1.01374
-1.61927
-1.82363
-1.4174
0
0
0
0
0
0
0
0
0
0
0
0
-0.987628
-1.64998
-1.9249
-1.53959
0
0
0
0
0
0
0
0
0
0
0
0
-0.966781
-1.67426
-1.98741
-1.58507
0
0
0
0
0
0
0
0
0
0
0
0
-0.988801
-1.7037
-2.01102
-1.60344
0
0
0
0
0
0
0
0
0
0
0
0
-1.00439
-1.72238
-2.00926
-1.57179
0
0
0
0
0
0
0
0
0
0
0
0
-0.978273
-1.69566
-1.95838
-1.52169
0
0
0
0
0
0
0
0
0
0
0
0
-0.925909
-1.66161
-1.91092
-1.45421
0
0
0
0
0
0
0
0
0
0
-0.168244
0
-0.788078
-1.58213
-1.85505
-1.36662
0
0
0
0
0
0
0
0
0
0
-0.254491
0
-0.612941
-1.48234
-1.81168
-1.29165
0
0
0
0
0
0
0
0
0
0
0
0
-0.361842
-1.33049
-1.76489
-1.20599
0
0
0
0
0
0
0
0
0
0
0
0
-0.0587134
-1.14039
-1.69637
-1.1438
0
0
0
0
0
0
0
0
0
0
0
0
0
-0.894396
-1.57009
-1.07861
-0.166788
0
0
0
0
0
0
0
0
0
0
0
0
-0.612716
-1.41201
-1.00244
-0.346778
0
0
0
0
0
0
0
0
0
0
0
0
-0.313883
-1.21089
-0.907713
-0.500263
0
0
0
0
0
0
0
0
0
0
0
0
0
-1.02416
-0.801755
-0.572864
0
0
0
0
0
0
0
0
0
0
0
0
0
-0.875752
-0.702347
-0.603961
0
0
0
0
0
0
0
0
0
0
0
0
0
-0.734667
-0.644244
-0.575506
0
0
0
0
0
0
0
0
0
0
0
0
0
-0.51534
-0.577
-0.56735
0
0
0
0
0
0
0
0
0
0
0
0
0
0
0
-0.498174
0
0
0
0
0
0
0
0
0
0
0
0
0
0
0
0
0
0
0
0
0
0
0
0
0
0
0
0
0
0
0
0
0
0
0
0
0
0
0
0
0
0
0
0
0
0
0
0
0
0
0
0
0
0
0
0
0
0
0
0
0
0
0
0
0
0
0
0
0
0
0
0
0
0
0
0
0
0
0
0
0
0
0
0
0
0
0
0
0
0
0
0
0
0
0
0
0
0
0
0
0
0
0
0
0
0
0
0
0
0
0
0
0
0
0
0
0
0
0
0
0
0
0
0
0
0
0
0
0
0
0
0
0
0
0
0
0
0
0
0
0
0
0
0
0
0
0
0
0
0
0
0
0
0
0
0
0
0
0
0
0
0
0
0
0
0
0
0
0
0
0
0
-0.301965
0
0
0
0
0
0
0
0
0
0
0
0
0
0
-0.348205
-0.604028
0
0
0
0
0
0
0
0
0
0
0
0
0
0
-0.571234
-0.87225
-0.390512
0
0
0
0
0
0
0
0
0
0
0
0
0
-0.744902
-1.06619
-0.700023
0
0
0
0
0
0
0
0
0
0
0
0
0
-0.884345
-1.21941
-0.941295
0
0
0
0
0
0
0
0
0
0
0
0
0
-0.966122
-1.31004
-1.09601
-0.241908
0
0
0
0
0
0
0
0
0
0
0
0
-1.02684
-1.37505
-1.23164
-0.461494
0
0
0
0
0
0
0
0
0
0
0
0
-1.04549
-1.41678
-1.30575
-0.60123
0
0
0
0
0
0
0
0
0
0
0
0
-1.05122
-1.45784
-1.37207
-0.724497
0
0
0
0
0
0
0
0
0
0
0
0
-1.00801
-1.47597
-1.41648
-0.853791
0
0
0
0
0
0
0
0
0
0
0
0
-0.956427
-1.49182
-1.45052
-0.960629
0
0
0
0
0
0
0
0
0
0
0
0
-0.878984
-1.49474
-1.5262
-1.14409
0
0
0
0
0
0
0
0
0
0
0
0
-0.796812
-1.49357
-1.58393
-1.27377
0
0
0
0
0
0
0
0
0
0
0
0
-0.777334
-1.52517
-1.67888
-1.37908
0
0
0
0
0
0
0
0
0
0
0
0
-0.766316
-1.55292
-1.74176
-1.41727
0
0
0
0
0
0
0
0
0
0
0
0
-0.822174
-1.58927
-1.77086
-1.39998
0
0
0
0
0
0
0
0
0
0
0
0
-0.870923
-1.61702
-1.77992
-1.34977
0
0
0
0
0
0
0
0
0
0
0
0
-0.888574
-1.60567
-1.74846
-1.28921
0
0
0
0
0
0
0
0
0
0
0
0
-0.878873
-1.58675
-1.72263
-1.22654
0
0
0
0
0
0
0
0
0
0
0
0
-0.78606
-1.52297
-1.69531
-1.16661
0
0
0
0
0
0
0
0
0
0
0
0
-0.658643
-1.43575
-1.67723
-1.12513
0
0
0
0
0
0
0
0
0
0
0
0
-0.445527
-1.29785
-1.64974
-1.08744
0
0
0
0
0
0
0
0
0
0
0
0
-0.187631
-1.12471
-1.58885
-1.06949
-0.109796
0
0
0
0
0
0
0
0
0
0
0
0
-0.891326
-1.46436
-1.04455
-0.298617
0
0
0
0
0
0
0
0
0
0
0
0
-0.62741
-1.30734
-0.991468
-0.452132
0
0
0
0
0
0
0
0
0
0
0
0
-0.345557
-1.10281
-0.91128
-0.550504
0
0
0
0
0
0
0
0
0
0
0
0
0
-0.923967
-0.802871
-0.572552
0
0
0
0
0
0
0
0
0
0
0
0
0
-0.77686
-0.69322
-0.548513
0
0
0
0
0
0
0
0
0
0
0
0
0
-0.625021
-0.615643
-0.492119
0
0
0
0
0
0
0
0
0
0
0
0
0
0
-0.498415
-0.452398
0
0
0
0
0
0
0
0
0
0
0
0
0
0
0
0
0
0
0
0
0
0
0
0
0
0
0
0
0
0
0
0
0
0
0
0
0
0
0
0
0
0
0
0
0
0
0
0
0
0
0
0
0
0
0
0
0
0
0
0
0
0
0
0
0
0
0
0
0
0
0
0
0
0
0
0
0
0
0
0
0
0
0
0
0
0
0
0
0
0
0
0
0
0
0
0
0
0
0
0
0
0
0
0
0
0
0
0
0
0
0
0
0
0
0
0
0
0
0
0
0
0
0
0
0
0
0
0
0
0
0
0
0
0
0
0
0
0
0
0
0
0
0
0
0
0
0
0
0
0
0
0
0
0
0
0
0
0
0
0
0
0
0
0
0
0
0
0
0
0
0
0
0
0
0
0
0
0
0
0
0
0
0
0
0
0
0
0
-0.174561
0
0
0
0
0
0
0
0
0
0
0
0
0
0
-0.27979
-0.498394
0
0
0
0
0
0
0
0
0
0
0
0
0
0
-0.501701
-0.78755
-0.437449
0
0
0
0
0
0
0
0
0
0
0
0
0
-0.670958
-0.989552
-0.741854
0
0
0
0
0
0
0
0
0
0
0
0
0
-0.810735
-1.14723
-0.971188
0
0
0
0
0
0
0
0
0
0
0
0
0
-0.878874
-1.23452
-1.09091
-0.180861
0
0
0
0
0
0
0
0
0
0
0
0
-0.921585
-1.29079
-1.18514
-0.362474
0
0
0
0
0
0
0
0
0
0
0
0
-0.911394
-1.31626
-1.20957
-0.464102
0
0
0
0
0
0
0
0
0
0
0
0
-0.885381
-1.33812
-1.22272
-0.550096
0
0
0
0
0
0
0
0
0
0
0
0
-0.811233
-1.34681
-1.22505
-0.667688
0
0
0
0
0
0
0
0
0
0
0
0
-0.723778
-1.3557
-1.22062
-0.772575
0
0
0
0
0
0
0
0
0
0
0
0
-0.624702
-1.35921
-1.27445
-0.967164
0
0
0
0
0
0
0
0
0
0
0
0
-0.51846
-1.36135
-1.31765
-1.11237
0
0
0
0
0
0
0
0
0
0
0
0
-0.509542
-1.39381
-1.40297
-1.2037
0
0
0
0
0
0
0
0
0
0
0
0
-0.513355
-1.42508
-1.46396
-1.23773
0
0
0
0
0
0
0
0
0
0
0
0
-0.619683
-1.46891
-1.49695
-1.18653
0
0
0
0
0
0
0
0
0
0
0
0
-0.714157
-1.50642
-1.51633
-1.11498
0
0
0
0
0
0
0
0
0
0
0
0
-0.788086
-1.51189
-1.50687
-1.0377
0
0
0
0
0
0
0
0
0
0
0
0
-0.829251
-1.50817
-1.50608
-0.974745
0
0
0
0
0
0
0
0
0
0
0
-0.094309
-0.785206
-1.45937
-1.5139
-0.944882
0
0
0
0
0
0
0
0
0
0
0
-0.109954
-0.703522
-1.38555
-1.52554
-0.941359
0
0
0
0
0
0
0
0
0
0
0
0
-0.525225
-1.26484
-1.51839
-0.960997
0
0
0
0
0
0
0
0
0
0
0
0
-0.310769
-1.10967
-1.46651
-0.99268
-0.224418
0
0
0
0
0
0
0
0
0
0
0
0
-0.890891
-1.34682
-1.00834
-0.420479
0
0
0
0
0
0
0
0
0
0
0
0
-0.651463
-1.19067
-0.980668
-0.549909
0
0
0
0
0
0
0
0
0
0
0
0
-0.388542
-0.98646
-0.915792
-0.598224
0
0
0
0
0
0
0
0
0
0
0
0
0
-0.818512
-0.808571
-0.573316
0
0
0
0
0
0
0
0
0
0
0
0
0
-0.667407
-0.69473
-0.493319
0
0
0
0
0
0
0
0
0
0
0
0
0
-0.497917
-0.592474
-0.408506
0
0
0
0
0
0
0
0
0
0
0
0
0
0
-0.411579
-0.321295
0
0
0
0
0
0
0
0
0
0
0
0
0
0
0
0
0
0
0
0
0
0
0
0
0
0
0
0
0
0
0
0
0
0
0
0
0
0
0
0
0
0
0
0
0
0
0
0
0
0
0
0
0
0
0
0
0
0
0
0
0
0
0
0
0
0
0
0
0
0
0
0
0
0
0
0
0
0
0
0
0
0
0
0
0
0
0
0
0
0
0
0
0
0
0
0
0
0
0
0
0
0
0
0
0
0
0
0
0
0
0
0
0
0
0
0
0
0
0
0
0
0
0
0
0
0
0
0
0
0
0
0
0
0
0
0
0
0
0
0
0
0
0
0
0
0
0
0
0
0
0
0
0
0
0
0
0
0
0
0
0
0
0
0
0
0
0
0
0
0
0
0
0
0
0
0
0
0
0
0
0
0
0
0
0
0
0
0
0
0
0
0
0
0
0
0
0
0
0
0
0
0
0
0
-0.330572
0
0
0
0
0
0
0
0
0
0
0
0
0
0
-0.369159
-0.626428
-0.38617
0
0
0
0
0
0
0
0
0
0
0
0
0
-0.529759
-0.836426
-0.688754
0
0
0
0
0
0
0
0
0
0
0
0
0
-0.668906
-0.99865
-0.917009
0
0
0
0
0
0
0
0
0
0
0
0
0
-0.730669
-1.08602
-1.01823
-0.0131211
0
0
0
0
0
0
0
0
0
0
0
0
-0.76286
-1.14208
-1.08472
-0.164917
0
0
0
0
0
0
0
0
0
0
0
0
-0.734682
-1.16205
-1.07548
-0.246253
0
0
0
0
0
0
0
0
0
0
0
0
-0.68905
-1.17388
-1.05173
-0.316697
0
0
0
0
0
0
0
0
0
0
0
0
-0.602107
-1.18264
-1.02977
-0.454038
0
0
0
0
0
0
0
0
0
0
0
0
-0.500097
-1.19355
-1.00531
-0.586263
0
0
0
0
0
0
0
0
0
0
0
0
-0.403921
-1.21236
-1.05356
-0.81081
0
0
0
0
0
0
0
0
0
0
0
0
-0.302224
-1.23228
-1.09704
-0.984026
-1.28745
0
0
0
0
0
0
0
0
0
0
0
-0.32343
-1.28142
-1.17792
-1.08037
-1.2955
0
0
0
0
0
0
0
0
0
0
0
-0.358346
-1.32974
-1.24093
-1.127
-1.21846
0
0
0
0
0
0
0
0
0
0
0
-0.508198
-1.38573
-1.27836
-1.07011
-0.912685
0
0
0
0
0
0
0
0
0
0
0
-0.637414
-1.43492
-1.30863
-0.999117
0
0
0
0
0
0
0
0
0
0
0
0
-0.745364
-1.45013
-1.32417
-0.919592
0
0
0
0
0
0
0
0
0
0
0
-0.0538213
-0.815061
-1.45192
-1.3509
-0.862625
0
0
0
0
0
0
0
0
0
0
0
-0.149526
-0.793494
-1.40577
-1.39432
-0.85577
0
0
0
0
0
0
0
0
0
0
0
-0.190609
-0.730718
-1.33724
-1.43183
-0.87961
0
0
0
0
0
0
0
0
0
0
0
0
-0.570068
-1.22639
-1.43921
-0.938077
-0.114435
0
0
0
0
0
0
0
0
0
0
0
-0.384715
-1.08179
-1.39786
-0.995517
-0.331521
0
0
0
0
0
0
0
0
0
0
0
0
-0.88369
-1.28633
-1.02706
-0.53083
0
0
0
0
0
0
0
0
0
0
0
0
-0.679726
-1.13294
-1.0109
-0.634856
0
0
0
0
0
0
0
0
0
0
0
0
-0.447036
-0.936673
-0.947896
-0.645752
0
0
0
0
0
0
0
0
0
0
0
0
0
-0.772792
-0.844059
-0.582635
0
0
0
0
0
0
0
0
0
0
0
0
0
-0.593246
-0.728706
-0.46068
0
0
0
0
0
0
0
0
0
0
0
0
0
0
-0.597372
-0.353355
0
0
0
0
0
0
0
0
0
0
0
0
0
0
0
0
0
0
0
0
0
0
0
0
0
0
0
0
0
0
0
0
0
0
0
0
0
0
0
0
0
0
0
0
0
0
0
0
0
0
0
0
0
0
0
0
0
0
0
0
0
0
0
0
0
0
0
0
0
0
0
0
0
0
0
0
0
0
0
0
0
0
0
0
0
0
0
0
0
0
0
0
0
0
0
0
0
0
0
0
0
0
0
0
0
0
0
0
0
0
0
0
0
0
0
0
0
0
0
0
0
0
0
0
0
0
0
0
0
0
0
0
0
0
0
0
0
0
0
0
0
0
0
0
0
0
0
0
0
0
0
0
0
0
0
0
0
0
0
0
0
0
0
0
0
0
0
0
0
0
0
0
0
0
0
0
0
0
0
0
0
0
0
0
0
0
0
0
0
0
0
0
0
0
0
0
0
0
0
0
0
0
0
0
0
0
0
0
0
0
0
0
0
0
0
0
0
0
0
0
-0.135337
0
0
0
0
0
0
0
0
0
0
0
0
0
0
-0.221075
-0.433683
-0.329924
0
0
0
0
0
0
0
0
0
0
0
0
0
-0.372183
-0.652114
-0.625906
0
0
0
0
0
0
0
0
0
0
0
0
0
-0.504075
-0.82168
-0.85351
0
0
0
0
0
0
0
0
0
0
0
0
0
-0.553856
-0.904988
-0.942108
0
0
0
0
0
0
0
0
0
0
0
0
0
-0.572685
-0.957776
-0.984168
0
0
0
0
0
0
0
0
0
0
0
0
0
-0.518956
-0.973257
-0.940794
0
0
0
0
0
0
0
0
0
0
0
0
0
-0.44167
-0.977256
-0.877275
-0.0979234
0
0
0
0
0
0
0
0
0
0
0
0
-0.33255
-0.992543
-0.831124
-0.265844
0
0
0
0
0
0
0
0
0
0
0
0
-0.206124
-1.01108
-0.786676
-0.429839
0
0
0
0
0
0
0
0
0
0
0
0
-0.115688
-1.05411
-0.832278
-0.683216
-0.832846
0
0
0
0
0
0
0
0
0
0
0
-0.023369
-1.09897
-0.878248
-0.881
-1.07374
0
0
0
0
0
0
0
0
0
0
0
-0.093322
-1.1693
-0.952053
-0.982613
-1.08021
0
0
0
0
0
0
0
0
0
0
0
-0.174964
-1.23726
-1.01384
-1.04198
-1.02049
0
0
0
0
0
0
0
0
0
0
0
-0.383517
-1.3048
-1.05073
-0.982714
-0.747237
0
0
0
0
0
0
0
0
0
0
0
-0.556608
-1.36325
-1.08775
-0.913771
0
0
0
0
0
0
0
0
0
0
0
0
-0.704098
-1.38417
-1.12955
-0.831182
0
0
0
0
0
0
0
0
0
0
0
-0.0949752
-0.80351
-1.38874
-1.18522
-0.775926
0
0
0
0
0
0
0
0
0
0
0
-0.219181
-0.803144
-1.34721
-1.26602
-0.78705
0
0
0
0
0
0
0
0
0
0
0
-0.285509
-0.761697
-1.28791
-1.32727
-0.83377
0
0
0
0
0
0
0
0
0
0
0
0
-0.626362
-1.18704
-1.35206
-0.924727
-0.2036
0
0
0
0
0
0
0
0
0
0
0
-0.47291
-1.05671
-1.3278
-0.998521
-0.439586
0
0
0
0
0
0
0
0
0
0
0
-0.251733
-0.890638
-1.22491
-1.04665
-0.633772
0
0
0
0
0
0
0
0
0
0
0
0
-0.724605
-1.08219
-1.04323
-0.711229
0
0
0
0
0
0
0
0
0
0
0
0
-0.514847
-0.901392
-0.984943
-0.693266
0
0
0
0
0
0
0
0
0
0
0
0
0
-0.732021
-0.897187
-0.59537
0
0
0
0
0
0
0
0
0
0
0
0
0
-0.507733
-0.776405
-0.44278
0
0
0
0
0
0
0
0
0
0
0
0
0
0
-0.605218
-0.301488
0
0
0
0
0
0
0
0
0
0
0
0
0
0
0
0
0
0
0
0
0
0
0
0
0
0
0
0
0
0
0
0
0
0
0
0
0
0
0
0
0
0
0
0
0
0
0
0
0
0
0
0
0
0
0
0
0
0
0
0
0
0
0
0
0
0
0
0
0
0
0
0
0
0
0
0
0
0
0
0
0
0
0
0
0
0
0
0
0
0
0
0
0
0
0
0
0
0
0
0
0
0
0
0
0
0
0
0
0
0
0
0
0
0
0
0
0
0
0
0
0
0
0
0
0
0
0
0
0
0
0
0
0
0
0
0
0
0
0
0
0
0
0
0
0
0
0
0
0
0
0
0
0
0
0
0
0
0
0
0
0
0
0
0
0
0
0
0
0
0
0
0
0
0
0
0
0
0
0
0
0
0
0
0
0
0
0
0
0
0
0
0
0
0
0
0
0
0
0
0
0
0
0
0
0
0
0
0
0
0
0
0
0
0
0
0
0
0
0
0
0
0
0
0
0
0
0
0
0
0
0
0
0
0
0
0
-0.219181
-0.176361
0
0
0
0
0
0
0
0
0
0
0
0
0
-0.203291
-0.430066
-0.467515
0
0
0
0
0
0
0
0
0
0
0
0
0
-0.32117
-0.602795
-0.692286
0
0
0
0
0
0
0
0
0
0
0
0
0
-0.35624
-0.682621
-0.779718
0
0
0
0
0
0
0
0
0
0
0
0
0
-0.36736
-0.729931
-0.816149
0
0
0
0
0
0
0
0
0
0
0
0
0
-0.302248
-0.742066
-0.759432
0
0
0
0
0
0
0
0
0
0
0
0
0
-0.209366
-0.744089
-0.676381
0
0
0
0
0
0
0
0
0
0
0
0
0
-0.0893457
-0.773401
-0.624449
-0.0596368
0
0
0
0
0
0
0
0
0
0
0
0
0
-0.806096
-0.578833
-0.251639
0
0
0
0
0
0
0
0
0
0
0
0
0
-0.882428
-0.638962
-0.531724
-0.593725
0
0
0
0
0
0
0
0
0
0
0
0
-0.957863
-0.701997
-0.750846
-0.810589
0
0
0
0
0
0
0
0
0
0
0
0
-1.05775
-0.787938
-0.876423
-0.81298
0
0
0
0
0
0
0
0
0
0
0
-0.0480953
-1.14962
-0.864252
-0.96478
-0.766538
0
0
0
0
0
0
0
0
0
0
0
-0.289407
-1.22706
-0.9167
-0.942267
-0.531307
0
0
0
0
0
0
0
0
0
0
0
-0.483324
-1.2905
-0.971721
-0.913363
-0.256587
0
0
0
0
0
0
0
0
0
0
0
-0.639261
-1.30667
-1.03742
-0.864673
0
0
0
0
0
0
0
0
0
0
0
-0.150077
-0.743398
-1.30725
-1.11067
-0.836685
0
0
0
0
0
0
0
0
0
0
0
-0.282995
-0.745837
-1.26196
-1.19949
-0.85461
0
0
0
0
0
0
0
0
0
0
0
-0.354235
-0.717149
-1.20044
-1.26179
-0.896758
0
0
0
0
0
0
0
0
0
0
0
0
-0.602564
-1.10183
-1.28826
-0.96379
-0.211113
0
0
0
0
0
0
0
0
0
0
0
-0.468021
-0.991542
-1.26652
-1.01197
-0.445447
0
0
0
0
0
0
0
0
0
0
0
0
-0.86783
-1.16697
-1.04692
-0.622161
0
0
0
0
0
0
0
0
0
0
0
0
-0.73955
-1.04515
-1.0335
-0.686183
0
0
0
0
0
0
0
0
0
0
0
0
-0.560236
-0.883032
-0.982333
-0.657235
0
0
0
0
0
0
0
0
0
0
0
0
0
-0.702663
-0.915621
-0.556269
0
0
0
0
0
0
0
0
0
0
0
0
0
-0.434611
-0.787033
-0.412141
0
0
0
0
0
0
0
0
0
0
0
0
0
0
-0.580117
0
0
0
0
0
0
0
0
0
0
0
0
0
0
0
0
0
0
0
0
0
0
0
0
0
0
0
0
0
0
0
0
0
0
0
0
0
0
0
0
0
0
0
0
0
0
0
0
0
0
0
0
0
0
0
0
0
0
0
0
0
0
0
0
0
0
0
0
0
0
0
0
0
0
0
0
0
0
0
0
0
0
0
0
0
0
0
0
0
0
0
0
0
0
0
0
0
0
0
0
0
0
0
0
0
0
0
0
0
0
0
0
0
0
0
0
0
0
0
0
0
0
0
0
0
0
0
0
0
0
0
0
0
0
0
0
0
0
0
0
0
0
0
0
0
0
0
0
0
0
0
0
0
0
0
0
0
0
0
0
0
0
0
0
0
0
0
0
0
0
0
0
0
0
0
0
0
0
0
0
0
0
0
0
0
0
0
0
0
0
0
0
0
0
0
0
0
0
0
0
0
0
0
0
0
0
0
0
0
0
0
0
0
0
0
0
0
0
0
0
0
0
0
0
0
0
0
0
0
0
0
0
0
0
0
0
0
0
0
0
0
0
0
0
0
0
0
0
0
0
0
0
0
-0.153943
-0.261372
0
0
0
0
0
0
0
0
0
0
0
0
0
0
-0.320458
-0.480101
0
0
0
0
0
0
0
0
0
0
0
0
0
-0.125263
-0.394726
-0.559079
0
0
0
0
0
0
0
0
0
0
0
0
0
-0.118955
-0.434411
-0.590698
0
0
0
0
0
0
0
0
0
0
0
0
0
0
-0.436849
-0.529154
0
0
0
0
0
0
0
0
0
0
0
0
0
0
-0.430496
-0.434775
0
0
0
0
0
0
0
0
0
0
0
0
0
0
-0.480747
-0.389787
0
0
0
0
0
0
0
0
0
0
0
0
0
0
-0.537056
-0.354975
-0.109045
0
0
0
0
0
0
0
0
0
0
0
0
0
-0.66625
-0.444251
-0.422288
-0.420628
0
0
0
0
0
0
0
0
0
0
0
0
-0.785966
-0.534983
-0.664206
-0.615033
0
0
0
0
0
0
0
0
0
0
0
0
-0.925788
-0.640111
-0.815621
-0.612514
0
0
0
0
0
0
0
0
0
0
0
0
-1.04698
-0.73507
-0.932057
-0.575832
0
0
0
0
0
0
0
0
0
0
0
-0.194974
-1.13553
-0.805161
-0.946174
-0.37402
0
0
0
0
0
0
0
0
0
0
0
-0.407212
-1.20608
-0.876904
-0.955119
-0.142799
0
0
0
0
0
0
0
0
0
0
0
-0.567467
-1.21948
-0.960375
-0.937868
0
0
0
0
0
0
0
0
0
0
0
-0.229905
-0.678038
-1.21792
-1.04278
-0.933303
0
0
0
0
0
0
0
0
0
0
0
-0.361977
-0.68983
-1.1656
-1.13409
-0.948936
0
0
0
0
0
0
0
0
0
0
0
-0.426721
-0.678435
-1.09987
-1.20021
-0.971551
0
0
0
0
0
0
0
0
0
0
0
0
-0.578792
-1.0133
-1.22693
-1.00379
-0.217466
0
0
0
0
0
0
0
0
0
0
0
-0.450507
-0.935007
-1.20593
-1.02847
-0.43092
0
0
0
0
0
0
0
0
0
0
0
0
-0.852067
-1.12329
-1.04553
-0.589653
0
0
0
0
0
0
0
0
0
0
0
0
-0.752284
-1.02904
-1.02689
-0.646203
0
0
0
0
0
0
0
0
0
0
0
0
-0.597876
-0.872049
-0.996945
-0.611168
0
0
0
0
0
0
0
0
0
0
0
0
0
-0.666126
-0.940654
-0.528169
0
0
0
0
0
0
0
0
0
0
0
0
0
0
-0.78859
-0.386556
0
0
0
0
0
0
0
0
0
0
0
0
0
0
-0.53808
0
0
0
0
0
0
0
0
0
0
0
0
0
0
0
0
0
0
0
0
0
0
0
0
0
0
0
0
0
0
0
0
0
0
0
0
0
0
0
0
0
0
0
0
0
0
0
0
0
0
0
0
0
0
0
0
0
0
0
0
0
0
0
0
0
0
0
0
0
0
0
0
0
0
0
0
0
0
0
0
0
0
0
0
0
0
0
0
0
0
0
0
0
0
0
0
0
0
0
0
0
0
0
0
0
0
0
0
0
0
0
0
0
0
0
0
0
0
0
0
0
0
0
0
0
0
0
0
0
0
0
0
0
0
0
0
0
0
0
0
0
0
0
0
0
0
0
0
0
0
0
0
0
0
0
0
0
0
0
0
0
0
0
0
0
0
0
0
0
0
0
0
0
0
0
0
0
0
0
0
0
0
0
0
0
0
0
0
0
0
0
0
0
0
0
0
0
0
0
0
0
0
0
0
0
0
0
0
0
0
0
0
0
0
0
0
0
0
0
0
0
0
0
0
0
0
0
0
0
0
0
0
0
0
0
0
0
0
0
0
0
0
0
0
0
0
0
0
0
0
0
0
0
0
0
0
0
0
0
0
0
0
0
0
0
0
0
0
0
0
-0.208562
0
0
0
0
0
0
0
0
0
0
0
0
0
0
-0.115639
-0.282105
0
0
0
0
0
0
0
0
0
0
0
0
0
0
-0.152249
-0.308608
0
0
0
0
0
0
0
0
0
0
0
0
0
0
-0.154422
-0.251205
0
0
0
0
0
0
0
0
0
0
0
0
0
0
-0.147298
-0.164253
0
0
0
0
0
0
0
0
0
0
0
0
0
0
-0.218825
-0.147283
0
0
0
0
0
0
0
0
0
0
0
0
0
0
-0.297478
-0.142512
0
-0.0782224
0
0
0
0
0
0
0
0
0
0
0
0
-0.470548
-0.272364
-0.317225
-0.283936
0
0
0
0
0
0
0
0
0
0
0
0
-0.624447
-0.396167
-0.576843
-0.446485
0
0
0
0
0
0
0
0
0
0
0
0
-0.793277
-0.530995
-0.760475
-0.438515
0
0
0
0
0
0
0
0
0
0
0
0
-0.934958
-0.65016
-0.907478
-0.409178
0
0
0
0
0
0
0
0
0
0
0
-0.0868668
-1.02985
-0.744247
-0.965873
-0.247016
0
0
0
0
0
0
0
0
0
0
0
-0.298169
-1.10422
-0.832985
-1.01659
-0.0668547
0
0
0
0
0
0
0
0
0
0
0
-0.45537
-1.11024
-0.923614
-1.03125
0
0
0
0
0
0
0
0
0
0
0
-0.341816
-0.572281
-1.09986
-1.00728
-1.04368
0
0
0
0
0
0
0
0
0
0
0
-0.455641
-0.592943
-1.03745
-1.08725
-1.04006
0
0
0
0
0
0
0
0
0
0
0
-0.498981
-0.58877
-0.974899
-1.14116
-1.03084
0
0
0
0
0
0
0
0
0
0
0
0
-0.48979
-0.91
-1.15017
-1.01929
-0.148805
0
0
0
0
0
0
0
0
0
0
0
-0.355701
-0.857643
-1.13064
-1.00512
-0.321021
0
0
0
0
0
0
0
0
0
0
0
0
-0.799332
-1.06768
-0.991042
-0.462034
0
0
0
0
0
0
0
0
0
0
0
0
-0.714485
-0.982934
-0.975735
-0.510216
0
0
0
0
0
0
0
0
0
0
0
0
-0.578172
-0.813131
-0.959187
-0.494769
0
0
0
0
0
0
0
0
0
0
0
0
0
-0.573434
-0.891665
-0.444294
0
0
0
0
0
0
0
0
0
0
0
0
0
0
-0.705968
0
0
0
0
0
0
0
0
0
0
0
0
0
0
0
0
0
0
0
0
0
0
0
0
0
0
0
0
0
0
0
0
0
0
0
0
0
0
0
0
0
0
0
0
0
0
0
0
0
0
0
0
0
0
0
0
0
0
0
0
0
0
0
0
0
0
0
0
0
0
0
0
0
0
0
0
0
0
0
0
0
0
0
0
0
0
0
0
0
0
0
0
0
0
0
0
0
0
0
0
0
0
0
0
0
0
0
0
0
0
0
0
0
0
0
0
0
0
0
0
0
0
0
0
0
0
0
0
0
0
0
0
0
0
0
0
0
0
0
0
0
0
0
0
0
0
0
0
0
0
0
0
0
0
0
0
0
0
0
0
0
0
0
0
0
0
0
0
0
0
0
0
0
0
0
0
0
0
0
0
0
0
0
0
0
0
0
0
0
0
0
0
0
0
0
0
0
0
0
0
0
0
0
0
0
0
0
0
0
0
0
0
0
0
0
0
0
0
0
0
0
0
0
0
0
0
0
0
0
0
0
0
0
0
0
0
0
0
0
0
0
0
0
0
0
0
0
0
0
0
0
0
0
0
0
0
0
0
0
0
0
0
0
0
0
0
0
0
0
0
0
0
0
0
0
0
0
0
0
0
0
0
0
0
0
0
0
0
0
0
0
0
0
0
0
0
0
0
0
0
0
0
0
0
0
0
0
0
0
0
0
0
0
0
0
0
0
0
0
0
0
0
0
0
0
0
0
0
0
0
0
0
0
0
0
0
0
0
0
0
0
0
0
0
0
0
0
0
0
0
0
0
0
0
0
0
0
0
0
0
0
0
0
0
0
0
0
0
0
0
0
0
0
0
0
0
0
0
0
0
0
-0.0364761
0
0
-0.0614139
0
0
0
0
0
0
0
0
0
0
0
0
-0.261538
-0.0702241
-0.228717
-0.214357
0
0
0
0
0
0
0
0
0
0
0
0
-0.452724
-0.238909
-0.50816
-0.342061
0
0
0
0
0
0
0
0
0
0
0
0
-0.651591
-0.414104
-0.728646
-0.326333
0
0
0
0
0
0
0
0
0
0
0
0
-0.813616
-0.563051
-0.905536
-0.298946
0
0
0
0
0
0
0
0
0
0
0
0
-0.91285
-0.687165
-1.00546
-0.173967
0
0
0
0
0
0
0
0
0
0
0
-0.190439
-0.988351
-0.798396
-1.08916
-0.0406724
0
0
0
0
0
0
0
0
0
0
0
-0.340601
-0.983734
-0.899812
-1.12287
0
0
0
0
0
0
0
0
0
0
0
-0.461676
-0.455732
-0.967388
-0.986616
-1.14105
0
0
0
0
0
0
0
0
0
0
0
-0.546609
-0.468656
-0.903777
-1.04777
-1.11885
0
0
0
0
0
0
0
0
0
0
0
-0.558953
-0.450932
-0.849843
-1.08456
-1.08676
0
0
0
0
0
0
0
0
0
0
0
0
0
-0.797589
-1.08325
-1.03019
-0.0394554
0
0
0
0
0
0
0
0
0
0
0
0
-0.752453
-1.07157
-0.97468
-0.165189
0
0
0
0
0
0
0
0
0
0
0
0
-0.708017
-1.01067
-0.941185
-0.279035
0
0
0
0
0
0
0
0
0
0
0
0
-0.633953
-0.907941
-0.923873
-0.332832
0
0
0
0
0
0
0
0
0
0
0
0
-0.546921
-0.706092
-0.890565
-0.353397
0
0
0
0
0
0
0
0
0
0
0
0
0
0
-0.786686
-0.316076
0
0
0
0
0
0
0
0
0
0
0
0
0
0
-0.564251
0
0
0
0
0
0
0
0
0
0
0
0
0
0
0
0
0
0
0
0
0
0
0
0
0
0
0
0
0
0
0
0
0
0
0
0
0
0
0
0
0
0
0
0
0
0
0
0
0
0
0
0
0
0
0
0
0
0
0
0
0
0
0
0
0
0
0
0
0
0
0
0
0
0
0
0
0
0
0
0
0
0
0
0
0
0
0
0
0
0
0
0
0
0
0
0
0
0
0
0
0
0
0
0
0
0
0
0
0
0
0
0
0
0
0
0
0
0
0
0
0
0
0
0
0
0
0
0
0
0
0
0
0
0
0
0
0
0
0
0
0
0
0
0
0
0
0
0
0
0
0
0
0
0
0
0
0
0
0
0
0
0
0
0
0
0
0
0
0
0
0
0
0
0
0
0
0
0
0
0
0
0
0
0
0
0
0
0
0
0
0
0
0
0
0
0
0
0
0
0
0
0
0
0
0
0
0
0
0
0
0
0
0
0
0
0
0
0
0
0
0
0
0
0
0
0
0
0
0
0
0
0
0
0
0
0
0
0
0
0
0
0
0
0
0
0
0
0
0
0
0
0
0
0
0
0
0
0
0
0
0
0
0
0
0
0
0
0
0
0
0
0
0
0
0
0
0
0
0
0
0
0
0
0
0
0
0
0
0
0
0
0
0
0
0
0
0
0
0
0
0
0
0
0
0
0
0
0
0
0
0
0
0
0
0
0
0
0
0
0
0
0
0
0
0
0
0
0
0
0
0
0
0
0
0
0
0
0
0
0
0
0
0
0
0
0
0
0
0
0
0
0
0
0
0
0
0
0
0
0
0
0
0
0
0
0
0
0
0
0
0
0
0
0
0
0
0
0
0
0
0
0
0
0
-0.119704
0
0
0
0
0
0
0
0
0
0
0
0
-0.128511
0
-0.159477
-0.222961
0
0
0
0
0
0
0
0
0
0
0
0
-0.334672
-0.115038
-0.451669
-0.313877
0
0
0
0
0
0
0
0
0
0
0
0
-0.539145
-0.320837
-0.696135
-0.289961
0
0
0
0
0
0
0
0
0
0
0
0
-0.705162
-0.492139
-0.888548
-0.261059
0
0
0
0
0
0
0
0
0
0
0
0
-0.800793
-0.637951
-1.00755
-0.16941
0
0
0
0
0
0
0
0
0
0
0
0
-0.876325
-0.76414
-1.10356
-0.0744782
0
0
0
0
0
0
0
0
0
0
0
-0.23029
-0.870109
-0.867219
-1.14219
0
0
0
0
0
0
0
0
0
0
0
-0.545283
-0.325357
-0.858173
-0.950699
-1.16294
0
0
0
0
0
0
0
0
0
0
0
-0.601874
0
-0.79699
-0.998772
-1.12898
0
0
0
0
0
0
0
0
0
0
0
-0.599024
0
-0.738802
-1.03551
-1.07744
0
0
0
0
0
0
0
0
0
0
0
0
0
-0.676769
-1.03372
-0.992403
0
0
0
0
0
0
0
0
0
0
0
0
0
-0.616772
-1.01343
-0.925247
0
0
0
0
0
0
0
0
0
0
0
0
0
-0.566362
-0.925591
-0.880999
-0.0762168
0
0
0
0
0
0
0
0
0
0
0
0
-0.512786
-0.780486
-0.836523
-0.148174
0
0
0
0
0
0
0
0
0
0
0
0
0
-0.541481
-0.759909
0
0
0
0
0
0
0
0
0
0
0
0
0
0
0
-0.606555
0
0
0
0
0
0
0
0
0
0
0
0
0
0
0
0
0
0
0
0
0
0
0
0
0
0
0
0
0
0
0
0
0
0
0
0
0
0
0
0
0
0
0
0
0
0
0
0
0
0
0
0
0
0
0
0
0
0
0
0
0
0
0
0
0
0
0
0
0
0
0
0
0
0
0
0
0
0
0
0
0
0
0
0
0
0
0
0
0
0
0
0
0
0
0
0
0
0
0
0
0
0
0
0
0
0
0
0
0
0
0
0
0
0
0
0
0
0
0
0
0
0
0
0
0
0
0
0
0
0
0
0
0
0
0
0
0
0
0
0
0
0
0
0
0
0
0
0
0
0
0
0
0
0
0
0
0
0
0
0
0
0
0
0
0
0
0
0
0
0
0
0
0
0
0
0
0
0
0
0
0
0
0
0
0
0
0
0
0
0
0
0
0
0
0
0
0
0
0
0
0
0
0
0
0
0
0
0
0
0
0
0
0
0
0
0
0
0
0
0
0
0
0
0
0
0
0
0
0
0
0
0
0
0
0
0
0
0
0
0
0
0
0
0
0
0
0
0
0
0
0
0
0
0
0
0
0
0
0
0
0
0
0
0
0
0
0
0
0
0
0
0
0
0
0
0
0
0
0
0
0
0
0
0
0
0
0
0
0
0
0
0
0
0
0
0
0
0
0
0
0
0
0
0
0
0
0
0
0
0
0
0
0
0
0
0
0
0
0
0
0
0
0
0
0
0
0
0
0
0
0
0
0
0
0
0
0
0
0
0
0
0
0
0
0
0
0
0
0
0
0
0
0
0
0
0
0
0
0
0
0
0
0
0
0
0
0
0
0
0
0
0
0
0
0
0
0
0
0
0
0
0
0
0
-0.0845179
0
0
0
0
0
0
0
0
0
0
0
0
0
0
0
-0.205928
0
0
0
0
0
0
0
0
0
0
0
0
0
0
-0.0802316
-0.267677
0
0
0
0
0
0
0
0
0
0
0
0
-0.275766
0
-0.380046
-0.322641
0
0
0
0
0
0
0
0
0
0
0
0
-0.468791
-0.247008
-0.643449
-0.289037
0
0
0
0
0
0
0
0
0
0
0
0
-0.630632
-0.434996
-0.848169
-0.252765
0
0
0
0
0
0
0
0
0
0
0
0
-0.720654
-0.596259
-0.982574
-0.186188
0
0
0
0
0
0
0
0
0
0
0
0
-0.795966
-0.733995
-1.09035
-0.117434
0
0
0
0
0
0
0
0
0
0
0
0
-0.785453
-0.841033
-1.13356
-0.0591254
0
0
0
0
0
0
0
0
0
0
-0.603979
0
-0.765203
-0.932777
-1.15424
0
0
0
0
0
0
0
0
0
0
0
-0.660599
0
-0.684503
-0.980951
-1.10969
0
0
0
0
0
0
0
0
0
0
0
-0.690066
0
-0.595833
-1.01521
-1.0539
0
0
0
0
0
0
0
0
0
0
0
0
0
-0.500972
-0.987214
-0.963171
0
0
0
0
0
0
0
0
0
0
0
0
0
0
-0.923818
-0.88076
0
0
0
0
0
0
0
0
0
0
0
0
0
0
-0.777552
-0.789117
0
0
0
0
0
0
0
0
0
0
0
0
0
0
-0.575972
-0.676883
0
0
0
0
0
0
0
0
0
0
0
0
0
0
0
-0.52883
0
0
0
0
0
0
0
0
0
0
0
0
0
0
0
0
0
0
0
0
0
0
0
0
0
0
0
0
0
0
0
0
0
0
0
0
0
0
0
0
0
0
0
0
0
0
0
0
0
0
0
0
0
0
0
0
0
0
0
0
0
0
0
0
0
0
0
0
0
0
0
0
0
0
0
0
0
0
0
0
0
0
0
0
0
0
0
0
0
0
0
0
0
0
0
0
0
0
0
0
0
0
0
0
0
0
0
0
0
0
0
0
0
0
0
0
0
0
0
0
0
0
0
0
0
0
0
0
0
0
0
0
0
0
0
0
0
0
0
0
0
0
0
0
0
0
0
0
0
0
0
0
0
0
0
0
0
0
0
0
0
0
0
0
0
0
0
0
0
0
0
0
0
0
0
0
0
0
0
0
0
0
0
0
0
0
0
0
0
0
0
0
0
0
0
0
0
0
0
0
0
0
0
0
0
0
0
0
0
0
0
0
0
0
0
0
0
0
0
0
0
0
0
0
0
0
0
0
0
0
0
0
0
0
0
0
0
0
0
0
0
0
0
0
0
0
0
0
0
0
0
0
0
0
0
0
0
0
0
0
0
0
0
0
0
0
0
0
0
0
0
0
0
0
0
0
0
0
0
0
0
0
0
0
0
0
0
0
0
0
0
0
0
0
0
0
0
0
0
0
0
0
0
0
0
0
0
0
0
0
0
0
0
0
0
0
0
0
0
0
0
0
0
0
0
0
0
0
0
0
0
0
0
0
0
0
0
0
0
0
0
0
0
0
0
0
0
0
0
0
0
0
0
0
0
0
0
0
0
0
0
0
0
0
-0.442815
0
0
0
0
0
0
0
0
0
0
0
0
0
0
0
-0.451722
0
0
0
-0.0486697
0
0
0
0
0
0
0
0
0
0
0
0
0
0
0
-0.154229
0
0
0
0
0
0
0
0
0
0
0
0
0
0
0
-0.251403
0
0
0
0
0
0
0
0
0
0
0
0
0
0
0
-0.285712
0
0
0
0
0
0
0
0
0
0
0
0
-0.293487
0
-0.303928
-0.314705
0
0
0
0
0
0
0
0
0
0
0
0
-0.464881
-0.190023
-0.571889
-0.272657
0
0
0
0
0
0
0
0
0
0
0
0
-0.613846
-0.387256
-0.779635
-0.228888
0
0
0
0
0
0
0
0
0
0
0
0
-0.689295
-0.558134
-0.915841
-0.179428
0
0
0
0
0
0
0
0
0
0
0
0
-0.751355
-0.709143
-1.02507
-0.130342
0
0
0
0
0
0
0
0
0
0
0
0
-0.721329
-0.825873
-1.06835
-0.09032
0
0
0
0
0
0
0
0
0
0
-0.653919
0
-0.674203
-0.926322
-1.09629
-0.0356521
0
0
0
0
0
0
0
0
0
0
-0.75869
0
-0.556547
-0.966213
-1.06443
0
0
0
0
0
0
0
0
0
0
0
0
0
0
-0.978284
-1.023
0
0
0
0
0
0
0
0
0
0
0
0
0
0
-0.905961
-0.925244
0
0
0
0
0
0
0
0
0
0
0
0
0
0
-0.783667
-0.807061
0
0
0
0
0
0
0
0
0
0
0
0
0
0
-0.58378
-0.648191
0
0
0
0
0
0
0
0
0
0
0
0
0
0
0
-0.455512
0
0
0
0
0
0
0
0
0
0
0
0
0
0
0
0
0
0
0
0
0
0
0
0
0
0
0
0
0
0
0
0
0
0
0
0
0
0
0
0
0
0
0
0
0
0
0
0
0
0
0
0
0
0
0
0
0
0
0
0
0
0
0
0
0
0
0
0
0
0
0
0
0
0
0
0
0
0
0
0
0
0
0
0
0
0
0
0
0
0
0
0
0
0
0
0
0
0
0
0
0
0
0
0
0
0
0
0
0
0
0
0
0
0
0
0
0
0
0
0
0
0
0
0
0
0
0
0
0
0
0
0
0
0
0
0
0
0
0
0
0
0
0
0
0
0
0
0
0
0
0
0
0
0
0
0
0
0
0
0
0
0
0
0
0
0
0
0
0
0
0
0
0
0
0
0
0
0
0
0
0
0
0
0
0
0
0
0
0
0
0
0
0
0
0
0
0
0
0
0
0
0
0
0
0
0
0
0
0
0
0
0
0
0
0
0
0
0
0
0
0
0
0
0
0
0
0
0
0
0
0
0
0
0
0
0
0
0
0
0
0
0
0
0
0
0
0
0
0
0
0
0
0
0
0
0
0
0
0
0
0
0
0
0
0
0
0
0
0
0
0
0
0
0
0
0
0
0
0
0
0
0
0
0
0
0
0
0
0
0
0
0
0
0
0
0
0
0
0
0
0
0
0
0
0
0
0
0
0
0
0
0
0
0
0
0
0
0
0
0
0
0
0
0
0
0
0
0
0
0
0
0
0
0
0
0
0
0
0
0
0
0
0
0
0
0
0
0
0
0
0
0
0
0
0
0
0
0
0
0
0
0
0
0
-0.569887
0
0
0
0
0
0
0
0
0
0
0
0
0
0
0
-0.608959
0
0
0
0
0
0
0
0
0
0
0
0
0
0
0
-0.632605
0
0
0
-0.109519
0
0
0
0
0
0
0
0
0
0
0
-0.55823
0
0
0
-0.198402
0
0
0
0
0
0
0
0
0
0
0
-0.466815
0
0
0
-0.278954
0
0
0
0
0
0
0
0
0
0
0
0
0
0
0
-0.292571
0
0
0
0
0
0
0
0
0
0
0
0
-0.357169
0
-0.23304
-0.301777
0
0
0
0
0
0
0
0
0
0
0
0
-0.495205
-0.194903
-0.491839
-0.253408
0
0
0
0
0
0
0
0
0
0
0
0
-0.617713
-0.390631
-0.696337
-0.204677
0
0
0
0
0
0
0
0
0
0
0
0
-0.663957
-0.55632
-0.82789
-0.167613
0
0
0
0
0
0
0
0
0
0
0
0
-0.696218
-0.704584
-0.940425
-0.131911
0
0
0
0
0
0
0
0
0
0
0
0
-0.632369
-0.810163
-0.990472
-0.105168
0
0
0
0
0
0
0
0
0
0
0
0
-0.543957
-0.894085
-1.02943
-0.0657917
0
0
0
0
0
0
0
0
0
0
0
0
0
-0.903406
-1.00257
0
0
0
0
0
0
0
0
0
0
0
0
0
0
-0.873492
-0.950869
0
0
0
0
0
0
0
0
0
0
0
0
0
0
-0.747597
-0.820242
0
0
0
0
0
0
0
0
0
0
0
0
0
0
-0.58954
-0.645326
0
0
0
0
0
0
0
0
0
0
0
0
0
0
0
0
0
0
0
0
0
0
0
0
0
0
0
0
0
0
0
0
0
0
0
0
0
0
0
0
0
0
0
0
0
0
0
0
0
0
0
0
0
0
0
0
0
0
0
0
0
0
0
0
0
0
0
0
0
0
0
0
0
0
0
0
0
0
0
0
0
0
0
0
0
0
0
0
0
0
0
0
0
0
0
0
0
0
0
0
0
0
0
0
0
0
0
0
0
0
0
0
0
0
0
0
0
0
0
0
0
0
0
0
0
0
0
0
0
0
0
0
0
0
0
0
0
0
0
0
0
0
0
0
0
0
0
0
0
0
0
0
0
0
0
0
0
0
0
0
0
0
0
0
0
0
0
0
0
0
0
0
0
0
0
0
0
0
0
0
0
0
0
0
0
0
0
0
0
0
0
0
0
0
0
0
0
0
0
0
0
0
0
0
0
0
0
0
0
0
0
0
0
0
0
0
0
0
0
0
0
0
0
0
0
0
0
0
0
0
0
0
0
0
0
0
0
0
0
0
0
0
0
0
0
0
0
0
0
0
0
0
0
0
0
0
0
0
0
0
0
0
0
0
0
0
0
0
0
0
0
0
0
0
0
0
0
0
0
0
0
0
0
0
0
0
0
0
0
0
0
0
0
0
0
0
0
0
0
0
0
0
0
0
0
0
0
0
0
0
0
0
0
0
0
0
0
0
0
0
0
0
0
0
0
0
0
0
0
0
0
0
0
0
0
0
0
0
0
0
0
0
0
0
0
0
0
0
0
0
0
0
0
0
0
0
0
0
0
0
0
0
0
0
0
0
0
0
0
0
0
0
0
0
0
0
0
0
0
0
0
0
0
0
0
0
0
0
0
0
0
0
0
0
0
0
-0.802156
0
0
0
0
0
0
0
0
0
0
0
0
0
0
0
-0.794311
0
0
0
0
0
0
0
0
0
0
0
0
0
0
0
-0.788568
0
0
0
-0.133576
0
0
0
0
0
0
0
0
0
0
0
-0.705125
0
0
0
-0.199238
0
0
0
0
0
0
0
0
0
0
0
-0.619707
0
0
0
-0.261946
0
0
0
0
0
0
0
0
0
0
0
0
0
0
0
-0.258216
0
0
0
0
0
0
0
0
0
0
0
0
0
0
-0.191016
-0.252946
0
0
0
0
0
0
0
0
0
0
0
0
-0.474799
0
-0.439039
-0.200766
0
0
0
0
0
0
0
0
0
0
0
0
-0.569824
-0.388861
-0.641174
-0.151786
0
0
0
0
0
0
0
0
0
0
0
0
-0.583744
-0.536291
-0.767521
-0.13031
0
0
0
0
0
0
0
0
0
0
0
0
-0.583304
-0.66577
-0.878492
-0.116677
0
0
0
0
0
0
0
0
0
0
0
0
-0.489748
-0.743003
-0.921932
0
0
0
0
0
0
0
0
0
0
0
0
0
0
-0.793496
-0.948826
0
0
0
0
0
0
0
0
0
0
0
0
0
0
-0.761752
-0.90032
0
0
0
0
0
0
0
0
0
0
0
0
0
0
-0.699455
-0.813267
0
0
0
0
0
0
0
0
0
0
0
0
0
0
-0.573022
-0.633668
0
0
0
0
0
0
0
0
0
0
0
0
0
0
0
0
0
0
0
0
0
0
0
0
0
0
0
0
0
0
0
0
0
0
0
0
0
0
0
0
0
0
0
0
0
0
0
0
0
0
0
0
0
0
0
0
0
0
0
0
0
0
0
0
0
0
0
0
0
0
0
0
0
0
0
0
0
0
0
0
0
0
0
0
0
0
0
0
0
0
0
0
0
0
0
0
0
0
0
0
0
0
0
0
0
0
0
0
0
0
0
0
0
0
0
0
0
0
0
0
0
0
0
0
0
0
0
0
0
0
0
0
0
0
0
0
0
0
0
0
0
0
0
0
0
0
0
0
0
0
0
0
0
0
0
0
0
0
0
0
0
0
0
0
0
0
0
0
0
0
0
0
0
0
0
0
0
0
0
0
0
0
0
0
0
0
0
0
0
0
0
0
0
0
0
0
0
0
0
0
0
0
0
0
0
0
0
0
0
0
0
0
0
0
0
0
0
0
0
0
0
0
0
0
0
0
0
0
0
0
0
0
0
0
0
0
0
0
0
0
0
0
0
0
0
0
0
0
0
0
0
0
0
0
0
0
0
0
0
0
0
0
0
0
0
0
0
0
0
0
0
0
0
0
0
0
0
0
0
0
0
0
0
0
0
0
0
0
0
0
0
0
0
0
0
0
0
0
0
0
0
0
0
0
0
0
0
0
0
0
0
0
0
0
0
0
0
0
0
0
0
0
0
0
0
0
0
0
0
0
0
0
0
0
0
0
0
0
0
0
0
0
0
0
0
0
0
0
0
0
0
0
0
0
0
0
0
0
0
0
0
0
0
0
0
0
0
0
0
0
0
0
0
0
0
0
0
0
0
0
0
0
0
0
0
0
0
0
0
0
0
0
0
0
0
0
0
0
0
0
0
0
0
0
0
0
0
0
0
0
0
0
0
0
0
0
0
0
0
0
0
0
0
0
0
0
0
0
-1.06873
0
0
0
0
0
0
0
0
0
0
0
0
0
0
0
-1.03359
0
0
0
0
0
0
0
0
0
0
0
0
0
0
0
-0.932996
0
0
0
0
0
0
0
0
0
0
0
0
0
0
0
-0.843781
0
0
0
-0.238053
0
0
0
0
0
0
0
0
0
0
0
0
0
0
0
-0.220945
0
0
0
0
0
0
0
0
0
0
0
0
0
0
0
-0.206787
0
0
0
0
0
0
0
0
0
0
0
0
0
0
-0.3703
0
0
0
0
0
0
0
0
0
0
0
0
0
0
0
-0.558664
0
0
0
0
0
0
0
0
0
0
0
0
0
0
0
-0.661608
0
0
0
0
0
0
0
0
0
0
0
0
0
0
-0.513984
-0.749384
0
0
0
0
0
0
0
0
0
0
0
0
0
0
-0.559929
-0.763126
0
0
0
0
0
0
0
0
0
0
0
0
0
0
-0.592353
-0.755495
0
0
0
0
0
0
0
0
0
0
0
0
0
0
-0.569703
-0.671979
0
0
0
0
0
0
0
0
0
0
0
0
0
0
0
-0.558899
0
0
0
0
0
0
0
0
0
0
0
0
0
0
0
0
0
0
0
0
0
0
0
0
0
0
0
0
0
0
0
0
0
0
0
0
0
0
0
0
0
0
0
0
0
0
0
0
0
0
0
0
0
0
0
0
0
0
0
0
0
0
0
0
0
0
0
0
0
0
0
0
0
0
0
0
0
0
0
0
0
0
0
0
0
0
0
0
0
0
0
0
0
0
0
0
0
0
0
0
0
0
0
0
0
0
0
0
0
0
0
0
0
0
0
0
0
0
0
0
0
0
0
0
0
0
0
0
0
0
0
0
0
0
0
0
0
0
0
0
0
0
0
0
0
0
0
0
0
0
0
0
0
0
0
0
0
0
0
0
0
0
0
0
0
0
0
0
0
0
0
0
0
0
0
0
0
0
0
0
0
0
0
0
0
0
0
0
0
0
0
0
0
0
0
0
0
0
0
0
0
0
0
0
0
0
0
0
0
0
0
0
0
0
0
0
0
0
0
0
0
0
0
0
0
0
0
0
0
0
0
0
0
0
0
0
0
0
0
0
0
0
0
0
0
0
0
0
0
0
0
0
0
0
0
0
0
0
0
0
0
0
0
0
0
0
0
0
0
0
0
0
0
0
0
0
0
0
0
0
0
0
0
0
0
0
0
0
0
0
0
0
0
0
0
0
0
0
0
0
0
0
0
0
0
0
0
0
0
0
0
0
0
0
0
0
0
0
0
0
0
0
0
0
0
0
0
0
0
0
0
0
0
0
0
0
0
0
0
0
0
0
0
0
0
0
0
0
0
0
0
0
0
0
0
0
0
0
0
0
0
0
0
0
0
0
0
0
0
0
0
0
0
0
0
0
0
0
0
0
0
0
0
0
0
0
0
0
0
0
0
0
0
0
0
0
0
0
0
0
0
0
0
0
0
0
0
0
0
0
0
0
0
0
0
0
0
0
0
0
0
0
0
0
0
0
0
0
0
0
0
0
0
0
0
0
0
0
0
0
0
0
0
0
0
0
0
0
0
0
0
0
0
0
0
0
0
0
0
0
0
0
0
0
0
0
0
0
0
0
0
0
0
0
0
0
0
0
0
0
0
0
0
0
0
0
0
0
0
0
0
0
0
0
0
0
0
0
0
0
0
0
0
0
0
0
0
0
0
0
0
0
0
0
0
0
0
0
0
0
0
0
0
0
0
0
0
0
0
0
0
0
0
0
0
0
0
0
0
0
0
0
0
0
0
0
0
0
0
0
0
0
0
0
0
0
0
0
0
0
0
0
0
0
0
0
0
0
0
0
0
0
0
0
0
-0.465668
0
0
0
0
0
0
0
0
0
0
0
0
0
0
0
-0.519772
0
0
0
0
0
0
0
0
0
0
0
0
0
0
0
-0.499346
0
0
0
0
0
0
0
0
0
0
0
0
0
0
0
0
0
0
0
0
0
0
0
0
0
0
0
0
0
0
0
0
0
0
0
0
0
0
0
0
0
0
0
0
0
0
0
0
0
0
0
0
0
0
0
0
0
0
0
0
0
0
0
0
0
0
0
0
0
0
0
0
0
0
0
0
0
0
0
0
0
0
0
0
0
0
0
0
0
0
0
0
0
0
0
0
0
0
0
0
0
0
0
0
0
0
0
0
0
0
0
0
0
0
0
0
0
0
0
0
0
0
0
0
0
0
0
0
0
0
0
0
0
0
0
0
0
0
0
0
0
0
0
0
0
0
0
0
0
0
0
0
0
0
0
0
0
0
0
0
0
0
0
0
0
0
0
0
0
0
0
0
0
0
0
0
0
0
0
0
0
0
0
0
0
0
0
0
0
0
0
0
0
0
0
0
0
0
0
0
0
0
0
0
0
0
0
0
0
0
0
0
0
0
0
0
0
0
0
0
0
0
0
0
0
0
0
0
0
0
0
0
0
0
0
0
0
0
0
0
0
0
0
0
0
0
0
0
0
0
0
0
0
0
0
0
0
0
0
0
0
0
0
0
0
0
0
0
0
0
0
0
0
0
0
0
0
0
0
0
0
0
0
0
0
0
0
0
0
0
0
0
0
0
0
0
0
0
0
0
0
0
0
0
0
0
0
0
0
0
0
0
0
0
0
0
0
0
0
0
0
0
0
0
0
0
0
0
0
0
0
0
0
0
0
0
0
0
0
0
0
0
0
0
0
0
0
0
0
0
0
0
0
0
0
0
0
0
0
0
0
0
0
0
0
0
0
0
0
0
0
0
0
0
0
0
0
0
0
0
0
0
0
0
0
0
0
0
0
0
0
0
0
0
0
0
0
0
0
0
0
0
0
0
0
0
0
0
0
0
0
0
0
0
0
0
0
0
0
0
0
0
0
0
0
0
0
0
0
0
0
0
0
0
0
0
0
0
0
0
0
0
0
0
0
0
0
0
0
0
0
0
0
0
0
0
0
0
0
0
0
0
0
0
0
0
0
0
0
0
0
0
0
0
0
0
0
0
0
0
0
0
0
0
0
0
0
0
0
0
0
0
0
0
0
0
0
0
0
0
0
0
0
0
0
0
0
0
0
0
0
0
0
0
0
0
0
0
0
0
0
0
0
0
0
0
0
0
0
0
0
0
0
0
0
0
0
0
0
0
0
0
0
0
0
0
0
0
0
0
0
0
0
0
0
0
0
0
0
0
0
0
0
0
0
0
0
0
0
0
0
0
0
0
0
0
0
0
0
0
0
0
0
0
0
0
0
0
0
0
0
0
0
0
0
0
0
0
0
0
0
0
0
0
0
0
0
0
0
0
0
0
0
0
0
0
0
0
0
0
0
0
0
0
0
0
0
0
0
0
0
0
0
0
0
0
0
0
0
0
0
0
0
0
0
0
0
0
0
0
0
0
0
0
0
0
0
0
0
0
0
0
0
0
0
0
0
0
0
0
0
0
0
0
0
0
0
0
0
0
0
0
0
0
0
0
0
0
0
0
0
0
0
0
0
0
0
0
0
0
0
0
0
0
0
0
0
0
0
0
0
0
0
0
0
0
0
0
0
0
0
0
0
0
0
0
0
0
0
0
0
0
0
0
0
0
0
0
0
0
0
0
0
0
0
0
0
0
0
0
0
0
0
0
0
0
0
0
0
0
0
0
0
0
0
0
0
0
0
0
0
0
0
0
0
0
0
0
0
0
0
0
0
0
0
0
0
0
0
0
0
0
0
0
0
0
0
0
0
0
0
0
0
0
0
0
0
0
0
0
0
0
0
0
0
0
0
0
0
0
0
0
0
0
0
0
0
0
0
0
0
0
0
0
0
0
0
0
0
0
0
0
0
0
0
0
0
0
0
0
0
0
0
0
0
0
0
0
0
0
0
0
0
0
0
0
0
0
0
0
0
0
0
0
0
0
0
0
0
0
0
0
0
0
0
0
0
0
0
0
0
0
0
0
0
0
0
0
0
0
0
0
0
0
0
0
0
0
0
0
0
0
0
0
0
0
0
0
0
0
0
0
0
0
0
0
0
0
0
0
0
0
0
0
0
0
0
0
0
0
0
0
0
0
0
0
0
0
0
0
0
0
0
0
0
0
0
0
0
0
0
0
0
0
0
0
0
0
0
0
0
0
0
0
0
0
0
0
0
0
0
0
0
0
0
0
0
0
0
0
0
0
0
0
0
0
0
0
0
0
0
0
0
0
0
0
0
0
0
0
0
0
0
0
0
0
0
0
0
0
0
0
0
0
0
0
0
0
0
0
0
0
0
0
0
0
0
0
0
0
0
0
0
0
0
0
0
0
0
0
0
0
0
0
0
0
0
0
0
0
0
0
0
0
0
0
0
0
0
0
0
0
0
0
0
0
0
0
0
0
0
0
0
0
0
0
0
0
0
0
0
0
0
0
0
0
0
0
0
0
0
0
0
0
0
0
0
0
0
0
0
0
0
0
0
0
0
0
0
0
0
0
0
0
0
0
0
0
0
0
0
0
0
0
0
0
0
0
0
0
0
0
0
0
0
0
0
0
0
0
0
0
0
0
0
0
0
0
0
0
0
0
0
0
0
0
0
0
0
0
0
0
0
0
0
0
0
0
0
0
0
0
0
0
0
0
0
0
0
0
0
0
0
0
0
0
0
0
0
0
0
0
0
0
0
0
0
0
0
0
0
0
0
0
0
0
0
0
0
0
0
0
0
0
0
0
0
0
0
0
0
0
0
0
0
0
0
0
0
0
0
0
0
0
0
0
0
0
0
0
0
0
0
0
0
0
0
0
0
0
0
0
0
0
0
0
0
0
0
0
0
0
0
0
0
0
0
0
0
0
0
0
0
0
0
0
0
0
0
0
0
0
0
0
0
0
0
0
0
0
0
0
0
0
0
0
0
0
0
0
0
0
0
0
0
0
0
0
0
0
0
0
0
0
0
0
0
0
0
0
0
0
0
0
0
0
0
0
0
0
0
0
0
0
0
0
0
0
0
0
0
0
0
0
0
0
0
0
0
0
0
0
0
0
0
0
0
0
0
0
0
0
0
0
0
0
0
0
0
0
0
0
0
0
0
0
0
0
0
0
0
0
0
0
0
0
0
0
0
0
0
0
0
0
0
0
0
0
0
0
0
0
0
0
0
0
0
0
0
0
0
0
0
0
0
0
0
0
0
0
0
0
0
0
0
0
0
0
0
0
0
0
0
0
0
0
0
0
0
0
0
0
0
0
0
0
0
0
0
0
0
0
0
0
0
0
0
0
0
0
0
0
0
0
0
0
0
0
0
0
0
0
0
0
0
0
0
0
0
0
0
0
0
0
0
0
0
0
0
0
0
0
0
0
0
0
0
0
0
0
0
0
0
0
0
0
0
0
0
0
0
0
0
0
0
0
0
0
0
0
0
0
0
0
0
0
0
0
0
0
0
0
0
0
0
0
0
0
0
0
0
0
0
0
0
0
0
0
