250
 0.012566370614359173
 0
 0
 0
 0
 0
 0
 0
 0
 0
 0
 0
 0
 0
 0
 0
 0
 0
 0
 0
 0
 0
 0
 0
 0
 0
 0
 0
 0
 0
 0
 0
 0
 0
 0
 0
 0
 0
 0
 0
 0
 0
 0
 0
 0
 0
 0
 0
 0
 0
 0
 0
 0
 0
 0
 0
 0
 0
 0
 0
 0
 0
 0
 0
 0
 0
 0
 0
 0
 0
 0
 0
 0
 0
 0
 0
 0
 0
 0
 0
 0
 0
 0
 0
 0
 0
 0
 0
 0
 0
 0
 0
 0
 0
 0
 0
 0
 0
 0
 0
 0
 0
 0
 0
 0
 -0.6153625168511887
 -1.2278613243899246
 -1.7995332883763533
 -2.326362979982733
 -2.811435150107389
 -3.260836466109966
 -3.673053030337039
 -4.0500577740276285
 -4.395044608400651
 -4.707903067998626
 -4.989231245702083
 -5.240238324164788
 -5.4610376766084
 -5.65185727804568
 -5.813245036155987
 -5.94556426357315
 -6.049706796534405
 -6.126687222483999
 -6.1775035626096
 -6.204283632586657
 -6.2090499075990095
 -6.193631430627528
 -6.160863028672764
 -6.11294165142953
 -6.051686639804796
 -5.979013984291228
 -5.896521925407148
 -5.806007110143815
 -5.709914592623409
 -5.611368836549313
 -5.514375188167625
 -5.423215144711628
 -5.341401169129768
 -5.271608193652536
 -5.215167785266152
 -5.171738922814104
 -5.140640909319297
 -5.121080489181493
 -5.11162047411491
 -5.110837713972701
 -5.116992361760772
 -5.127652665750451
 -5.14032975539482
 -5.152536361336688
 -5.162029611284098
 -5.167080595124405
 -5.166414404387536
 -5.159431836153445
 -5.146209056675674
 -5.127180273802549
 -5.103050597502792
 -5.07451774646598
 -5.0417689737651505
 -5.004313278115098
 -4.961123073840292
 -4.9106512743161295
 -4.851005819676429
 -4.78066386106661
 -4.698274369437719
 -4.602840780218039
 -4.494164849289049
 -4.372781517046814
 -4.240560109331151
 -4.101108284564539
 -3.9598235152641914
 -3.8242191399973295
 -3.7023248313928825
 -3.5999142337217584
 -3.519655327187534
 -3.4598757970682685
 -3.4151983308680594
 -3.3801488431563076
 -3.3503837535220837
 -3.323061448392666
 -3.2967268828660874
 -3.270230439922158
 -3.2421611112382855
 -3.210989186748506
 -3.1754802612642683
 -3.13540912758356
 -3.0915947866622933
 -3.0454070406127256
 -2.9978706989769988
 -2.948618296349829
 -2.895507988383695
 -2.8349058212410725
 -2.7630707687118337
 -2.6773915091068208
 -2.5779058279804152
 -2.46869771726581
 -2.357757833855949
 -2.256792225612938
 -2.1762262647723993
 -2.1217621189712235
 -2.0916464230301797
 -2.076399480422639
 -2.064593016227329
 -2.0463127363526565
 -2.0152043051716015
 -1.9686759576865862
 -1.9063058062598568
 -1.8289134029591425
 -1.7373713975484923
 -1.6315188941470513
 -1.51007485432378
 -1.370693660730729
 -1.2100483489806564
 -1.024343516897721
 -0.8092052018366829
 -0.5599596222602692
 -0.27278997006501626
 0
 0
 0
 0
 0
 0
 0
 0
 0
 0
 0
 0
 0
 0
 0
 0
 0
 0
 0
 0
 0
 0
 0
 0
 0
 0
 0
 0
 0
 0
 0
 0
 0
 0
 0
 0
 