41 41 14
0.2 0.2 0.2
-4 -4 2
0
0
0
0
0
0
0
0
0
0
0
0
0
0
0
0
0
0
0
0
0
0
0
0
0
0
0
0
0
0
0
0
0
0
0
0
0
0
0
0
0
0
0
0
0
0
0
0
0
0
0
0
0
0
0
0
0
0
0
0
0
0
0
0
0
0
0
0
0
0
0
0
0
0
0
0
0
0
0
0
0
0
0
0
0
0
0
0
0
0
0
0
0
0
0
0
0
0
0
0
0
0
0
0
0
0
0
0
0
0
0
0
0
0
0
0
0
0
0
0
0
0
0
0
0
0
0
0
0
0
0
0
0
0
0
0
0
0
0
0
0
0
0
0
0
0
0
0
0
0
0
0
0
0
0
0
0
0
0
0
0
0
0
0
0
0
0
0
0
0
0
0
0
0
0
0
0
0
0
0
0
0
0
0
0
0
0
0
0
0
0
0
0
0
0
0
0
0
0
0
0
0
0
0
0
0
0
0
0
0
0
0
0
0
0
0
0
0
0
0
0
0
0
0
0
0
0
0
0
0
0
0
0
0
0
0
0
0
0
0
0
0
0
0
0
0
0
0
0
0
0
0
0
0
0
0
0
0
0
0
0
0
0
0
0
0
0
0
0
0
0
0
0
0
0
0
0
0
0
0
0
0
0
0
0
0
-1.24499
0
0
0
0
0
0
0
0
0
0
0
0
0
0
0
0
0
0
0
0
0
0
0
0
0
0
0
0
0
0
0
0
0
0
0
0
0
0
0
0
0
0
0
0
0
0
0
0
0
0
0
0
0
0
0
0
0
0
0
0
0
0
0
0
0
0
0
0
0
0
0
0
0
0
0
0
0
0
0
0
0
0
0
0
0
0
0
0
0
0
0
0
0
0
0
0
0
0
0
0
0
0
0
0
0
0
0
0
0
0
0
0
0
0
0
0
0
0
0
0
0
0
0
0
0
0
0
0
0
0
0
0
0
0
0
0
0
0
0
0
0
0
0
0
0
0
0
0
0
0
0
0
0
0
0
0
0
0
0
0
0
0
0
0
0
0
0
0
0
0
0
0
0
0
0
0
0
0
0
0
0
0
0
0
0
0
0
0
0
0
0
0
0
0
0
0
0
0
0
0
0
0
0
0
0
0
0
0
0
0
0
0
0
0
0
0
0
0
0
0
0
0
0
0
0
0
0
0
0
0
0
0
0
0
0
0
0
0
0
0
0
0
0
0
0
0
0
0
0
0
0
0
0
0
0
0
0
0
0
0
0
0
0
0
0
0
0
0
0
0
0
0
0
0
0
0
0
0
0
0
0
0
0
0
0
0
0
0
0
0
0
0
0
0
0
0
0
0
0
0
0
0
0
0
0
0
0
0
0
0
0
0
0
0
0
0
0
0
0
0
0
0
0
0
0
0
0
0
0
0
0
0
0
0
0
0
0
0
0
0
0
0
0
0
0
0
0
0
0
0
0
0
0
0
0
0
0
0
0
0
0
0
0
0
0
0
0
0
0
0
0
0
0
0
0
0
0
0
0
0
0
0
0
0
0
0
0
0
0
0
0
0
0
0
0
0
0
0
0
0
0
0
0
0
0
0
0
0
0
0
0
0
0
0
0
0
0
0
0
0
0
0
0
0
0
0
0
0
0
0
0
0
0
0
0
0
0
0
0
0
0
0
0
0
0
0
0
0
0
0
0
0
0
0
0
0
0
0
0
0
0
0
0
0
0
0
0
0
0
0
0
0
0
0
0
0
0
0
0
0
0
0
0
0
0
0
0
0
0
0
0
0
0
0
0
0
0
0
0
0
0
0
0
0
0
0
0
0
0
0
0
0
0
0
0
0
0
0
0
0
0
0
0
0
0
0
0
0
0
0
0
0
0
0
0
0
0
0
0
0
0
0
0
0
0
-1.09245
0
0
0
0
0
0
0
0
0
0
0
0
0
-1.1962
-1.3396
0
0
0
0
0
0
0
0
0
0
0
0
-1.23577
-1.49828
0
0
0
0
0
0
0
0
0
0
0
0
-1.06466
-1.35692
0
0
0
0
0
0
0
0
0
0
0
0
0
0
0
0
0
0
0
0
0
0
0
0
0
0
0
0
0
0
0
0
0
0
0
0
0
0
0
0
0
0
0
0
0
0
0
0
0
0
0
0
0
0
0
0
0
0
0
0
0
0
0
0
0
0
0
0
0
0
0
0
0
0
0
0
0
0
0
0
0
0
0
0
0
0
0
0
0
0
0
0
0
0
0
0
0
0
0
0
0
0
0
0
0
0
0
0
0
0
0
0
0
0
0
0
0
0
0
0
0
0
0
0
0
0
0
0
0
0
0
0
0
0
0
0
0
0
0
0
0
0
0
0
0
0
0
0
0
0
0
0
0
0
0
0
0
0
0
0
0
0
0
0
0
0
0
0
0
0
0
0
0
0
0
0
0
0
0
0
0
0
0
0
0
0
0
0
0
0
0
0
0
0
0
0
0
0
0
0
0
0
0
0
0
0
0
0
0
0
0
0
0
0
0
0
0
0
0
0
0
0
0
0
0
0
0
0
0
0
0
0
0
0
0
0
0
0
0
0
0
0
0
0
0
0
0
0
0
0
0
0
0
0
0
0
0
0
0
0
0
0
0
0
0
0
0
0
0
0
0
0
0
0
0
0
0
0
0
0
0
0
0
0
0
0
0
0
0
0
0
0
0
0
0
0
0
0
0
0
0
0
0
0
0
0
0
0
0
0
0
0
0
0
0
0
0
0
0
0
0
0
0
0
0
0
0
0
0
0
0
0
0
0
0
0
0
0
0
0
0
0
0
0
0
0
0
0
0
0
0
0
0
0
0
0
0
0
0
0
0
0
0
0
0
0
0
0
0
0
0
0
0
0
0
0
0
0
0
0
0
0
0
0
0
0
0
0
0
0
0
0
0
0
0
0
0
0
0
0
0
0
0
0
0
0
0
0
0
0
0
0
0
0
0
0
0
0
0
0
0
0
0
0
0
0
0
0
0
0
0
0
0
0
0
0
0
0
0
0
0
0
0
0
0
0
0
0
0
0
0
0
0
0
0
0
0
0
0
0
0
0
0
0
0
0
0
0
0
0
0
0
0
0
0
0
0
0
0
0
0
0
0
0
0
0
0
0
0
0
0
0
0
0
0
0
0
0
0
0
0
0
0
0
0
0
0
0
0
0
0
0
0
0
0
0
-0.722207
0
0
0
0
0
0
0
0
0
0
0
0
0
-1.03439
-1.05257
0
0
0
0
0
0
0
0
0
0
0
0
-1.15014
-1.27303
0
0
0
0
0
0
0
0
0
0
0
0
-1.20392
-1.43108
0
0
0
0
0
0
0
0
0
0
0
0
-1.06061
-1.30979
0
0
0
0
0
0
0
0
0
0
0
0
-0.879536
-1.15668
0
0
0
0
0
0
0
0
0
0
0
0
-0.60974
-0.92535
0
0
0
0
0
0
0
0
0
0
0
0
0
0
0
0
0
0
0
0
0
0
0
0
0
0
0
0
0
0
0
0
0
0
0
0
0
0
0
0
0
0
0
0
0
0
0
0
0
0
0
0
0
0
0
0
0
0
0
0
0
0
0
0
0
0
0
0
0
0
0
0
0
0
0
0
0
0
0
0
0
0
0
0
0
0
0
0
0
0
0
0
0
0
0
0
0
0
0
0
0
0
0
0
0
0
0
0
0
0
0
0
0
0
0
0
0
0
0
0
0
0
0
0
0
0
0
0
0
0
0
0
0
0
0
0
0
0
0
0
0
0
0
0
0
0
0
0
0
0
0
0
0
0
0
0
0
0
0
0
0
0
0
0
0
0
0
0
0
0
0
0
0
0
0
0
0
0
0
0
0
0
0
0
0
0
0
0
0
0
0
0
0
0
0
0
0
0
0
0
0
0
0
0
0
0
0
0
0
0
0
0
0
0
0
0
0
0
0
0
0
0
0
0
0
0
0
0
0
0
0
0
0
0
0
0
0
0
0
0
0
0
0
0
0
0
0
0
0
0
0
0
0
0
0
0
0
0
0
0
0
0
0
0
0
0
0
0
0
0
0
0
0
0
0
0
0
0
0
0
0
0
0
0
0
0
0
0
0
0
0
0
0
0
0
0
0
0
0
0
0
0
0
0
0
0
0
0
0
0
0
0
0
0
0
0
0
0
0
0
0
0
0
0
0
0
0
0
0
0
0
0
0
0
0
0
0
0
0
0
0
0
0
0
0
0
0
0
0
0
0
0
0
0
0
0
0
0
0
0
0
0
0
0
0
0
0
0
0
0
0
0
0
0
0
0
0
0
0
0
0
0
0
0
0
0
0
0
0
0
0
0
0
0
0
0
0
0
0
0
0
0
0
0
0
0
0
0
0
0
0
0
0
0
0
0
0
0
0
0
0
0
0
0
0
0
0
0
0
0
0
0
0
0
0
0
0
0
0
0
0
0
0
0
0
0
0
0
0
0
0
0
0
0
0
0
0
0
-0.100147
0
0
0
0
0
0
0
0
0
0
0
0
0
-0.0552976
0
-0.317382
0
0
0
0
0
0
0
0
0
0
0
0
0
-0.701604
-0.622565
0
0
0
0
0
0
0
0
0
0
0
0
-1.01126
-0.953267
0
0
0
0
0
0
0
0
0
0
0
0
-1.13698
-1.16718
0
0
0
0
0
0
0
0
0
0
0
0
-1.19988
-1.32369
-0.890835
0
0
0
0
0
0
0
0
0
0
0
-1.08172
-1.22596
-1.05576
0
0
0
0
0
0
0
0
0
0
0
-0.926342
-1.10259
-1.1538
0
0
0
0
0
0
0
0
0
0
0
-0.693252
-0.919242
-1.1769
0
0
0
0
0
0
0
0
0
-0.0418285
0
-0.430198
-0.860661
-1.05045
0
0
0
0
0
0
0
0
0
-0.116203
0
0
-0.861407
0
0
0
0
0
0
0
0
0
0
-0.0854712
0
0
-0.918942
0
0
0
0
0
0
0
0
0
0
0
0
0
-0.960212
0
0
0
0
0
0
0
0
0
0
0
0
0
0
0
0
0
0
0
0
0
0
0
0
0
0
0
0
0
0
0
0
0
0
0
0
0
0
0
0
0
0
0
0
0
0
0
0
0
0
0
0
0
0
0
0
0
0
0
0
0
0
0
0
0
0
0
0
0
0
0
0
0
0
0
0
0
0
0
0
0
0
0
0
0
0
0
0
0
0
0
0
0
0
0
0
0
0
0
0
0
0
0
0
0
0
0
0
0
0
0
0
0
0
0
0
0
0
0
0
0
0
0
0
0
0
0
0
0
0
0
0
0
0
0
0
0
0
0
0
0
0
0
0
0
0
0
0
0
0
0
0
0
0
0
0
0
0
0
0
0
0
0
0
0
0
0
0
0
0
0
0
0
0
0
0
0
0
0
0
0
0
0
0
0
0
0
0
0
0
0
0
0
0
0
0
0
0
0
0
0
0
0
0
0
0
0
0
0
0
0
0
0
0
0
0
0
0
0
0
0
0
0
0
0
0
0
0
0
0
0
0
0
0
0
0
0
0
0
0
0
0
0
0
0
0
0
0
0
0
0
0
0
0
0
0
0
0
0
0
0
0
0
0
0
0
0
0
0
0
0
0
0
0
0
0
0
0
0
0
0
0
0
0
0
0
0
0
0
0
0
0
0
0
0
0
0
0
0
0
0
0
0
0
0
0
0
0
0
0
0
0
0
0
0
0
0
0
0
0
0
0
0
0
0
0
0
0
0
0
0
0
0
0
0
0
0
0
0
0
0
0
0
0
0
0
0
0
0
0
0
0
0
0
0
0
0
0
0
0
0
0
0
0
0
0
0
0
0
0
0
0
0
0
0
0
0
0
0
0
0
0
0
0
0
0
0
0
0
0
0
0
0
0
0
0
0
0
0
0
0
0
-0.196345
0
0
0
0
0
0
0
0
0
0
0
0
0
-0.199176
0
-0.383587
-0.381905
0
0
0
0
0
0
0
0
0
0
-0.162592
0
-0.768806
-0.576063
0
0
0
0
0
0
0
0
0
0
-0.0436041
0
-1.07602
-0.89213
0
0
0
0
0
0
0
0
0
0
0
-0.0939139
-1.20869
-1.10508
-0.603442
0
0
0
0
0
0
0
0
0
0
-0.160385
-1.2774
-1.26154
-0.90817
-0.824187
0
0
0
0
0
0
0
0
0
-0.206738
-1.1807
-1.18468
-1.09316
-1.06152
0
0
0
0
0
0
0
0
0
-0.225591
-1.04565
-1.08244
-1.20411
-1.21157
0
0
0
0
0
0
0
0
0
-0.208349
-0.838456
-0.929386
-1.23849
-1.28354
0
0
0
0
0
0
0
0
-0.0558288
-0.0859049
-0.580352
-0.870216
-1.1085
-1.1375
0
0
0
0
0
0
0
0
-0.169181
0
-0.247101
-0.858329
-0.881693
0
0
0
0
0
0
0
0
0
-0.174513
0
0
-0.896364
0
0
0
0
0
0
0
0
0
0
-0.128015
0
0
-0.9457
0
0
0
0
0
0
0
0
0
0
0
0
0
-1.00275
0
0
0
0
0
0
0
0
0
0
0
0
0
-1.11871
0
0
0
0
0
0
0
0
0
0
0
0
0
-1.24539
0
0
0
0
0
0
0
0
0
0
0
0
0
0
0
0
0
0
0
0
0
0
0
0
0
0
0
0
0
0
0
0
0
0
0
0
0
0
0
0
0
0
0
0
0
0
0
0
0
0
0
0
0
0
0
0
0
0
0
0
0
0
0
0
0
0
0
0
0
0
0
0
0
0
0
0
0
0
0
0
0
0
0
0
0
0
0
0
0
0
0
0
0
0
0
0
0
0
0
0
0
0
0
0
0
0
0
0
0
0
0
0
0
0
0
0
0
0
0
0
0
0
0
0
0
0
0
0
0
0
0
0
0
0
0
0
0
0
0
0
0
0
0
0
0
0
0
0
0
0
0
0
0
0
0
0
0
0
0
0
0
0
0
0
0
0
0
0
0
0
0
0
0
0
0
0
0
0
0
0
0
0
0
0
0
0
0
0
0
0
0
0
0
0
0
0
0
0
0
0
0
0
0
0
0
0
0
0
0
0
0
0
0
0
0
0
0
0
0
0
0
0
0
0
0
0
0
0
0
0
0
0
0
0
0
0
0
0
0
0
0
0
0
0
0
0
0
0
0
0
0
0
0
0
0
0
0
0
0
0
0
0
0
0
0
0
0
0
0
0
0
0
0
0
0
0
0
0
0
0
0
0
0
0
0
0
0
0
0
0
0
0
0
0
0
0
0
0
0
0
0
0
0
0
0
0
0
0
0
0
0
0
0
0
0
0
0
0
0
0
0
0
0
0
0
0
0
0
0
0
0
0
0
0
0
0
0
0
0
0
0
0
0
0
0
0
0
0
0
-0.272697
0
0
0
0
0
0
0
0
0
0
-0.204657
0
0
-0.239158
0
0
0
0
0
0
0
0
0
0
-0.279312
0
-0.496647
-0.355664
0
0
0
0
0
0
0
0
0
0
-0.309075
0
-0.875106
-0.564115
0
0
0
0
0
0
0
0
0
0
-0.251604
-0.117066
-1.17088
-0.874526
-0.278088
-0.573047
0
0
0
0
0
0
0
0
-0.0823741
-0.230816
-1.30068
-1.088
-0.659808
-0.755315
0
0
0
0
0
0
0
0
0
-0.289204
-1.36797
-1.24437
-0.952858
-0.959657
0
0
0
0
0
0
0
0
0
-0.338673
-1.28776
-1.18531
-1.13834
-1.16733
0
0
0
0
0
0
0
0
0
-0.365144
-1.17139
-1.09843
-1.24605
-1.29143
0
0
0
0
0
0
0
0
0
-0.366055
-0.990589
-0.962534
-1.27634
-1.33308
0
0
0
0
0
0
0
0
-0.0574291
-0.252358
-0.745498
-0.893331
-1.13422
-1.16907
0
0
0
0
0
0
0
0
-0.181108
-0.0833687
-0.426732
-0.858933
-0.895595
-0.861602
0
0
0
0
0
0
0
0
-0.214167
0
-0.108287
-0.878067
-0.576409
0
0
0
0
0
0
0
0
0
-0.216259
0
0
-0.939334
0
0
0
0
0
0
0
0
0
0
-0.183362
0
0
-1.05003
0
0
0
0
0
0
0
0
0
0
-0.122147
0
0
-1.22483
0
0
0
0
0
0
0
0
0
0
0
0
-0.533518
-1.40497
0
0
0
0
0
0
0
0
0
0
0
0
-0.746544
-1.50562
0
0
0
0
0
0
0
0
0
0
0
0
0
-1.54792
0
0
0
0
0
0
0
0
0
0
0
0
0
0
0
0
0
0
0
0
0
0
0
0
0
0
0
0
0
0
0
0
0
0
0
0
0
0
0
0
0
0
0
0
0
0
0
0
0
0
0
0
0
0
0
0
0
0
0
0
0
0
0
0
0
0
0
0
0
0
0
0
0
0
0
0
0
0
0
0
0
0
0
0
0
0
0
0
0
0
0
0
0
0
0
0
0
0
0
0
0
0
0
0
0
0
0
0
0
0
0
0
0
0
0
0
0
0
0
0
0
0
0
0
0
0
0
0
0
0
0
0
0
0
0
0
0
0
0
0
0
0
0
0
0
0
0
0
0
0
0
0
0
0
0
0
0
0
0
0
0
0
0
0
0
0
0
0
0
0
0
0
0
0
0
0
0
0
0
0
0
0
0
0
0
0
0
0
0
0
0
0
0
0
0
0
0
0
0
0
0
0
0
0
0
0
0
0
0
0
0
0
0
0
0
0
0
0
0
0
0
0
0
0
0
0
0
0
0
0
0
0
0
0
0
0
0
0
0
0
0
0
0
0
0
0
0
0
0
0
0
0
0
0
0
0
0
0
0
0
0
0
0
0
0
0
0
0
0
0
0
0
0
0
0
0
0
0
0
0
0
0
0
0
0
0
0
0
0
0
0
0
0
0
0
0
0
0
0
0
0
0
0
0
0
0
0
0
0
0
0
0
0
0
0
0
0
0
0
0
0
-0.208467
0
0
0
0
0
0
0
0
0
0
-0.212897
0
-0.0696492
-0.224815
0
0
0
0
0
0
0
0
0
0
-0.340019
0
-0.620287
-0.375366
0
0
0
0
0
0
0
0
0
0
-0.39942
0
-0.985423
-0.595176
0
-0.525993
0
0
0
0
0
0
0
0
-0.371215
-0.3041
-1.2682
-0.896981
-0.414112
-0.658637
0
0
0
0
0
0
0
0
-0.200561
-0.414907
-1.39417
-1.10736
-0.778099
-0.868408
0
0
0
0
0
0
0
0
0
-0.465089
-1.45839
-1.26215
-1.05672
-1.07732
0
0
0
0
0
0
0
0
0
-0.520394
-1.39069
-1.22127
-1.23693
-1.26051
0
0
0
0
0
0
0
0
0
-0.555088
-1.28865
-1.15143
-1.33713
-1.35927
-0.700462
0
0
0
0
0
0
0
0
-0.567295
-1.13162
-1.03351
-1.35791
-1.3693
-0.778358
0
0
0
0
0
0
0
0
-0.443173
-0.905404
-0.959386
-1.1976
-1.18271
0
0
0
0
0
0
0
0
-0.224843
-0.259244
-0.613356
-0.90965
-0.936578
-0.852516
0
0
0
0
0
0
0
0
-0.28957
-0.00623269
-0.318458
-0.919465
-0.601094
0
0
0
0
0
0
0
0
0
-0.315065
0
-0.147888
-0.989326
0
0
0
0
0
0
0
0
0
0
-0.332159
0
-0.193964
-1.12524
0
0
0
0
0
0
0
0
0
0
-0.330274
-0.0393016
-0.439666
-1.31578
0
0
0
0
0
0
0
0
0
0
-0.301862
-0.21518
-0.67781
-1.5133
-0.883348
0
0
0
0
0
0
0
0
0
-0.153782
-0.306739
-0.822605
-1.61861
-1.14454
0
0
0
0
0
0
0
0
0
0
0
-0.886472
-1.67548
-1.34598
0
0
0
0
0
0
0
0
0
0
0
0
-1.65451
0
0
0
0
0
0
0
0
0
0
0
0
0
-1.65469
0
0
0
0
0
0
0
0
0
0
0
0
0
0
0
0
0
0
0
0
0
0
0
0
0
0
0
0
0
0
0
0
0
0
0
0
0
0
0
0
0
0
0
0
0
0
0
0
0
0
0
0
0
0
0
0
0
0
0
0
0
0
0
0
0
0
0
0
0
0
0
0
0
0
0
0
0
0
0
0
0
0
0
0
0
0
0
0
0
0
0
0
0
0
0
0
0
0
0
0
0
0
0
0
0
0
0
0
0
0
0
0
0
0
0
0
0
0
0
0
0
0
0
0
0
0
0
0
0
0
0
0
0
0
0
0
0
0
0
0
0
0
0
0
0
0
0
0
0
0
0
0
0
0
0
0
0
0
0
0
0
0
0
0
0
0
0
0
0
0
0
0
0
0
0
0
0
0
0
0
0
0
0
0
0
0
0
0
0
0
0
0
0
0
0
0
0
0
0
0
0
0
0
0
0
0
0
0
0
0
0
0
0
0
0
0
0
0
0
0
0
0
0
0
0
0
0
0
0
0
0
0
0
0
0
0
0
0
0
0
0
0
0
0
0
0
0
0
0
0
0
0
0
0
0
0
0
0
0
0
0
0
0
0
0
0
0
0
0
0
0
0
0
0
0
0
0
0
0
0
0
0
0
0
0
0
0
0
0
0
0
0
0
-0.141875
0
0
0
0
0
0
0
0
0
0
0
0
-0.149316
-0.192176
0
0
0
0
0
0
0
0
0
0
-0.205069
0
-0.707181
-0.372569
0
-0.3625
0
0
0
0
0
0
0
0
-0.300841
0
-1.0864
-0.607314
-0.163342
-0.576706
0
0
0
0
0
0
0
0
-0.319072
-0.36964
-1.37704
-0.911963
-0.60635
-0.75068
0
0
0
0
0
0
0
0
-0.168805
-0.464209
-1.51086
-1.12692
-0.932187
-0.973897
0
0
0
0
0
0
0
0
0
-0.507946
-1.57919
-1.28536
-1.18201
-1.18333
-0.394975
0
0
0
0
0
0
0
0
-0.583294
-1.52174
-1.25793
-1.34406
-1.35083
-0.649908
0
0
0
0
0
0
0
0
-0.649373
-1.42632
-1.19796
-1.43165
-1.42931
-0.805059
0
0
0
0
0
0
0
0
-0.703647
-1.27426
-1.08777
-1.44288
-1.41022
-0.875337
0
0
0
0
0
0
0
0
-0.606638
-1.04783
-1.01377
-1.27525
-1.19786
-0.748873
0
0
0
0
0
0
0
-0.130386
-0.434196
-0.766906
-0.963831
-1.0105
-0.840336
0
0
0
0
0
0
0
0
-0.293869
-0.18075
-0.508952
-0.994243
-0.691204
0
0
0
0
0
0
0
0
0
-0.408731
-0.0467593
-0.404827
-1.09336
-0.476489
0
0
0
0
0
0
0
0
0
-0.473241
-0.0872426
-0.496913
-1.25712
-0.491956
0
0
0
0
0
0
0
0
0
-0.475862
-0.29765
-0.7063
-1.43957
-0.72864
0
0
0
0
0
0
0
0
0
-0.465509
-0.468268
-0.885517
-1.61497
-1.00505
0
0
0
0
0
0
0
0
0
-0.327255
-0.518239
-0.955728
-1.70275
-1.25523
0
0
0
0
0
0
0
0
0
-0.0765002
-0.453711
-0.973607
-1.7662
-1.4758
0
0
0
0
0
0
0
0
0
0
0
-0.927782
-1.77777
-1.6757
0
0
0
0
0
0
0
0
0
0
0
0
-1.81156
-1.79277
0
0
0
0
0
0
0
0
0
0
0
0
-1.79646
0
0
0
0
0
0
0
0
0
0
0
0
0
0
0
0
0
0
0
0
0
0
0
0
0
0
0
0
0
0
0
0
0
0
0
0
0
0
0
0
0
0
0
0
0
0
0
0
0
0
0
0
0
0
0
0
0
0
0
0
0
0
0
0
0
0
0
0
0
0
0
0
0
0
0
0
0
0
0
0
0
0
0
0
0
0
0
0
0
0
0
0
0
0
0
0
0
0
0
0
0
0
0
0
0
0
0
0
0
0
0
0
0
0
0
0
0
0
0
0
0
0
0
0
0
0
0
0
0
0
0
0
0
0
0
0
0
0
0
0
0
0
0
0
0
0
0
0
0
0
0
0
0
0
0
0
0
0
0
0
0
0
0
0
0
0
0
0
0
0
0
0
0
0
0
0
0
0
0
0
0
0
0
0
0
0
0
0
0
0
0
0
0
0
0
0
0
0
0
0
0
0
0
0
0
0
0
0
0
0
0
0
0
0
0
0
0
0
0
0
0
0
0
0
0
0
0
0
0
0
0
0
0
0
0
0
0
0
0
0
0
0
0
0
0
0
0
0
0
0
0
0
0
0
0
0
0
0
0
0
0
0
0
0
0
0
0
0
0
0
0
0
0
0
0
0
0
0
0
-0.0515788
0
0
0
0
0
0
0
0
0
0
0
0
-0.248983
-0.131338
0
0
0
0
0
0
0
0
0
0
0
0
-0.807464
-0.35975
0
-0.417633
0
0
0
0
0
0
0
0
0
0
-1.17667
-0.633462
-0.39725
-0.672543
-0.257021
0
0
0
0
0
0
0
-0.304778
-0.307562
-1.45217
-0.962729
-0.802042
-0.868606
-0.234566
0
0
0
0
0
0
0
0
-0.407896
-1.57966
-1.1944
-1.08632
-1.09766
-0.342295
0
0
0
0
0
0
0
0
-0.457097
-1.64982
-1.3618
-1.30409
-1.30573
-0.498475
0
-1.08076
0
0
0
0
0
0
-0.553553
-1.6088
-1.34312
-1.4444
-1.46238
-0.761533
0
-1.01224
0
0
0
0
0
0
-0.637266
-1.5374
-1.28176
-1.52004
-1.52597
-0.913112
0
0
0
0
0
0
0
0
-0.713763
-1.41502
-1.1594
-1.52695
-1.48432
-0.97084
0
0
0
0
0
0
0
0
-0.638824
-1.21677
-1.06824
-1.36412
-1.25144
-0.83186
0
0
0
0
0
0
0
0
-0.510295
-0.959924
-1.00989
-1.11099
-0.870281
-0.581655
0
0
0
0
0
0
0
-0.162707
-0.329999
-0.726784
-1.07433
-0.824437
-0.351006
0
0
0
0
0
0
0
0
-0.375456
-0.273158
-0.653808
-1.22076
-0.652019
0
0
0
0
0
0
0
0
0
-0.572888
-0.350063
-0.7718
-1.41961
-0.685065
0
0
0
0
0
0
0
0
0
-0.643317
-0.537268
-0.966991
-1.59477
-0.876055
0
0
0
0
0
0
0
0
0
-0.621773
-0.696898
-1.11167
-1.74136
-1.10586
0
0
0
0
0
0
0
0
0
-0.463009
-0.73403
-1.12623
-1.78783
-1.33186
0
0
0
0
0
0
0
0
0
-0.214147
-0.635027
-1.09191
-1.83103
-1.55584
-1.16181
0
0
0
0
0
0
0
0
0
-0.413713
-1.02115
-1.85662
-1.78347
-1.50391
0
0
0
0
0
0
0
0
0
0
-0.951278
-1.90613
-1.92614
0
0
0
0
0
0
0
0
0
0
0
0
-1.91903
-2.0097
0
0
0
0
0
0
0
0
0
0
0
0
-1.81808
0
0
0
0
0
0
0
0
0
0
0
0
0
0
0
0
0
0
0
0
0
0
0
0
0
0
0
0
0
0
0
0
0
0
0
0
0
0
0
0
0
0
0
0
0
0
0
0
0
0
0
0
0
0
0
0
0
0
0
0
0
0
0
0
0
0
0
0
0
0
0
0
0
0
0
0
0
0
0
0
0
0
0
0
0
0
0
0
0
0
0
0
0
0
0
0
0
0
0
0
0
0
0
0
0
0
0
0
0
0
0
0
0
0
0
0
0
0
0
0
0
0
0
0
0
0
0
0
0
0
0
0
0
0
0
0
0
0
0
0
0
0
0
0
0
0
0
0
0
0
0
0
0
0
0
0
0
0
0
0
0
0
0
0
0
0
0
0
0
0
0
0
0
0
0
0
0
0
0
0
0
0
0
0
0
0
0
0
0
0
0
0
0
0
0
0
0
0
0
0
0
0
0
0
0
0
0
0
0
0
0
0
0
0
0
0
0
0
0
0
0
0
0
0
0
0
0
0
0
0
0
0
0
0
0
0
0
0
0
0
0
0
0
0
0
0
0
0
0
0
0
0
0
0
0
0
0
0
0
0
0
0
0
0
0
0
0
0
0
0
0
0
0
0
0
0
0
0
-0.230672
-0.0940732
0
0
0
0
0
0
0
0
0
0
0
0
-0.756581
-0.395138
-0.144404
-0.440851
0
0
0
0
0
0
0
0
0
0
-1.1096
-0.712013
-0.595292
-0.71771
-0.24943
0
0
0
0
0
0
0
0
-0.268987
-1.38731
-1.06117
-0.969784
-0.925238
-0.248155
0
0
0
0
0
0
0
0
-0.396875
-1.53234
-1.30549
-1.22428
-1.16229
-0.384722
0
-0.826696
0
0
0
0
0
0
-0.46632
-1.62274
-1.48325
-1.41619
-1.37519
-0.563888
-0.409672
-1.06025
0
0
0
0
0
0
-0.587727
-1.60035
-1.47773
-1.53843
-1.53742
-0.842173
-0.458494
-1.02461
0
0
0
0
0
0
-0.677332
-1.54586
-1.42533
-1.60101
-1.60257
-0.996461
-0.501152
-0.953242
0
0
0
0
0
0
-0.742731
-1.44387
-1.30071
-1.60168
-1.55884
-1.04869
-0.533348
-0.803535
0
0
0
0
0
0
-0.638811
-1.2871
-1.19945
-1.4522
-1.32473
-0.90236
-0.494675
0
0
0
0
0
0
0
-0.488171
-1.09543
-1.12443
-1.2355
-0.946958
-0.646908
0
0
0
0
0
0
0
0
-0.341153
-0.943521
-1.19723
-1.01695
-0.449147
0
0
0
0
0
0
0
0
-0.272153
-0.385524
-0.920796
-1.35941
-0.90134
0
0
0
0
0
0
0
0
0
-0.502521
-0.567066
-1.03441
-1.58041
-0.936804
0
0
0
0
0
0
0
0
0
-0.663391
-0.766574
-1.19478
-1.7514
-1.0624
0
0
0
0
0
0
0
0
0
-0.710258
-0.883487
-1.32695
-1.87206
-1.21891
0
0
0
0
0
0
0
0
0
-0.52837
-0.899842
-1.32781
-1.88088
-1.38934
-0.808848
0
0
0
0
0
0
0
0
-0.248856
-0.800452
-1.27007
-1.88654
-1.59858
-1.22908
0
0
0
0
0
0
0
0
0
-0.566389
-1.18275
-1.90304
-1.83885
-1.61629
0
0
0
0
0
0
0
0
0
-0.215505
-1.09197
-1.95554
-1.99615
-1.7627
0
0
0
0
0
0
0
0
0
0
-0.985907
-1.98407
-2.10223
-1.79985
0
0
0
0
0
0
0
0
0
0
0
-1.89749
-2.00151
0
0
0
0
0
0
0
0
0
0
0
0
-1.69709
0
0
0
0
0
0
0
0
0
0
0
0
0
0
0
0
0
0
0
0
0
0
0
0
0
0
0
0
0
0
0
0
0
0
0
0
0
0
0
0
0
0
0
0
0
0
0
0
0
0
0
0
0
0
0
0
0
0
0
0
0
0
0
0
0
0
0
0
0
0
0
0
0
0
0
0
0
0
0
0
0
0
0
0
0
0
0
0
0
0
0
0
0
0
0
0
0
0
0
0
0
0
0
0
0
0
0
0
0
0
0
0
0
0
0
0
0
0
0
0
0
0
0
0
0
0
0
0
0
0
0
0
0
0
0
0
0
0
0
0
0
0
0
0
0
0
0
0
0
0
0
0
0
0
0
0
0
0
0
0
0
0
0
0
0
0
0
0
0
0
0
0
0
0
0
0
0
0
0
0
0
0
0
0
0
0
0
0
0
0
0
0
0
0
0
0
0
0
0
0
0
0
0
0
0
0
0
0
0
0
0
0
0
0
0
0
0
0
0
0
0
0
0
0
0
0
0
0
0
0
0
0
0
0
0
0
0
0
0
0
0
0
0
0
0
0
0
0
0
0
0
0
0
0
0
0
0
0
0
0
0
0
0
0
0
0
0
-0.0240819
0
0
0
0
0
0
0
0
0
0
-0.60364
-0.407239
-0.366732
-0.440676
-0.0827677
0
0
0
0
0
0
0
0
0
-0.995867
-0.743657
-0.811696
-0.726998
-0.236876
0
0
0
0
0
0
0
0
0
-1.32143
-1.10112
-1.16182
-0.941065
-0.252574
0
0
0
0
0
0
0
0
0
-1.51617
-1.35619
-1.38931
-1.18908
-0.419317
0
-0.761104
0
0
0
0
0
0
-0.501081
-1.64528
-1.54603
-1.5568
-1.41091
-0.623772
-0.407524
-1.00465
0
0
0
0
0
0
-0.663444
-1.64222
-1.5542
-1.6647
-1.58619
-0.920534
-0.465336
-1.00395
0
0
0
0
0
0
-0.769897
-1.58984
-1.51589
-1.71788
-1.65948
-1.08129
-0.512542
-0.969435
0
0
0
0
0
0
-0.830363
-1.47341
-1.40459
-1.71241
-1.6237
-1.13323
-0.546206
-0.869016
0
0
0
0
0
0
-0.700911
-1.31201
-1.32615
-1.57147
-1.40136
-0.985294
-0.500167
-0.664911
0
0
0
0
0
0
-0.515068
-1.14342
-1.2746
-1.37997
-1.04541
-0.730603
-0.410794
0
0
0
0
0
0
0
-0.359837
-1.07161
-1.37605
-1.21477
-0.583405
-0.326977
0
0
0
0
0
0
0
0
-0.429175
-1.14629
-1.53457
-1.14602
-0.11766
0
0
0
0
0
0
0
0
-0.404966
-0.675909
-1.30596
-1.73835
-1.18626
0
0
0
0
0
0
0
0
0
-0.554521
-0.950592
-1.4336
-1.89427
-1.25864
0
0
0
0
0
0
0
0
0
-0.667945
-1.08469
-1.52434
-2.00468
-1.3505
-0.354962
0
0
0
0
0
0
0
0
-0.560254
-1.05859
-1.52347
-1.98911
-1.46158
-0.841558
0
0
0
0
0
0
0
0
-0.257877
-0.944666
-1.46538
-1.96299
-1.63356
-1.27471
0
0
0
0
0
0
0
0
0
-0.724156
-1.36919
-1.95154
-1.87113
-1.69129
0
0
0
0
0
0
0
0
0
-0.35144
-1.24049
-1.98599
-2.02974
-1.87187
0
0
0
0
0
0
0
0
0
0
-1.11529
-2.01675
-2.14683
-1.9791
0
0
0
0
0
0
0
0
0
0
-0.905967
-1.93664
-2.07097
0
0
0
0
0
0
0
0
0
0
0
0
-1.76247
-1.83146
0
0
0
0
0
0
0
0
0
0
0
0
0
0
0
0
0
0
0
0
0
0
0
0
0
0
0
0
0
0
0
0
0
0
0
0
0
0
0
0
0
0
0
0
0
0
0
0
0
0
0
0
0
0
0
0
0
0
0
0
0
0
0
0
0
0
0
0
0
0
0
0
0
0
0
0
0
0
0
0
0
0
0
0
0
0
0
0
0
0
0
0
0
0
0
0
0
0
0
0
0
0
0
0
0
0
0
0
0
0
0
0
0
0
0
0
0
0
0
0
0
0
0
0
0
0
0
0
0
0
0
0
0
0
0
0
0
0
0
0
0
0
0
0
0
0
0
0
0
0
0
0
0
0
0
0
0
0
0
0
0
0
0
0
0
0
0
0
0
0
0
0
0
0
0
0
0
0
0
0
0
0
0
0
0
0
0
0
0
0
0
0
0
0
0
0
0
0
0
0
0
0
0
0
0
0
0
0
0
0
0
0
0
0
0
0
0
0
0
0
0
0
0
0
0
0
0
0
0
0
0
0
0
0
0
0
0
0
0
0
0
0
0
0
0
0
0
0
0
0
0
0
0
0
0
0
0
0
0
0
0
0
0
0
0
0
0
0
0
0
0
0
0
0
0
0
0
-0.473437
-0.373887
-0.526831
-0.360168
0
0
0
0
0
0
0
0
0
0
-0.927076
-0.738864
-0.952415
-0.669555
-0.143146
0
0
0
0
0
0
0
0
0
-1.31292
-1.11644
-1.2705
-0.909962
-0.177373
0
0
0
0
0
0
0
0
0
-1.5671
-1.39352
-1.47738
-1.18941
-0.379786
0
-0.599184
0
0
0
0
0
0
0
-1.74181
-1.59836
-1.63394
-1.43378
-0.613941
-0.317812
-0.851082
0
0
0
0
0
0
-0.779989
-1.76263
-1.61724
-1.75323
-1.63205
-0.93337
-0.390463
-0.886922
0
0
0
0
0
0
-0.901952
-1.71425
-1.58277
-1.82628
-1.71799
-1.10808
-0.450748
-0.887417
0
0
0
0
0
0
-0.954131
-1.5786
-1.47446
-1.84813
-1.69331
-1.17195
-0.497685
-0.830154
0
0
0
0
0
0
-0.804424
-1.3937
-1.41613
-1.74831
-1.48682
-1.03847
-0.456195
-0.644839
0
0
0
0
0
0
-0.593898
-1.20268
-1.40733
-1.60099
-1.16845
-0.806033
-0.369117
0
0
0
0
0
0
0
-0.433829
-1.13852
-1.56574
-1.46942
-0.763346
-0.437104
0
0
0
0
0
0
0
0
-0.493936
-1.25002
-1.74644
-1.40341
-0.365356
0
0
0
0
0
0
0
0
-0.32757
-0.717966
-1.47368
-1.92292
-1.41836
-0.0982145
0
0
0
0
0
0
0
0
-0.429649
-1.00066
-1.63876
-2.02686
-1.44162
-0.185052
0
0
0
0
0
0
0
0
-0.507872
-1.19976
-1.70538
-2.11069
-1.47222
-0.420504
0
0
0
0
0
0
0
0
-0.467665
-1.19311
-1.68124
-2.08741
-1.52467
-0.851104
0
0
0
0
0
0
0
0
-0.233047
-1.04292
-1.63524
-2.0402
-1.64589
-1.27882
0
0
0
0
0
0
0
0
0
-0.831599
-1.54761
-2.00177
-1.851
-1.71347
0
0
0
0
0
0
0
0
0
-0.461613
-1.38689
-1.99996
-2.00034
-1.92437
0
0
0
0
0
0
0
0
0
0
-1.2235
-2.02171
-2.11894
-2.06712
0
0
0
0
0
0
0
0
0
0
-0.991254
-1.94882
-2.05764
-1.95371
0
0
0
0
0
0
0
0
0
0
0
-1.79741
-1.89053
0
0
0
0
0
0
0
0
0
0
0
0
0
0
0
0
0
0
0
0
0
0
0
0
0
0
0
0
0
0
0
0
0
0
0
0
0
0
0
0
0
0
0
0
0
0
0
0
0
0
0
0
0
0
0
0
0
0
0
0
0
0
0
0
0
0
0
0
0
0
0
0
0
0
0
0
0
0
0
0
0
0
0
0
0
0
0
0
0
0
0
0
0
0
0
0
0
0
0
0
0
0
0
0
0
0
0
0
0
0
0
0
0
0
0
0
0
0
0
0
0
0
0
0
0
0
0
0
0
0
0
0
0
0
0
0
0
0
0
0
0
0
0
0
0
0
0
0
0
0
0
0
0
0
0
0
0
0
0
0
0
0
0
0
0
0
0
0
0
0
0
0
0
0
0
0
0
0
0
0
0
0
0
0
0
0
0
0
0
0
0
0
0
0
0
0
0
0
0
0
0
0
0
0
0
0
0
0
0
0
0
0
0
0
0
0
0
0
0
0
0
0
0
0
0
0
0
0
0
0
0
0
0
0
0
0
0
0
0
0
0
0
0
0
0
0
0
0
0
0
0
0
0
0
0
0
0
0
0
0
0
0
0
0
0
0
0
0
0
0
0
0
0
0
0
0
0
0
-0.367148
-0.607221
-0.233676
0
0
0
0
0
0
0
0
0
0
-0.848773
-0.784044
-0.99449
-0.579308
0
0
0
0
0
0
0
0
0
0
-1.30706
-1.19013
-1.27741
-0.858283
-0.0280649
0
0
0
0
0
0
0
0
0
-1.63454
-1.49281
-1.47348
-1.18227
-0.280863
0
-0.393099
0
0
0
0
0
0
0
-1.86451
-1.71277
-1.63001
-1.4586
-0.554264
-0.168034
-0.654142
0
0
0
0
0
0
0
-1.91543
-1.7419
-1.77348
-1.69053
-0.901749
-0.264397
-0.736685
0
0
0
0
0
0
-1.0706
-1.87685
-1.70763
-1.87618
-1.79807
-1.09512
-0.348399
-0.778072
0
0
0
0
0
0
-1.10139
-1.72821
-1.59291
-1.93933
-1.79131
-1.17861
-0.421555
-0.765709
0
0
0
0
0
0
-0.917343
-1.52703
-1.53135
-1.90426
-1.60053
-1.07174
-0.396825
-0.595761
0
0
0
0
0
0
-0.675868
-1.31546
-1.52811
-1.82983
-1.31191
-0.877246
-0.324708
0
0
0
0
0
0
0
-0.524071
-1.24211
-1.70712
-1.74489
-0.948553
-0.556218
0
0
0
0
0
0
0
0
-0.591938
-1.33555
-1.91951
-1.67146
-0.603861
-0.249453
0
0
0
0
0
0
0
0
-0.787717
-1.55843
-2.11002
-1.63643
-0.346742
0
0
0
0
0
0
0
0
0
-1.01892
-1.77248
-2.17812
-1.60324
-0.352264
0
0
0
0
0
0
0
0
-0.302774
-1.22
-1.879
-2.21056
-1.58638
-0.498535
0
0
0
0
0
0
0
0
-0.255518
-1.28334
-1.84172
-2.1726
-1.59034
-0.870586
0
0
0
0
0
0
0
0
0
-1.14287
-1.78256
-2.12049
-1.66524
-1.27726
0
0
0
0
0
0
0
0
0
-0.915144
-1.71414
-2.06373
-1.82765
-1.7185
-1.02839
0
0
0
0
0
0
0
0
-0.556762
-1.53269
-2.02591
-1.95298
-1.95065
0
0
0
0
0
0
0
0
0
0
-1.33256
-2.02201
-2.06772
-2.12178
0
0
0
0
0
0
0
0
0
0
-1.06125
-1.9528
-2.02035
-2.04654
0
0
0
0
0
0
0
0
0
0
-0.780826
-1.82063
-1.88241
-1.79499
0
0
0
0
0
0
0
0
0
0
0
0
0
0
0
0
0
0
0
0
0
0
0
0
0
0
0
0
0
0
0
0
0
0
0
0
0
0
0
0
0
0
0
0
0
0
0
0
0
0
0
0
0
0
0
0
0
0
0
0
0
0
0
0
0
0
0
0
0
0
0
0
0
0
0
0
0
0
0
0
0
0
0
0
0
0
0
0
0
0
0
0
0
0
0
0
0
0
0
0
0
0
0
0
0
0
0
0
0
0
0
0
0
0
0
0
0
0
0
0
0
0
0
0
0
0
0
0
0
0
0
0
0
0
0
0
0
0
0
0
0
0
0
0
0
0
0
0
0
0
0
0
0
0
0
0
0
0
0
0
0
0
0
0
0
0
0
0
0
0
0
0
0
0
0
0
0
0
0
0
0
0
0
0
0
0
0
0
0
0
0
0
0
0
0
0
0
0
0
0
0
0
0
0
0
0
0
0
0
0
0
0
0
0
0
0
0
0
0
0
0
0
0
0
0
0
0
0
0
0
0
0
0
0
0
0
0
0
0
0
0
0
0
0
0
0
0
0
0
0
0
0
0
0
0
0
0
0
0
0
0
0
0
0
0
0
0
0
0
0
0
0
0
0
0
0
0
-0.396294
-0.541972
-0.0691052
0
0
0
0
0
0
0
0
0
0
-0.780638
-0.849793
-0.915118
-0.450189
0
0
0
0
0
0
0
0
0
0
-1.31067
-1.26895
-1.19376
-0.771088
0
0
0
0
0
0
0
0
0
0
-1.70867
-1.58737
-1.41062
-1.14573
-0.140063
0
-0.149756
0
0
0
0
0
0
0
-1.98681
-1.8176
-1.5897
-1.45837
-0.454578
0
-0.403096
0
0
0
0
0
0
0
-2.06371
-1.86366
-1.7721
-1.72707
-0.828462
-0.0725703
-0.524051
0
0
0
0
0
0
0
-2.03208
-1.84336
-1.90632
-1.86395
-1.03949
-0.19346
-0.597851
0
0
0
0
0
0
-1.29112
-1.87413
-1.74528
-2.00374
-1.8862
-1.14319
-0.311049
-0.619705
0
0
0
0
0
0
-1.0736
-1.66432
-1.69949
-2.02262
-1.72514
-1.06988
-0.326199
-0.460466
0
0
0
0
0
0
0
-1.44464
-1.70007
-2.01942
-1.4715
-0.92784
-0.294533
0
0
0
0
0
0
0
0
-1.36498
-1.85205
-1.99032
-1.14031
-0.677808
0
0
0
0
0
0
0
0
-0.696679
-1.42782
-2.0423
-1.92735
-0.826542
-0.448941
0
0
0
0
0
0
0
0
-0.870004
-1.60321
-2.23972
-1.84197
-0.573052
-0.283287
0
0
0
0
0
0
0
0
-1.04174
-1.80611
-2.31275
-1.73603
-0.511997
-0.245914
0
0
0
0
0
0
0
0
-1.18402
-1.96357
-2.30679
-1.66352
-0.568819
-0.267959
0
0
0
0
0
0
0
0
-1.2701
-1.96108
-2.23373
-1.6307
-0.86756
0
0
0
0
0
0
0
0
0
-1.19466
-1.87771
-2.17853
-1.66248
-1.23577
-0.58644
0
0
0
0
0
0
0
0
-0.966137
-1.80909
-2.11488
-1.77935
-1.66054
-0.904923
0
0
0
0
0
0
0
0
-0.602687
-1.62405
-2.05322
-1.87143
-1.9065
-1.1653
0
0
0
0
0
0
0
0
-0.140695
-1.40046
-2.02372
-1.97864
-2.09665
0
0
0
0
0
0
0
0
0
0
-1.09734
-1.96234
-1.95254
-2.0465
0
0
0
0
0
0
0
0
0
0
-0.810679
-1.85589
-1.84924
-1.86548
0
0
0
0
0
0
0
0
0
0
0
-1.50332
0
0
0
0
0
0
0
0
0
0
0
0
0
0
0
0
0
0
0
0
0
0
0
0
0
0
0
0
0
0
0
0
0
0
0
0
0
0
0
0
0
0
0
0
0
0
0
0
0
0
0
0
0
0
0
0
0
0
0
0
0
0
0
0
0
0
0
0
0
0
0
0
0
0
0
0
0
0
0
0
0
0
0
0
0
0
0
0
0
0
0
0
0
0
0
0
0
0
0
0
0
0
0
0
0
0
0
0
0
0
0
0
0
0
0
0
0
0
0
0
0
0
0
0
0
0
0
0
0
0
0
0
0
0
0
0
0
0
0
0
0
0
0
0
0
0
0
0
0
0
0
0
0
0
0
0
0
0
0
0
0
0
0
0
0
0
0
0
0
0
0
0
0
0
0
0
0
0
0
0
0
0
0
0
0
0
0
0
0
0
0
0
0
0
0
0
0
0
0
0
0
0
0
0
0
0
0
0
0
0
0
0
0
0
0
0
0
0
0
0
0
0
0
0
0
0
0
0
0
0
0
0
0
0
0
0
0
0
0
0
0
0
0
0
0
0
0
0
0
0
0
0
0
0
0
0
0
0
0
0
0
0
0
0
0
-0.446602
-0.392936
0
0
0
0
0
0
0
0
0
0
0
0
-0.915916
-0.777216
-0.227389
0
0
0
0
0
0
0
0
0
0
-1.31031
-1.33152
-1.07231
-0.609198
0
0
0
0
0
0
0
0
0
0
-1.78125
-1.65768
-1.3352
-1.05315
0
0
0
0
0
0
0
0
0
0
-2.10497
-1.89541
-1.55607
-1.41061
-0.319802
0
0
0
0
0
0
0
0
0
-2.20826
-1.96617
-1.79305
-1.71864
-0.725729
0
-0.232189
0
0
0
0
0
0
0
-2.18328
-1.97296
-1.96315
-1.88811
-0.960197
0
-0.345075
0
0
0
0
0
0
0
-2.01531
-1.91155
-2.08821
-1.94726
-1.08969
-0.160703
-0.40855
0
0
0
0
0
0
0
-1.79359
-1.89999
-2.13919
-1.83224
-1.05571
-0.242936
-0.26613
0
0
0
0
0
0
0
-1.56659
-1.9144
-2.17454
-1.63012
-0.969076
-0.274109
0
0
0
0
0
0
0
0
-1.48522
-2.02855
-2.17881
-1.33681
-0.792256
-0.130787
0
0
0
0
0
0
0
-0.790266
-1.52624
-2.16156
-2.13964
-1.04057
-0.637257
0
0
0
0
0
0
0
0
-0.938657
-1.65396
-2.32184
-2.03397
-0.775271
-0.516834
0
0
0
0
0
0
0
0
-1.06352
-1.81236
-2.40595
-1.86597
-0.656676
-0.441528
0
0
0
0
0
0
0
0
-1.14231
-1.97555
-2.39903
-1.72366
-0.635556
-0.392457
0
0
0
0
0
0
0
0
-1.19701
-2.03514
-2.29473
-1.65334
-0.857366
-0.37279
0
0
0
0
0
0
0
0
-1.18113
-1.95747
-2.22129
-1.64946
-1.18461
-0.507372
0
0
0
0
0
0
0
0
-1.00261
-1.86992
-2.16047
-1.72353
-1.58374
-0.770471
0
0
0
0
0
0
0
0
-0.62701
-1.68724
-2.08652
-1.78464
-1.83754
-1.05085
0
0
0
0
0
0
0
0
-0.200511
-1.45373
-2.0388
-1.87845
-2.04326
0
0
0
0
0
0
0
0
0
0
-1.12996
-1.98027
-1.87932
-2.0171
0
0
0
0
0
0
0
0
0
0
-0.832178
-1.89754
-1.8141
-1.8703
0
0
0
0
0
0
0
0
0
0
0
-1.6101
0
0
0
0
0
0
0
0
0
0
0
0
0
0
0
0
0
0
0
0
0
0
0
0
0
0
0
0
0
0
0
0
0
0
0
0
0
0
0
0
0
0
0
0
0
0
0
0
0
0
0
0
0
0
0
0
0
0
0
0
0
0
0
0
0
0
0
0
0
0
0
0
0
0
0
0
0
0
0
0
0
0
0
0
0
0
0
0
0
0
0
0
0
0
0
0
0
0
0
0
0
0
0
0
0
0
0
0
0
0
0
0
0
0
0
0
0
0
0
0
0
0
0
0
0
0
0
0
0
0
0
0
0
0
0
0
0
0
0
0
0
0
0
0
0
0
0
0
0
0
0
0
0
0
0
0
0
0
0
0
0
0
0
0
0
0
0
0
0
0
0
0
0
0
0
0
0
0
0
0
0
0
0
0
0
0
0
0
0
0
0
0
0
0
0
0
0
0
0
0
0
0
0
0
0
0
0
0
0
0
0
0
0
0
0
0
0
0
0
0
0
0
0
0
0
0
0
0
0
0
0
0
0
0
0
0
0
0
0
0
0
0
0
0
0
0
0
0
0
0
0
0
0
0
0
0
0
0
0
0
0
0
0
0
0
-0.455754
-0.20128
0
0
0
0
0
0
0
0
0
0
0
0
-0.932255
-0.610904
0
0
0
0
0
0
0
0
0
0
0
-1.30696
-1.3419
-0.935273
-0.41002
0
0
0
0
0
0
0
0
0
0
-1.8285
-1.67472
-1.25823
-0.926925
0
0
0
0
0
0
0
0
0
0
-2.18259
-1.92043
-1.52945
-1.32563
-0.163389
0
0
0
0
0
0
0
0
0
-2.30982
-2.02703
-1.82643
-1.66383
-0.599057
0
0
0
0
0
0
0
0
0
-2.298
-2.07591
-2.03664
-1.85584
-0.859461
0
0
0
0
0
0
0
0
0
-2.13818
-2.07156
-2.19226
-1.94202
-1.01809
-0.00828268
-0.137262
0
0
0
0
0
0
0
-1.92289
-2.10731
-2.26847
-1.8716
-1.02887
-0.171244
0
0
0
0
0
0
0
0
-1.69982
-2.14316
-2.32045
-1.72802
-0.994772
-0.273927
0
0
0
0
0
0
0
0
-1.6064
-2.21872
-2.32268
-1.48777
-0.884501
-0.204755
0
0
0
0
0
0
0
-0.908878
-1.62068
-2.28585
-2.28803
-1.22003
-0.788467
-0.107328
0
0
0
0
0
0
0
-1.01199
-1.70166
-2.37612
-2.17758
-0.951734
-0.70213
0
0
0
0
0
0
0
0
-1.08606
-1.80793
-2.4401
-1.97728
-0.790207
-0.597281
0
0
0
0
0
0
0
0
-1.11039
-1.93458
-2.44875
-1.77136
-0.710483
-0.492545
0
0
0
0
0
0
0
0
-1.11761
-2.0257
-2.33707
-1.6592
-0.845458
-0.392179
0
0
0
0
0
0
0
0
-1.11898
-1.98118
-2.23439
-1.62674
-1.11205
-0.440649
0
0
0
0
0
0
0
0
-1.01894
-1.87327
-2.1703
-1.66156
-1.46749
-0.636433
0
0
0
0
0
0
0
0
-0.656609
-1.68835
-2.09554
-1.69616
-1.71435
-0.917416
0
0
0
0
0
0
0
0
-0.26814
-1.46316
-2.03957
-1.772
-1.92708
0
0
0
0
0
0
0
0
0
0
-1.13988
-1.98612
-1.79866
-1.91954
0
0
0
0
0
0
0
0
0
0
-0.840545
-1.92407
-1.76662
-1.79318
0
0
0
0
0
0
0
0
0
0
0
-1.69115
-1.53301
0
0
0
0
0
0
0
0
0
0
0
0
-1.44815
0
0
0
0
0
0
0
0
0
0
0
0
0
0
0
0
0
0
0
0
0
0
0
0
0
0
0
0
0
0
0
0
0
0
0
0
0
0
0
0
0
0
0
0
0
0
0
0
0
0
0
0
0
0
0
0
0
0
0
0
0
0
0
0
0
0
0
0
0
0
0
0
0
0
0
0
0
0
0
0
0
0
0
0
0
0
0
0
0
0
0
0
0
0
0
0
0
0
0
0
0
0
0
0
0
0
0
0
0
0
0
0
0
0
0
0
0
0
0
0
0
0
0
0
0
0
0
0
0
0
0
0
0
0
0
0
0
0
0
0
0
0
0
0
0
0
0
0
0
0
0
0
0
0
0
0
0
0
0
0
0
0
0
0
0
0
0
0
0
0
0
0
0
0
0
0
0
0
0
0
0
0
0
0
0
0
0
0
0
0
0
0
0
0
0
0
0
0
0
0
0
0
0
0
0
0
0
0
0
0
0
0
0
0
0
0
0
0
0
0
0
0
0
0
0
0
0
0
0
0
0
0
0
0
0
0
0
0
0
0
0
0
0
0
0
0
0
0
0
0
0
0
0
0
0
0
0
0
0
0
0
0
0
0
0
-0.886015
-0.374853
0
0
0
0
0
0
0
0
0
0
0
0
-1.28774
-0.744549
-0.183923
0
0
0
0
0
0
0
0
0
0
-1.82286
-1.62808
-1.15265
-0.786231
0
0
0
0
0
0
0
0
0
0
-2.19694
-1.88398
-1.48882
-1.22713
0
0
0
0
0
0
0
0
0
0
-2.34831
-2.0433
-1.85624
-1.59106
-0.421089
0
0
0
0
0
0
0
0
0
-2.3547
-2.1505
-2.11318
-1.7986
-0.715535
0
0
0
0
0
0
0
0
0
-2.22049
-2.21687
-2.30488
-1.9017
-0.914607
0
0
0
0
0
0
0
0
0
-2.03509
-2.30331
-2.40709
-1.86741
-0.986801
-0.105631
0
0
0
0
0
0
0
0
-1.83441
-2.36269
-2.46928
-1.77831
-1.01367
-0.284468
0
0
0
0
0
0
0
0
-1.72056
-2.4058
-2.45288
-1.59869
-0.968631
-0.290718
0
0
0
0
0
0
0
0
-1.69794
-2.41459
-2.40046
-1.37294
-0.917672
-0.242651
0
0
0
0
0
0
0
-1.08137
-1.73231
-2.42897
-2.27875
-1.1132
-0.855741
-0.137
0
0
0
0
0
0
0
-1.09024
-1.79236
-2.44619
-2.06734
-0.916557
-0.729388
0
0
0
0
0
0
0
0
-1.06712
-1.87127
-2.45744
-1.81436
-0.78625
-0.580686
0
0
0
0
0
0
0
0
-1.03596
-1.95734
-2.36029
-1.65774
-0.832161
-0.420056
0
0
0
0
0
0
0
0
-1.03094
-1.95195
-2.23402
-1.59508
-1.02423
-0.389886
0
0
0
0
0
0
0
0
-1.00556
-1.84114
-2.15715
-1.59423
-1.32469
-0.508471
0
0
0
0
0
0
0
0
-0.690146
-1.65118
-2.09089
-1.60809
-1.56044
-0.777767
0
0
0
0
0
0
0
0
-0.339617
-1.44676
-2.03629
-1.66869
-1.77671
0
0
0
0
0
0
0
0
0
0
-1.1412
-1.99454
-1.72152
-1.78816
0
0
0
0
0
0
0
0
0
0
-0.850927
-1.94918
-1.72119
-1.68276
0
0
0
0
0
0
0
0
0
0
0
-1.76187
-1.54899
0
0
0
0
0
0
0
0
0
0
0
0
-1.53126
0
0
0
0
0
0
0
0
0
0
0
0
0
0
0
0
0
0
0
0
0
0
0
0
0
0
0
0
0
0
0
0
0
0
0
0
0
0
0
0
0
0
0
0
0
0
0
0
0
0
0
0
0
0
0
0
0
0
0
0
0
0
0
0
0
0
0
0
0
0
0
0
0
0
0
0
0
0
0
0
0
0
0
0
0
0
0
0
0
0
0
0
0
0
0
0
0
0
0
0
0
0
0
0
0
0
0
0
0
0
0
0
0
0
0
0
0
0
0
0
0
0
0
0
0
0
0
0
0
0
0
0
0
0
0
0
0
0
0
0
0
0
0
0
0
0
0
0
0
0
0
0
0
0
0
0
0
0
0
0
0
0
0
0
0
0
0
0
0
0
0
0
0
0
0
0
0
0
0
0
0
0
0
0
0
0
0
0
0
0
0
0
0
0
0
0
0
0
0
0
0
0
0
0
0
0
0
0
0
0
0
0
0
0
0
0
0
0
0
0
0
0
0
0
0
0
0
0
0
0
0
0
0
0
0
0
0
0
0
0
0
0
0
0
0
0
0
0
0
0
0
0
0
0
0
0
0
0
0
0
0
0
0
0
0
-0.82101
0
0
0
0
0
0
0
0
0
0
0
0
0
-1.22134
-0.576389
0
0
0
0
0
0
0
0
0
0
0
-1.78884
-1.5679
-1.05812
-0.624512
0
0
0
0
0
0
0
0
0
0
-2.16777
-1.83297
-1.44509
-1.09707
0
0
0
0
0
0
0
0
0
0
-2.33896
-2.05422
-1.87434
-1.48356
-0.209588
0
0
0
0
0
0
0
0
0
-2.36588
-2.22404
-2.17573
-1.70497
-0.537623
0
0
0
0
0
0
0
0
0
-2.26915
-2.35575
-2.40505
-1.82278
-0.777465
0
0
0
0
0
0
0
0
0
-2.13048
-2.47608
-2.53097
-1.81785
-0.915623
-0.0338375
0
0
0
0
0
0
0
0
-1.97032
-2.54658
-2.60009
-1.77277
-1.00218
-0.268672
0
0
0
0
0
0
0
0
-1.8404
-2.56033
-2.56057
-1.64922
-1.01684
-0.334931
0
0
0
0
0
0
0
0
-1.77603
-2.52288
-2.48132
-1.47538
-0.999038
-0.321782
0
0
0
0
0
0
0
-1.14946
-1.76223
-2.47346
-2.34012
-1.24748
-0.95421
-0.23066
0
0
0
0
0
0
0
-1.09887
-1.77674
-2.43756
-2.12924
-1.04479
-0.823314
0
0
0
0
0
0
0
0
-1.0391
-1.80591
-2.43134
-1.85326
-0.893093
-0.659598
0
0
0
0
0
0
0
0
-0.983885
-1.8591
-2.34862
-1.65905
-0.865232
-0.481296
0
0
0
0
0
0
0
0
-0.967534
-1.87545
-2.20508
-1.5624
-0.970011
-0.403927
0
0
0
0
0
0
0
0
-0.991691
-1.77564
-2.10417
-1.52681
-1.1922
-0.450893
0
0
0
0
0
0
0
0
-0.748262
-1.58924
-2.04502
-1.51925
-1.40199
0
0
0
0
0
0
0
0
0
-0.448271
-1.41458
-1.99423
-1.56175
-1.60829
0
0
0
0
0
0
0
0
0
-0.0753579
-1.14211
-1.96517
-1.62671
-1.63371
0
0
0
0
0
0
0
0
0
0
-0.870454
-1.92998
-1.64475
-1.54616
0
0
0
0
0
0
0
0
0
0
0
-1.77573
-1.50861
0
0
0
0
0
0
0
0
0
0
0
0
-1.5532
0
0
0
0
0
0
0
0
0
0
0
0
0
0
0
0
0
0
0
0
0
0
0
0
0
0
0
0
0
0
0
0
0
0
0
0
0
0
0
0
0
0
0
0
0
0
0
0
0
0
0
0
0
0
0
0
0
0
0
0
0
0
0
0
0
0
0
0
0
0
0
0
0
0
0
0
0
0
0
0
0
0
0
0
0
0
0
0
0
0
0
0
0
0
0
0
0
0
0
0
0
0
0
0
0
0
0
0
0
0
0
0
0
0
0
0
0
0
0
0
0
0
0
0
0
0
0
0
0
0
0
0
0
0
0
0
0
0
0
0
0
0
0
0
0
0
0
0
0
0
0
0
0
0
0
0
0
0
0
0
0
0
0
0
0
0
0
0
0
0
0
0
0
0
0
0
0
0
0
0
0
0
0
0
0
0
0
0
0
0
0
0
0
0
0
0
0
0
0
0
0
0
0
0
0
0
0
0
0
0
0
0
0
0
0
0
0
0
0
0
0
0
0
0
0
0
0
0
0
0
0
0
0
0
0
0
0
0
0
0
0
0
0
0
0
0
0
0
0
0
0
0
0
0
0
0
0
0
0
0
0
0
0
0
0
0
0
0
0
0
0
0
0
0
0
0
0
0
0
-1.12379
-0.417502
0
0
0
0
0
0
0
0
0
0
0
0
-1.47383
-0.959087
-0.425525
0
0
0
0
0
0
0
0
0
0
-2.05754
-1.74707
-1.38453
-0.923684
0
0
0
0
0
0
0
0
0
0
-2.24945
-2.04337
-1.87139
-1.33505
0
0
0
0
0
0
0
0
0
0
-2.31052
-2.282
-2.21736
-1.57417
-0.312139
0
0
0
0
0
0
0
0
0
-2.27361
-2.47668
-2.48613
-1.71161
-0.595354
0
0
0
0
0
0
0
0
0
-2.19704
-2.62137
-2.63556
-1.73893
-0.810313
0
0
0
0
0
0
0
0
0
-2.08744
-2.69622
-2.71248
-1.73542
-0.962552
-0.236089
0
0
0
0
0
0
0
0
-1.94799
-2.68321
-2.65278
-1.66353
-1.04114
-0.355463
0
0
0
0
0
0
0
0
-1.84388
-2.60854
-2.54749
-1.5434
-1.05464
-0.371258
0
0
0
0
0
0
0
-1.19989
-1.78027
-2.50678
-2.38153
-1.35936
-1.02415
-0.291223
0
0
0
0
0
0
0
-1.10074
-1.7483
-2.42138
-2.16988
-1.16804
-0.895833
0
0
0
0
0
0
0
0
-1.0113
-1.72948
-2.38504
-1.88378
-1.01149
-0.732444
0
0
0
0
0
0
0
0
-0.944186
-1.73779
-2.30634
-1.66138
-0.92466
-0.559764
0
0
0
0
0
0
0
0
-0.923592
-1.75693
-2.14981
-1.52931
-0.939297
-0.457586
0
0
0
0
0
0
0
0
-0.979929
-1.67304
-2.02125
-1.45704
-1.06363
-0.444989
0
0
0
0
0
0
0
0
-0.814484
-1.50687
-1.96806
-1.42778
-1.23595
0
0
0
0
0
0
0
0
0
-0.571308
-1.37066
-1.9261
-1.45223
-1.4226
0
0
0
0
0
0
0
0
0
-0.28004
-1.14395
-1.91678
-1.52457
-1.46165
0
0
0
0
0
0
0
0
0
0
-0.899025
-1.89352
-1.55507
-1.39226
0
0
0
0
0
0
0
0
0
0
-0.546253
-1.76919
-1.44371
0
0
0
0
0
0
0
0
0
0
0
0
-1.55326
0
0
0
0
0
0
0
0
0
0
0
0
0
0
0
0
0
0
0
0
0
0
0
0
0
0
0
0
0
0
0
0
0
0
0
0
0
0
0
0
0
0
0
0
0
0
0
0
0
0
0
0
0
0
0
0
0
0
0
0
0
0
0
0
0
0
0
0
0
0
0
0
0
0
0
0
0
0
0
0
0
0
0
0
0
0
0
0
0
0
0
0
0
0
0
0
0
0
0
0
0
0
0
0
0
0
0
0
0
0
0
0
0
0
0
0
0
0
0
0
0
0
0
0
0
0
0
0
0
0
0
0
0
0
0
0
0
0
0
0
0
0
0
0
0
0
0
0
0
0
0
0
0
0
0
0
0
0
0
0
0
0
0
0
0
0
0
0
0
0
0
0
0
0
0
0
0
0
0
0
0
0
0
0
0
0
0
0
0
0
0
0
0
0
0
0
0
0
0
0
0
0
0
0
0
0
0
0
0
0
0
0
0
0
0
0
0
0
0
0
0
0
0
0
0
0
0
0
0
0
0
0
0
0
0
0
0
0
0
0
0
0
0
0
0
0
0
0
0
0
0
0
0
0
0
0
0
0
0
0
0
0
0
0
0
0
0
0
0
0
0
0
0
0
0
0
0
0
0
-1.04107
0
0
0
0
0
0
0
0
0
0
0
0
0
-1.39225
-0.888134
-0.198811
0
0
0
0
0
0
0
0
0
0
0
-1.67177
-1.31826
-0.711643
0
0
0
0
0
0
0
0
0
0
-2.10336
-2.03313
-1.84523
-1.15031
0
0
0
0
0
0
0
0
0
0
-2.20836
-2.32283
-2.22598
-1.41273
0
0
0
0
0
0
0
0
0
0
-2.23928
-2.55782
-2.5268
-1.57752
-0.416502
0
0
0
0
0
0
0
0
0
-2.22155
-2.71188
-2.69236
-1.64079
-0.69928
0
0
0
0
0
0
0
0
0
-2.15417
-2.78449
-2.77453
-1.67695
-0.905538
-0.171277
0
0
0
0
0
0
0
0
-2.0168
-2.75408
-2.70303
-1.65192
-1.03541
-0.318076
0
0
0
0
0
0
0
0
-1.8916
-2.65809
-2.58358
-1.58362
-1.07343
-0.347013
0
0
0
0
0
0
0
-1.19373
-1.79536
-2.52663
-2.4059
-1.45217
-1.05522
-0.269444
0
0
0
0
0
0
0
-1.07857
-1.72398
-2.40578
-2.19672
-1.29094
-0.941508
0
0
0
0
0
0
0
0
-0.979611
-1.66479
-2.33986
-1.90991
-1.15246
-0.798786
0
0
0
0
0
0
0
0
-0.910776
-1.62949
-2.25004
-1.66237
-1.03693
-0.656506
0
0
0
0
0
0
0
0
-0.892139
-1.64167
-2.07785
-1.49391
-0.981435
-0.558088
0
0
0
0
0
0
0
0
-0.967351
-1.57214
-1.92167
-1.38111
-1.00594
-0.516265
0
0
0
0
0
0
0
-0.173849
-0.870425
-1.43618
-1.86844
-1.32907
-1.12101
-0.644
0
0
0
0
0
0
0
-0.158672
-0.683092
-1.33801
-1.83133
-1.33297
-1.26886
0
0
0
0
0
0
0
0
0
-0.463934
-1.15229
-1.83588
-1.40149
-1.30814
0
0
0
0
0
0
0
0
0
-0.175099
-0.930096
-1.81997
-1.43289
-1.24689
0
0
0
0
0
0
0
0
0
0
-0.604262
-1.71365
-1.32701
0
0
0
0
0
0
0
0
0
0
0
0
-1.50137
0
0
0
0
0
0
0
0
0
0
0
0
0
0
0
0
0
0
0
0
0
0
0
0
0
0
0
0
0
0
0
0
0
0
0
0
0
0
0
0
0
0
0
0
0
0
0
0
0
0
0
0
0
0
0
0
0
0
0
0
0
0
0
0
0
0
0
0
0
0
0
0
0
0
0
0
0
0
0
0
0
0
0
0
0
0
0
0
0
0
0
0
0
0
0
0
0
0
0
0
0
0
0
0
0
0
0
0
0
0
0
0
0
0
0
0
0
0
0
0
0
0
0
0
0
0
0
0
0
0
0
0
0
0
0
0
0
0
0
0
0
0
0
0
0
0
0
0
0
0
0
0
0
0
0
0
0
0
0
0
0
0
0
0
0
0
0
0
0
0
0
0
0
0
0
0
0
0
0
0
0
0
0
0
0
0
0
0
0
0
0
0
0
0
0
0
0
0
0
0
0
0
0
0
0
0
0
0
0
0
0
0
0
0
0
0
0
0
0
0
0
0
0
0
0
0
0
0
0
0
0
0
0
0
0
0
0
0
0
0
0
0
0
0
0
0
0
0
0
0
0
0
0
0
0
0
0
0
0
0
0
0
0
0
0
0
0
0
0
0
0
0
0
0
0
0
0
0
0
0
0
0
0
0
0
0
0
0
0
0
0
0
0
-1.31228
-0.833708
0
0
0
0
0
0
0
0
0
0
0
0
-1.59594
-1.23819
-0.433546
0
0
0
0
0
0
0
0
0
0
0
-2.00991
-1.7921
-0.908353
0
0
0
0
0
0
0
0
0
0
-2.03172
-2.33595
-2.20228
-1.20513
0
0
0
0
0
0
0
0
0
0
-2.14781
-2.5972
-2.532
-1.41103
-0.236029
0
0
0
0
0
0
0
0
0
-2.19518
-2.75401
-2.71071
-1.52059
-0.579173
0
0
0
0
0
0
0
0
0
-2.16971
-2.82347
-2.79854
-1.60182
-0.83104
-0.0798696
0
0
0
0
0
0
0
0
-2.04327
-2.78259
-2.72231
-1.62474
-1.00598
-0.239719
0
0
0
0
0
0
0
0
-1.91182
-2.67564
-2.59912
-1.60659
-1.06737
-0.273162
0
0
0
0
0
0
0
-1.12881
-1.79845
-2.53028
-2.42092
-1.52879
-1.06342
-0.193316
0
0
0
0
0
0
0
-1.02547
-1.69432
-2.38672
-2.21567
-1.40522
-0.972383
0
0
0
0
0
0
0
0
-0.936058
-1.60178
-2.29608
-1.93008
-1.29536
-0.861075
0
0
0
0
0
0
0
0
-0.873995
-1.52694
-2.18237
-1.65971
-1.1699
-0.760558
0
0
0
0
0
0
0
0
-0.865345
-1.52814
-1.98707
-1.45662
-1.06525
-0.680371
0
0
0
0
0
0
0
0
-0.955987
-1.46747
-1.80305
-1.29856
-1.00131
-0.629995
0
0
0
0
0
0
0
-0.273992
-0.91665
-1.37128
-1.74635
-1.22142
-1.04769
-0.707088
0
0
0
0
0
0
0
-0.304182
-0.783241
-1.31355
-1.71154
-1.20193
-1.14095
0
0
0
0
0
0
0
0
-0.120378
-0.627941
-1.16581
-1.72951
-1.25925
-1.16841
0
0
0
0
0
0
0
0
0
-0.38388
-0.965952
-1.72237
-1.2832
0
0
0
0
0
0
0
0
0
0
0
-0.662903
-1.63028
-1.16866
0
0
0
0
0
0
0
0
0
0
0
0
-1.42099
0
0
0
0
0
0
0
0
0
0
0
0
0
0
0
0
0
0
0
0
0
0
0
0
0
0
0
0
0
0
0
0
0
0
0
0
0
0
0
0
0
0
0
0
0
0
0
0
0
0
0
0
0
0
0
0
0
0
0
0
0
0
0
0
0
0
0
0
0
0
0
0
0
0
0
0
0
0
0
0
0
0
0
0
0
0
0
0
0
0
0
0
0
0
0
0
0
0
0
0
0
0
0
0
0
0
0
0
0
0
0
0
0
0
0
0
0
0
0
0
0
0
0
0
0
0
0
0
0
0
0
0
0
0
0
0
0
0
0
0
0
0
0
0
0
0
0
0
0
0
0
0
0
0
0
0
0
0
0
0
0
0
0
0
0
0
0
0
0
0
0
0
0
0
0
0
0
0
0
0
0
0
0
0
0
0
0
0
0
0
0
0
0
0
0
0
0
0
0
0
0
0
0
0
0
0
0
0
0
0
0
0
0
0
0
0
0
0
0
0
0
0
0
0
0
0
0
0
0
0
0
0
0
0
0
0
0
0
0
0
0
0
0
0
0
0
0
0
0
0
0
0
0
0
0
0
0
0
0
0
0
0
0
0
0
0
0
0
0
0
0
0
0
0
0
0
0
0
0
0
0
0
0
0
0
0
0
0
0
0
0
0
0
-1.19957
-0.764424
0
0
0
0
0
0
0
0
0
0
0
0
-1.4987
-1.13674
0
0
0
0
0
0
0
0
0
0
0
0
-1.95079
-1.70655
-0.658544
0
0
0
0
0
0
0
0
0
0
0
-2.29683
-2.13572
-0.993037
0
0
0
0
0
0
0
0
0
0
-1.99148
-2.56983
-2.48435
-1.24344
-0.169569
0
0
0
0
0
0
0
0
0
-2.09585
-2.72914
-2.67335
-1.40377
-0.530938
0
0
0
0
0
0
0
0
0
-2.10746
-2.80072
-2.76931
-1.53141
-0.798192
0
0
0
0
0
0
0
0
0
-2.00646
-2.76466
-2.70383
-1.60324
-0.99252
-0.13873
0
0
0
0
0
0
0
0
-1.89005
-2.66283
-2.5944
-1.62962
-1.06499
-0.158107
0
0
0
0
0
0
0
0
-1.78362
-2.52442
-2.43446
-1.59799
-1.06775
-0.0659906
0
0
0
0
0
0
0
-0.930813
-1.66266
-2.37504
-2.23434
-1.50945
-0.994684
0
0
0
0
0
0
0
0
-0.863573
-1.55374
-2.2711
-1.94765
-1.42922
-0.908027
0
0
0
0
0
0
0
0
-0.813181
-1.46101
-2.12898
-1.65563
-1.30624
-0.84064
0
0
0
0
0
0
0
0
-0.821633
-1.45812
-1.90979
-1.42359
-1.17469
-0.779656
0
0
0
0
0
0
0
-0.148026
-0.927324
-1.40309
-1.70779
-1.22353
-1.0502
-0.734513
0
0
0
0
0
0
0
-0.309692
-0.922245
-1.33479
-1.64184
-1.12308
-1.02753
-0.771169
0
0
0
0
0
0
0
-0.35444
-0.829271
-1.30132
-1.59989
-1.08025
-1.05326
0
0
0
0
0
0
0
0
-0.20705
-0.720556
-1.17104
-1.6177
-1.11878
-1.0473
0
0
0
0
0
0
0
0
0
-0.508099
-0.984078
-1.61271
-1.12625
0
0
0
0
0
0
0
0
0
0
0
-0.693556
-1.52232
0
0
0
0
0
0
0
0
0
0
0
0
0
-1.31375
0
0
0
0
0
0
0
0
0
0
0
0
0
0
0
0
0
0
0
0
0
0
0
0
0
0
0
0
0
0
0
0
0
0
0
0
0
0
0
0
0
0
0
0
0
0
0
0
0
0
0
0
0
0
0
0
0
0
0
0
0
0
0
0
0
0
0
0
0
0
0
0
0
0
0
0
0
0
0
0
0
0
0
0
0
0
0
0
0
0
0
0
0
0
0
0
0
0
0
0
0
0
0
0
0
0
0
0
0
0
0
0
0
0
0
0
0
0
0
0
0
0
0
0
0
0
0
0
0
0
0
0
0
0
0
0
0
0
0
0
0
0
0
0
0
0
0
0
0
0
0
0
0
0
0
0
0
0
0
0
0
0
0
0
0
0
0
0
0
0
0
0
0
0
0
0
0
0
0
0
0
0
0
0
0
0
0
0
0
0
0
0
0
0
0
0
0
0
0
0
0
0
0
0
0
0
0
0
0
0
0
0
0
0
0
0
0
0
0
0
0
0
0
0
0
0
-0.0501778
0
0
0
0
0
0
0
0
0
0
0
0
0
-0.0833732
-0.0614981
0
0
0
0
0
0
0
0
0
0
0
0
0
0
0
0
0
0
0
0
0
0
0
0
0
0
0
0
0
0
0
0
0
0
0
0
0
0
0
0
0
0
0
0
0
0
0
0
0
0
0
-1.05133
-0.677701
0
0
0
0
0
0
0
0
0
0
0
0
-1.37537
-1.01161
0
0
0
0
0
0
0
0
0
0
0
0
-1.85494
-1.58931
-0.38857
0
0
0
0
0
0
0
0
0
0
0
-2.21069
-2.03099
-0.766945
0
0
0
0
0
0
0
0
0
0
-1.77082
-2.48749
-2.39331
-1.06833
-0.189329
0
0
0
0
0
0
0
0
0
-1.929
-2.65063
-2.59243
-1.28661
-0.532713
0
0
0
0
0
0
0
0
0
-1.97742
-2.72899
-2.70032
-1.46348
-0.792056
0
0
0
0
0
0
0
0
0
-1.91517
-2.70888
-2.65863
-1.58467
-0.988146
-0.0151081
0
0
0
0
0
0
0
0
-1.8309
-2.62434
-2.57695
-1.64973
-1.06486
0
0
0
0
0
0
0
0
0
-1.74884
-2.50907
-2.44752
-1.6578
-1.07055
0
0
0
0
0
0
0
0
-0.795862
-1.62396
-2.36807
-2.25067
-1.60304
-1.01278
0
0
0
0
0
0
0
0
-0.762838
-1.51427
-2.25919
-1.96052
-1.55313
-0.947624
0
0
0
0
0
0
0
0
-0.730538
-1.42292
-2.08323
-1.65016
-1.43844
-0.910273
0
0
0
0
0
0
0
0
-0.765278
-1.41974
-1.84065
-1.394
-1.29431
-0.871069
0
0
0
0
0
0
0
-0.13791
-0.886089
-1.36679
-1.63005
-1.15336
-1.13271
-0.840265
0
0
0
0
0
0
0
-0.308571
-0.899734
-1.31853
-1.54955
-1.0308
-1.04903
-0.843976
0
0
0
0
0
0
0
-0.349304
-0.844682
-1.29806
-1.49239
-0.963656
-0.999817
0
0
0
0
0
0
0
0
-0.238873
-0.777307
-1.17349
-1.49823
-0.973529
-0.939676
0
0
0
0
0
0
0
0
-0.0388706
-0.593491
-0.996443
-1.4896
-0.952285
0
0
0
0
0
0
0
0
0
0
-0.313507
-0.715204
-1.38949
0
0
0
0
0
0
0
0
0
0
0
0
0
0
0
0
0
0
0
0
0
0
0
0
0
0
0
0
0
0
0
0
0
0
0
0
0
0
0
0
0
0
0
0
0
0
0
0
0
0
0
0
0
0
0
0
0
0
0
0
0
0
0
0
0
0
0
0
0
0
0
0
0
0
0
0
0
0
0
0
0
0
0
0
0
0
0
0
0
0
0
0
0
0
0
0
0
0
0
0
0
0
0
0
0
0
0
0
0
0
0
0
0
0
0
0
0
0
0
0
0
0
0
0
0
0
0
0
0
0
0
0
0
0
0
0
0
0
0
0
0
0
0
0
0
0
0
0
0
0
0
0
0
0
0
0
0
0
0
0
0
0
0
0
0
0
0
0
0
0
0
0
0
0
0
0
0
0
0
0
0
0
0
0
0
0
0
0
0
0
0
0
0
0
0
0
0
0
0
0
0
0
0
0
0
0
0
0
0
0
0
0
0
0
0
0
0
0
0
0
0
0
0
0
0
0
-0.0927432
0
0
0
0
0
0
0
0
0
0
0
0
0
-0.148357
0
0
0
0
0
0
0
0
0
0
0
0
0
-0.125827
-0.036339
0
0
0
0
0
0
0
0
0
0
0
0
0
0
0
0
0
0
0
0
0
0
0
0
0
0
0
0
0
0
0
0
0
0
0
0
0
0
0
0
0
0
0
0
0
0
0
0
0
0
0
0
-0.519927
0
0
0
0
0
0
0
0
0
0
0
0
-1.18387
-0.837882
0
0
0
0
0
0
0
0
0
0
0
0
-1.68774
-1.4296
-0.175581
0
0
0
0
0
0
0
0
0
0
0
-2.05519
-1.8843
-0.594591
0
0
0
0
0
0
0
0
0
0
-1.48321
-2.3406
-2.25983
-0.941334
-0.341141
0
0
0
0
0
0
0
0
0
-1.69525
-2.52234
-2.4798
-1.22001
-0.635777
0
0
0
0
0
0
0
0
0
-1.78482
-2.62035
-2.61245
-1.44368
-0.866509
0
0
0
0
0
0
0
0
0
-1.78365
-2.63129
-2.61501
-1.60644
-1.04653
0
0
0
0
0
0
0
0
0
-1.75028
-2.57736
-2.57468
-1.69228
-1.11667
0
0
0
0
0
0
0
0
0
-1.7062
-2.49922
-2.47852
-1.72015
-1.11311
0
0
0
0
0
0
0
0
-0.633609
-1.58878
-2.37835
-2.27331
-1.68265
-1.04884
0
0
0
0
0
0
0
0
-0.631987
-1.49422
-2.26767
-1.97345
-1.64716
-0.980457
0
0
0
0
0
0
0
0
-0.624396
-1.42393
-2.05623
-1.6529
-1.5341
-0.94841
0
0
0
0
0
0
0
0
-0.694804
-1.41947
-1.7998
-1.38124
-1.38316
-0.91774
0
0
0
0
0
0
0
0
-0.825845
-1.36822
-1.59305
-1.11354
-1.20292
-0.895379
0
0
0
0
0
0
0
-0.263309
-0.833871
-1.32776
-1.49268
-0.975395
-1.0774
-0.875231
0
0
0
0
0
0
0
-0.276419
-0.806314
-1.30234
-1.41431
-0.888473
-0.960846
0
0
0
0
0
0
0
0
-0.189801
-0.759678
-1.16759
-1.39795
-0.86537
0
0
0
0
0
0
0
0
0
0
-0.594781
-0.99409
-1.37916
0
0
0
0
0
0
0
0
0
0
0
-0.34524
-0.712603
-1.25743
0
0
0
0
0
0
0
0
0
0
0
0
0
0
0
0
0
0
0
0
0
0
0
0
0
0
0
0
0
0
0
0
0
0
0
0
0
0
0
0
0
0
0
0
0
0
0
0
0
0
0
0
0
0
0
0
0
0
0
0
0
0
0
0
0
0
0
0
0
0
0
0
0
0
0
0
0
0
0
0
0
0
0
0
0
0
0
0
0
0
0
0
0
0
0
0
0
0
0
0
0
0
0
0
0
0
0
0
0
0
0
0
0
0
0
0
0
0
0
0
0
0
0
0
0
0
0
0
0
0
0
0
0
0
0
0
0
0
0
0
0
0
0
0
0
0
0
0
0
0
0
0
0
0
0
0
0
0
0
0
0
0
0
0
0
0
0
0
0
0
0
0
0
0
0
0
0
0
0
0
0
0
0
0
0
0
0
0
0
0
0
0
0
0
0
0
0
0
0
0
0
0
0
0
0
0
0
0
0
0
0
0
-0.0505026
0
0
0
0
0
0
0
0
0
0
0
0
0
-0.197244
0
0
0
0
0
0
0
0
0
0
0
0
0
-0.189403
0
0
0
0
0
0
0
0
0
0
0
0
0
-0.0964424
0
0
0
0
0
0
0
0
0
0
0
0
0
0
0
0
0
0
0
0
0
0
0
0
0
0
0
0
0
0
0
0
0
0
0
0
0
0
0
0
0
0
0
0
0
0
0
0
0
0
0
0
0
0
0
0
0
0
0
0
0
0
0
0
0
0
-0.935637
-0.619295
0
0
0
0
0
0
0
0
0
0
0
0
-1.46458
-1.23234
0
0
0
0
0
0
0
0
0
0
0
0
-1.84657
-1.70239
-0.475585
-0.309028
0
0
0
0
0
0
0
0
0
0
-2.1446
-2.09286
-0.857671
-0.528106
0
0
0
0
0
0
0
0
0
-1.4003
-2.3556
-2.34526
-1.19218
-0.775061
0
0
0
0
0
0
0
0
0
-1.53885
-2.48252
-2.51535
-1.45287
-0.977133
0
0
0
0
0
0
0
0
0
-1.62207
-2.53733
-2.57867
-1.64446
-1.13873
0
0
0
0
0
0
0
0
0
-1.65233
-2.52662
-2.58545
-1.73987
-1.199
0
0
0
0
0
0
0
0
0
-1.6545
-2.49798
-2.51522
-1.78136
-1.17949
0
0
0
0
0
0
0
0
0
-1.55664
-2.40354
-2.29229
-1.75623
-1.09703
0
0
0
0
0
0
0
0
-0.476446
-1.49246
-2.28388
-1.98631
-1.72613
-1.01359
0
0
0
0
0
0
0
0
-0.503937
-1.45119
-2.03675
-1.6644
-1.61169
-0.974471
0
0
0
0
0
0
0
0
-0.6169
-1.43566
-1.78129
-1.38092
-1.46002
-0.946709
0
0
0
0
0
0
0
0
-0.743805
-1.39287
-1.58666
-1.09806
-1.27366
-0.929367
0
0
0
0
0
0
0
-0.179869
-0.736117
-1.35583
-1.46344
-0.951891
-1.1188
-0.886625
0
0
0
0
0
0
0
-0.152981
-0.733292
-1.31329
-1.36186
-0.850593
-0.935685
0
0
0
0
0
0
0
0
-0.0847372
-0.694009
-1.16108
-1.31417
-0.788167
0
0
0
0
0
0
0
0
0
0
-0.547028
-0.98867
-1.27479
0
0
0
0
0
0
0
0
0
0
0
-0.327933
-0.698109
-1.11441
0
0
0
0
0
0
0
0
0
0
0
0
0
0
0
0
0
0
0
0
0
0
0
0
0
0
0
0
0
0
0
0
0
0
0
0
0
0
0
0
0
0
0
0
0
0
0
0
0
0
0
0
0
0
0
0
0
0
0
0
0
0
0
0
0
0
0
0
0
0
0
0
0
0
0
0
0
0
0
0
0
0
0
0
0
0
0
0
0
0
0
0
0
0
0
0
0
0
0
0
0
0
0
0
0
0
0
0
0
0
0
0
0
0
0
0
0
0
0
0
0
0
0
0
0
0
0
0
0
0
0
0
0
0
0
0
0
0
0
0
0
0
0
0
0
0
0
0
0
0
0
0
0
0
0
0
0
0
0
0
0
0
0
0
0
0
0
0
0
0
0
0
0
0
0
0
0
0
0
0
0
0
0
0
0
0
0
0
0
0
0
0
0
0
0
0
0
0
0
0
0
0
0
0
0
0
0
0
0
0
0
0
-0.110619
0
0
0
0
0
0
0
0
0
0
0
0
0
-0.197278
0
0
0
0
0
0
0
0
0
0
0
0
0
-0.132241
0
0
0
0
0
0
0
0
0
0
0
0
0
0
0
0
0
0
0
0
0
0
0
0
0
0
0
0
0
0
0
0
0
0
0
0
0
0
0
0
0
0
0
0
0
0
0
0
0
0
0
0
0
0
0
0
0
0
0
0
0
0
0
0
0
0
0
0
0
0
0
0
0
0
0
0
0
0
0
0
0
-0.35656
0
0
0
0
0
0
0
0
0
0
0
0
-1.18211
-1.00723
0
-0.245832
0
0
0
0
0
0
0
0
0
0
-1.59176
-1.50567
-0.475061
-0.539266
0
0
0
0
0
0
0
0
0
0
-1.91699
-1.92314
-0.880584
-0.738006
-0.00150488
0
0
0
0
0
0
0
0
-1.09614
-2.17262
-2.22705
-1.24968
-0.942869
0
0
0
0
0
0
0
0
0
-1.29983
-2.33965
-2.44896
-1.52453
-1.11705
0
0
0
0
0
0
0
0
0
-1.47698
-2.44657
-2.57852
-1.7212
-1.25489
0
0
0
0
0
0
0
0
0
-1.56504
-2.48686
-2.62138
-1.81193
-1.29864
0
0
0
0
0
0
0
0
0
-1.61023
-2.51107
-2.55633
-1.85378
-1.25661
0
0
0
0
0
0
0
0
0
-1.53891
-2.43602
-2.3135
-1.82016
-1.14757
0
0
0
0
0
0
0
0
-0.295813
-1.50829
-2.29073
-2.01156
-1.76919
-1.03787
0
0
0
0
0
0
0
0
-0.367608
-1.47468
-2.01883
-1.69509
-1.64168
-0.976595
0
0
0
0
0
0
0
0
-0.517024
-1.43029
-1.77926
-1.4018
-1.48887
-0.939896
0
0
0
0
0
0
0
0
-0.61854
-1.40654
-1.59172
-1.11841
-1.30483
-0.912841
0
0
0
0
0
0
0
-0.0936978
-0.602844
-1.37348
-1.44761
-0.971734
-1.13931
0
0
0
0
0
0
0
0
-0.0382012
-0.619289
-1.31314
-1.32806
-0.861985
-0.907672
0
0
0
0
0
0
0
0
0
-0.573596
-1.14729
-1.25395
-0.760816
0
0
0
0
0
0
0
0
0
0
-0.442972
-0.97783
-1.18967
0
0
0
0
0
0
0
0
0
0
0
0
0
0
0
0
0
0
0
0
0
0
0
0
0
0
0
0
0
0
0
0
0
0
0
0
0
0
0
0
0
0
0
0
0
0
0
0
0
0
0
0
0
0
0
0
0
0
0
0
0
0
0
0
0
0
0
0
0
0
0
0
0
0
0
0
0
0
0
0
0
0
0
0
0
0
0
0
0
0
0
0
0
0
0
0
0
0
0
0
0
0
0
0
0
0
0
0
0
0
0
0
0
0
0
0
0
0
0
0
0
0
0
0
0
0
0
0
0
0
0
0
0
0
0
0
0
0
0
0
0
0
0
0
0
0
0
0
0
0
0
0
0
0
0
0
0
0
0
0
0
0
0
0
0
0
0
0
0
0
0
0
0
0
0
0
0
0
0
0
0
0
0
0
0
0
0
0
0
0
0
0
0
0
0
0
0
0
0
0
0
0
0
0
0
0
0
0
0
0
0
0
0
0
0
0
0
0
0
0
0
0
0
0
0
0
-0.112938
0
0
0
0
0
0
0
0
0
0
0
0
0
-0.133989
0
0
0
0
0
0
0
0
0
0
0
0
0
-0.00837806
0
0
0
0
0
0
0
0
0
0
0
0
0
0
0
0
0
0
0
0
0
0
0
0
0
0
0
0
0
0
0
0
0
0
0
0
0
0
0
0
0
0
0
0
0
0
0
0
0
0
0
0
0
0
0
0
0
0
0
0
0
0
0
0
0
0
0
0
0
0
0
0
0
0
0
0
0
0
0
0
0
0
0
0
0
0
0
0
0
0
0
0
0
0
-0.843918
-0.763716
0
-0.451013
0
0
0
0
0
0
0
0
0
0
-1.29595
-1.30608
-0.544523
-0.742371
0
0
0
0
0
0
0
0
0
0
-1.66291
-1.76314
-0.956104
-0.93597
-0.115788
0
0
0
0
0
0
0
0
-0.793124
-1.98014
-2.13521
-1.33564
-1.11457
-0.0703048
0
0
0
0
0
0
0
0
-1.07498
-2.20115
-2.4153
-1.60944
-1.26897
0
0
0
0
0
0
0
0
0
-1.34448
-2.37135
-2.60158
-1.80652
-1.38294
0
0
0
0
0
0
0
0
0
-1.48563
-2.47048
-2.65746
-1.89775
-1.40559
0
0
0
0
0
0
0
0
0
-1.57944
-2.54158
-2.58554
-1.93847
-1.34096
0
0
0
0
0
0
0
0
0
-1.54567
-2.46132
-2.33858
-1.88178
-1.20667
0
0
0
0
0
0
0
0
0
-1.54036
-2.28056
-2.05287
-1.79436
-1.06622
0
0
0
0
0
0
0
0
-0.226209
-1.48008
-2.00955
-1.73931
-1.65123
-0.971961
0
0
0
0
0
0
0
0
-0.383189
-1.41212
-1.79426
-1.43969
-1.49826
-0.911971
0
0
0
0
0
0
0
0
-0.450971
-1.42341
-1.60569
-1.17012
-1.32162
-0.854648
0
0
0
0
0
0
0
0
-0.444252
-1.38631
-1.44805
-1.03191
-1.15095
0
0
0
0
0
0
0
0
0
-0.46336
-1.3128
-1.31597
-0.917578
-0.875947
0
0
0
0
0
0
0
0
0
-0.400913
-1.13704
-1.21525
0
0
0
0
0
0
0
0
0
0
0
-0.284241
-0.968691
-1.11511
0
0
0
0
0
0
0
0
0
0
0
0
0
0
0
0
0
0
0
0
0
0
0
0
0
0
0
0
0
0
0
0
0
0
0
0
0
0
0
0
0
0
0
0
0
0
0
0
0
0
0
0
0
0
0
0
0
0
0
0
0
0
0
0
0
0
0
0
0
0
0
0
0
0
0
0
0
0
0
0
0
0
0
0
0
0
0
0
0
0
0
0
0
0
0
0
0
0
0
0
0
0
0
0
0
0
0
0
0
0
0
0
0
0
0
0
0
0
0
0
0
0
0
0
0
0
0
0
0
0
0
0
0
0
0
0
0
0
0
0
0
0
0
0
0
0
0
0
0
0
0
0
0
0
0
0
0
0
0
0
0
0
0
0
0
0
0
0
0
0
0
0
0
0
0
0
0
0
0
0
0
0
0
0
0
0
0
0
0
0
0
0
0
0
0
0
0
0
0
0
0
0
0
0
0
0
0
0
0
0
0
0
0
0
0
0
0
0
0
0
0
0
0
0
0
0
0
0
0
0
0
0
0
0
0
0
0
0
0
0
0
0
0
0
0
0
0
0
0
0
0
0
0
0
0
0
0
0
0
0
0
0
0
0
0
0
0
0
0
0
0
0
0
0
0
0
0
0
0
0
0
0
0
0
0
0
0
0
0
0
0
0
0
0
0
0
0
0
0
0
0
0
0
0
0
0
0
0
0
0
0
0
0
0
0
0
0
0
0
0
0
0
0
0
0
0
0
0
0
0
0
0
0
0
0
0
0
0
-0.114965
0
0
0
0
0
0
0
0
0
0
-0.507966
-0.573469
-0.157966
-0.614145
0
0
0
0
0
0
0
0
0
0
-1.01373
-1.16688
-0.659072
-0.916324
-0.101043
0
0
0
0
0
0
0
0
0
-1.43429
-1.66659
-1.06464
-1.11812
-0.192469
0
0
0
0
0
0
0
0
-0.598854
-1.81516
-2.09504
-1.42854
-1.26922
-0.124552
0
0
0
0
0
0
0
0
-0.934891
-2.09177
-2.40915
-1.69311
-1.39367
0
0
0
0
0
0
0
0
0
-1.25189
-2.31774
-2.61092
-1.8881
-1.46611
0
0
0
0
0
0
0
0
0
-1.42691
-2.46189
-2.65553
-1.9809
-1.45879
0
0
0
0
0
0
0
0
0
-1.56164
-2.5432
-2.58635
-2.0097
-1.37443
0
0
0
0
0
0
0
0
0
-1.55757
-2.42786
-2.36149
-1.91491
-1.22535
0
0
0
0
0
0
0
0
0
-1.53295
-2.23105
-2.09731
-1.78525
-1.06364
0
0
0
0
0
0
0
0
0
-1.41241
-1.9895
-1.78228
-1.62595
-0.944126
0
0
0
0
0
0
0
0
-0.182776
-1.34424
-1.79098
-1.48683
-1.47503
-0.856318
0
0
0
0
0
0
0
0
-0.237303
-1.38721
-1.59665
-1.2375
-1.31192
0
0
0
0
0
0
0
0
0
-0.258426
-1.34385
-1.43819
-1.11333
-1.1435
0
0
0
0
0
0
0
0
0
-0.271006
-1.27629
-1.30472
-0.989674
0
0
0
0
0
0
0
0
0
0
-0.203375
-1.10926
-1.18353
0
0
0
0
0
0
0
0
0
0
0
0
-0.946235
-1.04708
0
0
0
0
0
0
0
0
0
0
0
0
0
0
0
0
0
0
0
0
0
0
0
0
0
0
0
0
0
0
0
0
0
0
0
0
0
0
0
0
0
0
0
0
0
0
0
0
0
0
0
0
0
0
0
0
0
0
0
0
0
0
0
0
0
0
0
0
0
0
0
0
0
0
0
0
0
0
0
0
0
0
0
0
0
0
0
0
0
0
0
0
0
0
0
0
0
0
0
0
0
0
0
0
0
0
0
0
0
0
0
0
0
0
0
0
0
0
0
0
0
0
0
0
0
0
0
0
0
0
0
0
0
0
0
0
0
0
0
0
0
0
0
0
0
0
0
0
0
0
0
0
0
0
0
0
0
0
0
0
0
0
0
0
0
0
0
0
0
0
0
0
0
0
0
0
0
0
0
0
0
0
0
0
0
0
0
0
0
0
0
0
0
0
0
0
0
0
0
0
0
0
0
0
0
0
0
0
0
0
0
0
0
0
0
0
0
0
0
0
0
0
0
0
0
0
0
0
0
0
0
0
0
0
0
0
0
0
0
0
0
0
0
0
0
0
0
0
0
0
0
0
0
0
0
0
0
0
0
0
0
0
0
0
0
0
0
0
0
0
0
0
0
0
0
0
0
0
0
0
0
0
0
0
0
0
0
0
0
0
0
0
0
0
0
0
0
0
0
0
0
0
0
0
0
0
0
0
0
0
0
0
0
0
0
0
0
0
0
0
0
0
0
0
0
0
0
0
0
0
0
0
0
0
0
0
0
0
-0.244415
0
0
0
0
0
0
0
0
0
0
0
-0.436467
-0.257432
-0.768997
0
0
0
0
0
0
0
0
0
0
-0.759536
-1.08171
-0.763462
-1.08415
-0.185266
0
0
0
0
0
0
0
0
0
-1.24941
-1.61491
-1.16753
-1.29494
-0.259246
0
0
0
0
0
0
0
0
-0.479278
-1.69905
-2.07361
-1.52085
-1.4164
-0.179079
0
0
0
0
0
0
0
0
-0.852489
-2.032
-2.39007
-1.78729
-1.504
0
0
0
0
0
0
0
0
0
-1.20077
-2.29706
-2.58506
-1.98448
-1.52828
0
0
0
0
0
0
0
0
0
-1.41033
-2.44846
-2.63149
-2.07219
-1.49213
0
0
0
0
0
0
0
0
0
-1.57923
-2.49513
-2.59212
-2.07425
-1.39203
0
0
0
0
0
0
0
0
0
-1.56629
-2.35261
-2.39872
-1.93709
-1.23258
0
0
0
0
0
0
0
0
0
-1.4701
-2.17935
-2.14434
-1.76564
-1.05087
0
0
0
0
0
0
0
0
0
-1.30704
-1.97283
-1.83175
-1.58608
-0.897032
0
0
0
0
0
0
0
0
0
-1.26078
-1.77633
-1.55426
-1.43446
-0.758975
0
0
0
0
0
0
0
0
0
-1.31231
-1.58426
-1.33259
-1.27896
0
0
0
0
0
0
0
0
0
-0.02451
-1.26965
-1.43394
-1.22327
-1.11455
0
0
0
0
0
0
0
0
0
0
-1.2222
-1.30178
-1.07962
0
0
0
0
0
0
0
0
0
0
0
-1.07249
-1.15067
0
0
0
0
0
0
0
0
0
0
0
0
-0.904735
0
0
0
0
0
0
0
0
0
0
0
0
0
0
0
0
0
0
0
0
0
0
0
0
0
0
0
0
0
0
0
0
0
0
0
0
0
0
0
0
0
0
0
0
0
0
0
0
0
0
0
0
0
0
0
0
0
0
0
0
0
0
0
0
0
0
0
0
0
0
0
0
0
0
0
0
0
0
0
0
0
0
0
0
0
0
0
0
0
0
0
0
0
0
0
0
0
0
0
0
0
0
0
0
0
0
0
0
0
0
0
0
0
0
0
0
0
0
0
0
0
0
0
0
0
0
0
0
0
0
0
0
0
0
0
0
0
0
0
0
0
0
0
0
0
0
0
0
0
0
0
0
0
0
0
0
0
0
0
0
0
0
0
0
0
0
0
0
0
0
0
0
0
0
0
0
0
0
0
0
0
0
0
0
0
0
0
0
0
0
0
0
0
0
0
0
0
0
0
0
0
0
0
0
0
0
0
0
0
0
0
0
0
0
0
0
0
0
0
0
0
0
0
0
0
0
0
0
0
0
0
0
0
0
0
0
0
0
0
0
0
0
0
0
0
0
0
0
0
0
0
0
0
0
0
0
0
0
0
0
0
0
0
0
0
0
0
0
0
0
0
0
0
0
0
0
0
0
0
0
0
0
0
0
0
0
0
0
0
0
0
0
0
0
0
0
0
0
0
0
0
0
0
0
0
0
0
0
0
0
0
0
0
0
0
0
0
0
0
0
0
0
0
0
0
0
0
0
0
0
0
0
0
0
0
0
0
0
0
-0.316079
0
0
0
0
0
0
0
0
0
0
0
-0.356834
-0.334407
-0.868405
0
0
0
0
0
0
0
0
0
0
-0.636413
-1.02497
-0.841457
-1.19573
-0.227179
0
0
0
0
0
0
0
0
0
-1.17527
-1.56153
-1.2479
-1.41396
-0.306172
0
0
0
0
0
0
0
0
-0.457652
-1.65996
-2.01118
-1.59364
-1.50681
-0.231571
0
0
0
0
0
0
0
0
-0.849579
-2.012
-2.31534
-1.86045
-1.56071
0
0
0
0
0
0
0
0
0
-1.2051
-2.25581
-2.51208
-2.0471
-1.54063
0
0
0
0
0
0
0
0
0
-1.42824
-2.36021
-2.58445
-2.11611
-1.47878
0
0
0
0
0
0
0
0
0
-1.57596
-2.36827
-2.57951
-2.09234
-1.36384
0
0
0
0
0
0
0
0
0
-1.48812
-2.24173
-2.40294
-1.93191
-1.20372
0
0
0
0
0
0
0
0
0
-1.32428
-2.1062
-2.15484
-1.73343
-1.0096
0
0
0
0
0
0
0
0
0
-1.16324
-1.91399
-1.86036
-1.54353
-0.825233
0
0
0
0
0
0
0
0
0
-1.12618
-1.72204
-1.61063
-1.39193
0
0
0
0
0
0
0
0
0
0
-1.16968
-1.54508
-1.41802
-1.23972
0
0
0
0
0
0
0
0
0
0
-1.14852
-1.4159
-1.3167
-1.0858
0
0
0
0
0
0
0
0
0
0
-1.13771
-1.28453
-1.14964
0
0
0
0
0
0
0
0
0
0
0
-1.01236
-1.10476
0
0
0
0
0
0
0
0
0
0
0
0
0
0
0
0
0
0
0
0
0
0
0
0
0
0
0
0
0
0
0
0
0
0
0
0
0
0
0
0
0
0
0
0
0
0
0
0
0
0
0
0
0
0
0
0
0
0
0
0
0
0
0
0
0
0
0
0
0
0
0
0
0
0
0
0
0
0
0
0
0
0
0
0
0
0
0
0
0
0
0
0
0
0
0
0
0
0
0
0
0
0
0
0
0
0
0
0
0
0
0
0
0
0
0
0
0
0
0
0
0
0
0
0
0
0
0
0
0
0
0
0
0
0
0
0
0
0
0
0
0
0
0
0
0
0
0
0
0
0
0
0
0
0
0
0
0
0
0
0
0
0
0
0
0
0
0
0
0
0
0
0
0
0
0
0
0
0
0
0
0
0
0
0
0
0
0
0
0
0
0
0
0
0
0
0
0
0
0
0
0
0
0
0
0
0
0
0
0
0
0
0
0
0
0
0
0
0
0
0
0
0
0
0
0
0
0
0
0
0
0
0
0
0
0
0
0
0
0
0
0
0
0
0
0
0
0
0
0
0
0
0
0
0
0
0
0
0
0
0
0
0
0
0
0
0
0
0
0
0
0
0
0
0
0
0
0
0
0
0
0
0
0
0
0
0
0
0
0
0
0
0
0
0
0
0
0
0
0
0
0
0
0
0
0
0
0
0
0
0
0
0
0
0
0
0
0
0
0
0
0
0
0
0
0
0
0
0
0
0
0
0
0
0
0
0
0
0
0
0
0
0
0
0
0
0
0
0
0
0
0
0
-0.357342
0
0
0
0
0
0
0
0
0
0
0
-0.265813
-0.435252
-0.94037
0
0
0
0
0
0
0
0
0
0
-0.62883
-0.942172
-0.941015
-1.28153
-0.266745
0
0
0
0
0
0
0
0
0
-1.18167
-1.47935
-1.34713
-1.51076
-0.36475
0
0
0
0
0
0
0
0
-0.52714
-1.64995
-1.92411
-1.67659
-1.5818
-0.307384
0
0
0
0
0
0
0
0
-0.934642
-1.96678
-2.2375
-1.92872
-1.6084
0
0
0
0
0
0
0
0
0
-1.27209
-2.14686
-2.45216
-2.09024
-1.54283
0
0
0
0
0
0
0
0
0
-1.44976
-2.21396
-2.54851
-2.14051
-1.44983
0
0
0
0
0
0
0
0
0
-1.50267
-2.22481
-2.55563
-2.1017
-1.31196
0
0
0
0
0
0
0
0
0
-1.34003
-2.13171
-2.38731
-1.92793
-1.14587
0
0
0
0
0
0
0
-0.136683
0
-1.15719
-2.00964
-2.16141
-1.70532
-0.921669
0
0
0
0
0
0
0
-0.128496
0
-0.99177
-1.82517
-1.89831
-1.49878
0
0
0
0
0
0
0
0
0
0
-0.924866
-1.65333
-1.68401
-1.3277
0
0
0
0
0
0
0
0
0
0
-0.964169
-1.49762
-1.50991
-1.17451
0
0
0
0
0
0
0
0
0
0
-0.978974
-1.38807
-1.40133
0
0
0
0
0
0
0
0
0
0
0
-1.01133
-1.23641
-1.20177
0
0
0
0
0
0
0
0
0
0
0
-0.898403
0
0
0
0
0
0
0
0
0
0
0
0
0
0
0
0
0
0
0
0
0
0
0
0
0
0
0
0
0
0
0
0
0
0
0
0
0
0
0
0
0
0
0
0
0
0
0
0
0
0
0
0
0
0
0
0
0
0
0
0
0
0
0
0
0
0
0
0
0
0
0
0
0
0
0
0
0
0
0
0
0
0
0
0
0
0
0
0
0
0
0
0
0
0
0
0
0
0
0
0
0
0
0
0
0
0
0
0
0
0
0
0
0
0
0
0
0
0
0
0
0
0
0
0
0
0
0
0
0
0
0
0
0
0
0
0
0
0
0
0
0
0
0
0
0
0
0
0
0
0
0
0
0
0
0
0
0
0
0
0
0
0
0
0
0
0
0
0
0
0
0
0
0
0
0
0
0
0
0
0
0
0
0
0
0
0
0
0
0
0
0
0
0
0
0
0
0
0
0
0
0
0
0
0
0
0
0
0
0
0
0
0
0
0
0
0
0
0
0
0
0
0
0
0
0
0
0
0
0
0
0
0
0
0
0
0
0
0
0
0
0
0
0
0
0
0
0
0
0
0
0
0
0
0
0
0
0
0
0
0
0
0
0
0
0
0
0
0
0
0
0
0
0
0
0
0
0
0
0
0
0
0
0
0
0
0
0
0
0
0
0
0
0
0
0
0
0
0
0
0
0
0
0
0
0
0
0
0
0
0
0
0
0
0
0
0
0
0
0
0
0
0
0
0
0
0
0
0
0
0
0
0
0
0
0
0
0
0
0
0
0
0
0
0
0
0
0
0
0
0
0
0
0
-0.343199
0
0
0
0
0
0
0
0
0
0
0
-0.159406
-0.513621
-0.954158
0
0
0
0
0
0
0
0
0
0
-0.642541
-0.839304
-1.00234
-1.31105
0
0
0
0
0
0
0
0
0
0
-1.15952
-1.38636
-1.3929
-1.55606
-0.42516
0
0
0
0
0
0
0
0
-0.63068
-1.57669
-1.83787
-1.70041
-1.62026
0
0
0
0
0
0
0
0
0
-1.01553
-1.8564
-2.16482
-1.93878
-1.63554
0
0
0
0
0
0
0
0
0
-1.27694
-2.00686
-2.38331
-2.08951
-1.54104
0
0
0
0
0
0
0
0
0
-1.36405
-2.0779
-2.48032
-2.13961
-1.42568
0
0
0
0
0
0
0
0
0
-1.34682
-2.09651
-2.49149
-2.10271
-1.26174
0
0
0
0
0
0
0
0
0
-1.17443
-2.00544
-2.3449
-1.93387
-1.0795
0
0
0
0
0
0
0
-0.109208
0
-0.980734
-1.88071
-2.15261
-1.69989
0
0
0
0
0
0
0
0
-0.0552007
0
-0.780456
-1.71722
-1.92739
-1.47113
0
0
0
0
0
0
0
0
0
0
-0.690157
-1.57564
-1.74278
-1.27131
0
0
0
0
0
0
0
0
0
0
-0.742578
-1.44558
-1.56631
0
0
0
0
0
0
0
0
0
0
0
-0.805236
-1.34346
-1.4485
0
0
0
0
0
0
0
0
0
0
0
-0.869708
-1.1653
0
0
0
0
0
0
0
0
0
0
0
0
0
0
0
0
0
0
0
0
0
0
0
0
0
0
0
0
0
0
0
0
0
0
0
0
0
0
0
0
0
0
0
0
0
0
0
0
0
0
0
0
0
0
0
0
0
0
0
0
0
0
0
0
0
0
0
0
0
0
0
0
0
0
0
0
0
0
0
0
0
0
0
0
0
0
0
0
0
0
0
0
0
0
0
0
0
0
0
0
0
0
0
0
0
0
0
0
0
0
0
0
0
0
0
0
0
0
0
0
0
0
0
0
0
0
0
0
0
0
0
0
0
0
0
0
0
0
0
0
0
0
0
0
0
0
0
0
0
0
0
0
0
0
0
0
0
0
0
0
0
0
0
0
0
0
0
0
0
0
0
0
0
0
0
0
0
0
0
0
0
0
0
0
0
0
0
0
0
0
0
0
0
0
0
0
0
0
0
0
0
0
0
0
0
0
0
0
0
0
0
0
0
0
0
0
0
0
0
0
0
0
0
0
0
0
0
0
0
0
0
0
0
0
0
0
0
0
0
0
0
0
0
0
0
0
0
0
0
0
0
0
0
0
0
0
0
0
0
0
0
0
0
0
0
0
0
0
0
0
0
0
0
0
0
0
0
0
0
0
0
0
0
0
0
0
0
0
0
0
0
0
0
0
0
0
0
0
0
0
0
0
0
0
0
0
0
0
0
0
0
0
0
0
0
0
0
0
0
0
0
0
0
0
0
0
0
0
0
0
0
0
0
0
0
0
0
0
0
0
0
0
0
0
0
0
0
0
0
0
0
0
0
0
0
0
0
0
0
0
0
0
0
0
0
0
-0.319385
0
0
0
0
0
0
0
0
0
0
-0.0975696
-0.107301
-0.577856
-0.962107
0
0
0
0
0
0
0
0
0
0
-0.618025
-0.780021
-1.04344
-1.3381
0
0
0
0
0
0
0
0
0
-0.209757
-1.10353
-1.32705
-1.41584
-1.60331
0
0
0
0
0
0
0
0
0
-0.687859
-1.49317
-1.76755
-1.70677
-1.66693
0
0
0
0
0
0
0
0
0
-1.00849
-1.7696
-2.08618
-1.94055
-1.67615
0
0
0
0
0
0
0
0
0
-1.19241
-1.90767
-2.29095
-2.09063
-1.55052
0
0
0
0
0
0
0
0
0
-1.23958
-1.96574
-2.39036
-2.14914
-1.39719
0
0
0
0
0
0
0
0
0
-1.20032
-1.95441
-2.41904
-2.12111
-1.17555
0
0
0
0
0
0
0
0
0
-1.00811
-1.85302
-2.30563
-1.95763
-0.955737
0
0
0
0
0
0
0
0
0
-0.753321
-1.73564
-2.154
-1.69698
0
0
0
0
0
0
0
0
0
0
-0.508632
-1.59943
-1.95944
-1.43015
0
0
0
0
0
0
0
0
0
0
-0.397053
-1.4871
-1.77858
-1.18948
0
0
0
0
0
0
0
0
0
0
-0.459453
-1.35646
-1.57908
0
0
0
0
0
0
0
0
0
0
0
0
-1.23956
-1.44038
0
0
0
0
0
0
0
0
0
0
0
0
0
0
0
0
0
0
0
0
0
0
0
0
0
0
0
0
0
0
0
0
0
0
0
0
0
0
0
0
0
0
0
0
0
0
0
0
0
0
0
0
0
0
0
0
0
0
0
0
0
0
0
0
0
0
0
0
0
0
0
0
0
0
0
0
0
0
0
0
0
0
0
0
0
0
0
0
0
0
0
0
0
0
0
0
0
0
0
0
0
0
0
0
0
0
0
0
0
0
0
0
0
0
0
0
0
0
0
0
0
0
0
0
0
0
0
0
0
0
0
0
0
0
0
0
0
0
0
0
0
0
0
0
0
0
0
0
0
0
0
0
0
0
0
0
0
0
0
0
0
0
0
0
0
0
0
0
0
0
0
0
0
0
0
0
0
0
0
0
0
0
0
0
0
0
0
0
0
0
0
0
0
0
0
0
0
0
0
0
0
0
0
0
0
0
0
0
0
0
0
0
0
0
0
0
0
0
0
0
0
0
0
0
0
0
0
0
0
0
0
0
0
0
0
0
0
0
0
0
0
0
0
0
0
0
0
0
0
0
0
0
0
0
0
0
0
0
0
0
0
0
0
0
0
0
0
0
0
0
0
0
0
0
0
0
0
0
0
0
0
0
0
0
0
0
0
0
0
0
0
0
0
0
0
0
0
0
0
0
0
0
0
0
0
0
0
0
0
0
0
0
0
0
0
0
0
0
0
0
0
0
0
0
0
0
0
0
0
0
0
0
0
0
0
0
0
0
0
0
0
0
0
0
0
0
0
0
0
0
0
0
0
0
0
0
0
0
0
0
0
0
0
0
0
0
0
0
0
0
0
0
0
0
0
0
0
0
0
0
0
0
0
0
0
0
0
0
0
0
-0.101618
-0.0515868
-0.619624
-0.972502
0
0
0
0
0
0
0
0
0
0
-0.581488
-0.703434
-1.06354
-1.36563
0
0
0
0
0
0
0
0
0
-0.149013
-1.05064
-1.2376
-1.42047
-1.64957
0
0
0
0
0
0
0
0
0
-0.585447
-1.42856
-1.66334
-1.70284
-1.71719
0
0
0
0
0
0
0
0
0
-0.894951
-1.69938
-1.97972
-1.9408
-1.72343
0
0
0
0
0
0
0
0
0
-1.07397
-1.81423
-2.18848
-2.10359
-1.57122
0
0
0
0
0
0
0
0
0
-1.12136
-1.85001
-2.30653
-2.18012
-1.37982
0
0
0
0
0
0
0
0
0
-1.05202
-1.82213
-2.36442
-2.16237
-1.10095
0
0
0
0
0
0
0
0
0
-0.821744
-1.72759
-2.28978
-1.99586
0
0
0
0
0
0
0
0
0
0
-0.523239
-1.62534
-2.16916
-1.70792
0
0
0
0
0
0
0
0
0
0
-0.260037
-1.51627
-1.98095
-1.4035
0
0
0
0
0
0
0
0
0
0
0
-1.41284
-1.78955
0
0
0
0
0
0
0
0
0
0
0
0
-1.25801
-1.55596
0
0
0
0
0
0
0
0
0
0
0
0
0
0
0
0
0
0
0
0
0
0
0
0
0
0
0
0
0
0
0
0
0
0
0
0
0
0
0
0
0
0
0
0
0
0
0
0
0
0
0
0
0
0
0
0
0
0
0
0
0
0
0
0
0
0
0
0
0
0
0
0
0
0
0
0
0
0
0
0
0
0
0
0
0
0
0
0
0
0
0
0
0
0
0
0
0
0
0
0
0
0
0
0
0
0
0
0
0
0
0
0
0
0
0
0
0
0
0
0
0
0
0
0
0
0
0
0
0
0
0
0
0
0
0
0
0
0
0
0
0
0
0
0
0
0
0
0
0
0
0
0
0
0
0
0
0
0
0
0
0
0
0
0
0
0
0
0
0
0
0
0
0
0
0
0
0
0
0
0
0
0
0
0
0
0
0
0
0
0
0
0
0
0
0
0
0
0
0
0
0
0
0
0
0
0
0
0
0
0
0
0
0
0
0
0
0
0
0
0
0
0
0
0
0
0
0
0
0
0
0
0
0
0
0
0
0
0
0
0
0
0
0
0
0
0
0
0
0
0
0
0
0
0
0
0
0
0
0
0
0
0
0
0
0
0
0
0
0
0
0
0
0
0
0
0
0
0
0
0
0
0
0
0
0
0
0
0
0
0
0
0
0
0
0
0
0
0
0
0
0
0
0
0
0
0
0
0
0
0
0
0
0
0
0
0
0
0
0
0
0
0
0
0
0
0
0
0
0
0
0
0
0
0
0
0
0
0
0
0
0
0
0
0
0
0
0
0
0
0
0
0
0
0
0
0
0
0
0
0
0
0
0
0
0
0
0
0
0
0
0
0
0
0
0
0
0
0
0
0
0
0
0
0
0
0
0
0
0
0
0
0
0
0
0
0
0
0
0
0
0
0
0
0
-0.139786
0
-0.693636
-0.97866
0
0
0
0
0
0
0
0
0
0
-0.571428
-0.617956
-1.11152
-1.38597
0
0
0
0
0
0
0
0
0
-0.0663508
-1.00834
-1.13822
-1.44819
-1.6828
0
0
0
0
0
0
0
0
0
-0.487933
-1.36044
-1.55414
-1.71997
-1.74794
0
0
0
0
0
0
0
0
0
-0.797715
-1.61772
-1.87609
-1.95934
-1.74476
0
0
0
0
0
0
0
0
0
-0.959002
-1.71956
-2.09798
-2.13058
-1.56388
0
0
0
0
0
0
0
0
0
-0.978725
-1.75215
-2.2415
-2.21286
-1.33216
0
0
0
0
0
0
0
0
0
-0.869612
-1.72221
-2.32805
-2.19256
0
0
0
0
0
0
0
0
0
0
-0.618296
-1.63705
-2.27427
-2.01781
0
0
0
0
0
0
0
0
0
0
-0.283239
-1.53632
-2.15624
-1.69976
0
0
0
0
0
0
0
0
0
0
0
-1.41738
-1.95418
0
0
0
0
0
0
0
0
0
0
0
0
-1.28372
-1.73021
0
0
0
0
0
0
0
0
0
0
0
0
0
0
0
0
0
0
0
0
0
0
0
0
0
0
0
0
0
0
0
0
0
0
0
0
0
0
0
0
0
0
0
0
0
0
0
0
0
0
0
0
0
0
0
0
0
0
0
0
0
0
0
0
0
0
0
0
0
0
0
0
0
0
0
0
0
0
0
0
0
0
0
0
0
0
0
0
0
0
0
0
0
0
0
0
0
0
0
0
0
0
0
0
0
0
0
0
0
0
0
0
0
0
0
0
0
0
0
0
0
0
0
0
0
0
0
0
0
0
0
0
0
0
0
0
0
0
0
0
0
0
0
0
0
0
0
0
0
0
0
0
0
0
0
0
0
0
0
0
0
0
0
0
0
0
0
0
0
0
0
0
0
0
0
0
0
0
0
0
0
0
0
0
0
0
0
0
0
0
0
0
0
0
0
0
0
0
0
0
0
0
0
0
0
0
0
0
0
0
0
0
0
0
0
0
0
0
0
0
0
0
0
0
0
0
0
0
0
0
0
0
0
0
0
0
0
0
0
0
0
0
0
0
0
0
0
0
0
0
0
0
0
0
0
0
0
0
0
0
0
0
0
0
0
0
0
0
0
0
0
0
0
0
0
0
0
0
0
0
0
0
0
0
0
0
0
0
0
0
0
0
0
0
0
0
0
0
0
0
0
0
0
0
0
0
0
0
0
0
0
0
0
0
0
0
0
0
0
0
0
0
0
0
0
0
0
0
0
0
0
0
0
0
0
0
0
0
0
0
0
0
0
0
0
0
0
0
0
0
0
0
0
0
0
0
0
0
0
0
0
0
0
0
0
0
0
0
0
0
0
0
0
0
0
0
0
0
0
0
0
0
0
0
0
0
0
0
0
0
0
0
0
0
0
0
0
0
0
0
0
0
0
0
0
0
0
0
0
0
0
0
0
0
0
0
0
0
-0.0986047
0
-0.795714
-0.984708
0
0
0
0
0
0
0
0
0
0
-0.499265
-0.572717
-1.19342
-1.4007
0
0
0
0
0
0
0
0
0
0
-0.918228
-1.08066
-1.5104
-1.70455
0
0
0
0
0
0
0
0
0
-0.350549
-1.26508
-1.48926
-1.76406
-1.76565
0
0
0
0
0
0
0
0
0
-0.649422
-1.53088
-1.81962
-1.99176
-1.75253
0
0
0
0
0
0
0
0
0
-0.801212
-1.64634
-2.05629
-2.1591
-1.54673
0
0
0
0
0
0
0
0
0
-0.821442
-1.69827
-2.21625
-2.23999
0
0
0
0
0
0
0
0
0
0
-0.710936
-1.68444
-2.31235
-2.21566
0
0
0
0
0
0
0
0
0
0
-0.467524
-1.60623
-2.26156
-2.02951
0
0
0
0
0
0
0
0
0
0
0
-1.48431
-2.13637
-1.68529
0
0
0
0
0
0
0
0
0
0
0
-1.33432
-1.91015
0
0
0
0
0
0
0
0
0
0
0
0
0
-1.64475
0
0
0
0
0
0
0
0
0
0
0
0
0
0
0
0
0
0
0
0
0
0
0
0
0
0
0
0
0
0
0
0
0
0
0
0
0
0
0
0
0
0
0
0
0
0
0
0
0
0
0
0
0
0
0
0
0
0
0
0
0
0
0
0
0
0
0
0
0
0
0
0
0
0
0
0
0
0
0
0
0
0
0
0
0
0
0
0
0
0
0
0
0
0
0
0
0
0
0
0
0
0
0
0
0
0
0
0
0
0
0
0
0
0
0
0
0
0
0
0
0
0
0
0
0
0
0
0
0
0
0
0
0
0
0
0
0
0
0
0
0
0
0
0
0
0
0
0
0
0
0
0
0
0
0
0
0
0
0
0
0
0
0
0
0
0
0
0
0
0
0
0
0
0
0
0
0
0
0
0
0
0
0
0
0
0
0
0
0
0
0
0
0
0
0
0
0
0
0
0
0
0
0
0
0
0
0
0
0
0
0
0
0
0
0
0
0
0
0
0
0
0
0
0
0
0
0
0
0
0
0
0
0
0
0
0
0
0
0
0
0
0
0
0
0
0
0
0
0
0
0
0
0
0
0
0
0
0
0
0
0
0
0
0
0
0
0
0
0
0
0
0
0
0
0
0
0
0
0
0
0
0
0
0
0
0
0
0
0
0
0
0
0
0
0
0
0
0
0
0
0
0
0
0
0
0
0
0
0
0
0
0
0
0
0
0
0
0
0
0
0
0
0
0
0
0
0
0
0
0
0
0
0
0
0
0
0
0
0
0
0
0
0
0
0
0
0
0
0
0
0
0
0
0
0
0
0
0
0
0
0
0
0
0
0
0
0
0
0
0
0
0
0
0
0
0
0
0
0
0
0
0
0
0
0
0
0
0
0
0
0
0
0
0
0
0
0
0
0
0
0
0
0
0
0
0
0
0
0
0
0
0
0
0
0
0
0
0
0
0
-0.897963
0
0
0
0
0
0
0
0
0
0
0
-0.421361
-0.579629
-1.27056
-1.35049
0
0
0
0
0
0
0
0
0
0
-0.827342
-1.06268
-1.55789
-1.65602
0
0
0
0
0
0
0
0
0
-0.15634
-1.17885
-1.44617
-1.77822
-1.70909
0
0
0
0
0
0
0
0
0
-0.459342
-1.463
-1.76468
-1.98013
-1.6834
0
0
0
0
0
0
0
0
0
-0.623768
-1.6034
-1.99611
-2.13471
0
0
0
0
0
0
0
0
0
0
-0.664315
-1.67463
-2.15426
-2.20679
0
0
0
0
0
0
0
0
0
0
-0.56848
-1.66244
-2.24811
-2.1763
0
0
0
0
0
0
0
0
0
0
0
-1.56573
-2.18718
-1.96965
0
0
0
0
0
0
0
0
0
0
0
-1.4011
-2.0403
0
0
0
0
0
0
0
0
0
0
0
0
0
-1.76249
0
0
0
0
0
0
0
0
0
0
0
0
0
0
0
0
0
0
0
0
0
0
0
0
0
0
0
0
0
0
0
0
0
0
0
0
0
0
0
0
0
0
0
0
0
0
0
0
0
0
0
0
0
0
0
0
0
0
0
0
0
0
0
0
0
0
0
0
0
0
0
0
0
0
0
0
0
0
0
0
0
0
0
0
0
0
0
0
0
0
0
0
0
0
0
0
0
0
0
0
0
0
0
0
0
0
0
0
0
0
0
0
0
0
0
0
0
0
0
0
0
0
0
0
0
0
0
0
0
0
0
0
0
0
0
0
0
0
0
0
0
0
0
0
0
0
0
0
0
0
0
0
0
0
0
0
0
0
0
0
0
0
0
0
0
0
0
0
0
0
0
0
0
0
0
0
0
0
0
0
0
0
0
0
0
0
0
0
0
0
0
0
0
0
0
0
0
0
0
0
0
0
0
0
0
0
0
0
0
0
0
0
0
0
0
0
0
0
0
0
0
0
0
0
0
0
0
0
0
0
0
0
0
0
0
0
0
0
0
0
0
0
0
0
0
0
0
0
0
0
0
0
0
0
0
0
0
0
0
0
0
0
0
0
0
0
0
0
0
0
0
0
0
0
0
0
0
0
0
0
0
0
0
0
0
0
0
0
0
0
0
0
0
0
0
0
0
0
0
0
0
0
0
0
0
0
0
0
0
0
0
0
0
0
0
0
0
0
0
0
0
0
0
0
0
0
0
0
0
0
0
0
0
0
0
0
0
0
0
0
0
0
0
0
0
0
0
0
0
0
0
0
0
0
0
0
0
0
0
0
0
0
0
0
0
0
0
0
0
0
0
0
0
0
0
0
0
0
0
0
0
0
0
0
0
0
0
0
0
0
0
0
0
0
0
0
0
0
0
0
0
0
0
0
0
0
0
0
0
0
0
0
0
0
0
0
0
0
0
0
0
0
0
0
0
0
0
0
0
0
0
0
0
0
0
0
0
0
0
0
0
0
0
0
0
0
0
0
-1.33652
0
0
0
0
0
0
0
0
0
0
0
-0.784432
-1.08365
-1.59995
0
0
0
0
0
0
0
0
0
0
0
-1.1412
-1.43121
-1.786
0
0
0
0
0
0
0
0
0
0
0
-1.43595
-1.72599
-1.95718
0
0
0
0
0
0
0
0
0
0
-0.508909
-1.58698
-1.94203
-2.09189
0
0
0
0
0
0
0
0
0
0
0
-1.66208
-2.08874
-2.13941
0
0
0
0
0
0
0
0
0
0
0
-1.64393
-2.17169
-2.05384
0
0
0
0
0
0
0
0
0
0
0
-1.5248
-2.09079
0
0
0
0
0
0
0
0
0
0
0
0
0
-1.8699
0
0
0
0
0
0
0
0
0
0
0
0
0
0
0
0
0
0
0
0
0
0
0
0
0
0
0
0
0
0
0
0
0
0
0
0
0
0
0
0
0
0
0
0
0
0
0
0
0
0
0
0
0
0
0
0
0
0
0
0
0
0
0
0
0
0
0
0
0
0
0
0
0
0
0
0
0
0
0
0
0
0
0
0
0
0
0
0
0
0
0
0
0
0
0
0
0
0
0
0
0
0
0
0
0
0
0
0
0
0
0
0
0
0
0
0
0
0
0
0
0
0
0
0
0
0
0
0
0
0
0
0
0
0
0
0
0
0
0
0
0
0
0
0
0
0
0
0
0
0
0
0
0
0
0
0
0
0
0
0
0
0
0
0
0
0
0
0
0
0
0
0
0
0
0
0
0
0
0
0
0
0
0
0
0
0
0
0
0
0
0
0
0
0
0
0
0
0
0
0
0
0
0
0
0
0
0
0
0
0
0
0
0
0
0
0
0
0
0
0
0
0
0
0
0
0
0
0
0
0
0
0
0
0
0
0
0
0
0
0
0
0
0
0
0
0
0
0
0
0
0
0
0
0
0
0
0
0
0
0
0
0
0
0
0
0
0
0
0
0
0
0
0
0
0
0
0
0
0
0
0
0
0
0
0
0
0
0
0
0
0
0
0
0
0
0
0
0
0
0
0
0
0
0
0
0
0
0
0
0
0
0
0
0
0
0
0
0
0
0
0
0
0
0
0
0
0
0
0
0
0
0
0
0
0
0
0
0
0
0
0
0
0
0
0
0
0
0
0
0
0
0
0
0
0
0
0
0
0
0
0
0
0
0
0
0
0
0
0
0
0
0
0
0
0
0
0
0
0
0
0
0
0
0
0
0
0
0
0
0
0
0
0
0
0
0
0
0
0
0
0
0
0
0
0
0
0
0
0
0
0
0
0
0
0
0
0
0
0
0
0
0
0
0
0
0
0
0
0
0
0
0
0
0
0
0
0
0
0
0
0
0
0
0
0
0
0
0
0
0
0
0
0
0
0
0
0
0
0
0
0
0
0
0
0
0
0
0
0
0
0
0
0
0
0
0
0
0
0
0
0
0
0
0
0
0
0
0
-1.03806
-1.36382
-1.69941
0
0
0
0
0
0
0
0
0
0
0
-1.33433
-1.61611
-1.80255
0
0
0
0
0
0
0
0
0
0
0
-1.49124
-1.80109
-1.86049
0
0
0
0
0
0
0
0
0
0
0
-1.56563
-1.91787
0
0
0
0
0
0
0
0
0
0
0
0
-1.5388
-1.94224
0
0
0
0
0
0
0
0
0
0
0
0
0
0
0
0
0
0
0
0
0
0
0
0
0
0
0
0
0
0
0
0
0
0
0
0
0
0
0
0
0
0
0
0
0
0
0
0
0
0
0
0
0
0
0
0
0
0
0
0
0
0
0
0
0
0
0
0
0
0
0
0
0
0
0
0
0
0
0
0
0
0
0
0
0
0
0
0
0
0
0
0
0
0
0
0
0
0
0
0
0
0
0
0
0
0
0
0
0
0
0
0
0
0
0
0
0
0
0
0
0
0
0
0
0
0
0
0
0
0
0
0
0
0
0
0
0
0
0
0
0
0
0
0
0
0
0
0
0
0
0
0
0
0
0
0
0
0
0
0
0
0
0
0
0
0
0
0
0
0
0
0
0
0
0
0
0
0
0
0
0
0
0
0
0
0
0
0
0
0
0
0
0
0
0
0
0
0
0
0
0
0
0
0
0
0
0
0
0
0
0
0
0
0
0
0
0
0
0
0
0
0
0
0
0
0
0
0
0
0
0
0
0
0
0
0
0
0
0
0
0
0
0
0
0
0
0
0
0
0
0
0
0
0
0
0
0
0
0
0
0
0
0
0
0
0
0
0
0
0
0
0
0
0
0
0
0
0
0
0
0
0
0
0
0
0
0
0
0
0
0
0
0
0
0
0
0
0
0
0
0
0
0
0
0
0
0
0
0
0
0
0
0
0
0
0
0
0
0
0
0
0
0
0
0
0
0
0
0
0
0
0
0
0
0
0
0
0
0
0
0
0
0
0
0
0
0
0
0
0
0
0
0
0
0
0
0
0
0
0
0
0
0
0
0
0
0
0
0
0
0
0
0
0
0
0
0
0
0
0
0
0
0
0
0
0
0
0
0
0
0
0
0
0
0
0
0
0
0
0
0
0
0
0
0
0
0
0
0
0
0
0
0
0
0
0
0
0
0
0
0
0
0
0
0
0
0
0
0
0
0
0
0
0
0
0
0
0
0
0
0
0
0
0
0
0
0
0
0
0
0
0
0
0
0
0
0
0
0
0
0
0
0
0
0
0
0
0
0
0
0
0
0
0
0
0
0
0
0
0
0
0
0
0
0
0
0
0
0
0
0
0
0
0
0
0
0
0
0
0
0
0
0
0
0
0
0
0
0
0
0
0
0
0
0
0
0
0
0
0
0
0
0
0
0
0
0
0
0
0
0
0
0
0
0
0
0
0
0
0
0
0
0
0
0
0
0
0
0
0
0
0
0
0
0
0
0
0
0
0
0
0
0
0
0
0
0
0
0
0
0
0
0
0
0
0
0
0
0
0
0
0
0
0
0
0
0
0
0
0
0
0
0
0
0
0
0
0
0
0
0
0
0
0
0
0
0
0
0
0
0
0
0
0
0
0
0
0
0
0
0
0
0
0
0
0
0
0
0
0
0
0
0
0
0
0
0
0
0
0
0
0
0
0
0
0
0
0
0
0
0
0
0
0
0
0
0
0
0
0
0
0
0
0
0
0
0
0
0
0
0
0
0
0
0
0
0
0
0
0
0
0
0
0
0
0
0
0
0
0
0
0
0
0
0
0
0
0
0
0
0
0
0
0
0
0
0
0
0
0
0
0
0
0
0
0
0
0
0
0
0
0
0
0
0
0
0
0
0
0
0
0
0
0
0
0
0
0
0
0
0
0
0
0
0
0
0
0
0
0
0
0
0
0
0
0
0
0
0
0
0
0
0
0
0
0
0
0
0
0
0
0
0
0
0
0
0
0
0
0
0
0
0
0
0
0
0
0
0
0
0
0
0
0
0
0
0
0
0
0
0
0
0
0
0
0
0
0
0
0
0
0
0
0
0
0
0
0
0
0
0
0
0
0
0
0
0
0
0
0
0
0
0
0
0
0
0
0
0
0
0
0
0
0
0
0
0
0
0
0
0
0
0
0
0
0
0
0
0
0
0
0
0
0
0
0
0
0
0
0
0
0
0
0
0
0
0
0
0
0
0
0
0
0
0
0
0
0
0
0
0
0
0
0
0
0
0
0
0
0
0
0
0
0
0
0
0
0
0
0
0
0
0
0
0
0
0
0
0
0
0
0
0
0
0
0
0
0
0
0
0
0
0
0
0
0
0
0
0
0
0
0
0
0
0
0
0
0
0
0
0
0
0
0
0
0
0
0
0
0
0
0
0
0
0
0
0
0
0
0
0
0
0
0
0
0
0
0
0
0
0
0
0
0
0
0
0
0
0
0
0
0
0
0
0
0
0
0
0
0
0
0
0
0
0
0
0
0
0
0
0
0
0
0
0
0
0
0
0
0
0
0
0
0
0
0
0
0
0
0
0
0
0
0
0
0
0
0
0
0
0
0
0
0
0
0
0
0
0
0
0
0
0
0
0
0
0
0
0
0
0
0
0
0
0
0
0
0
0
0
0
0
0
0
0
0
0
0
0
0
0
0
0
0
0
0
0
0
0
0
0
0
0
0
0
0
0
0
0
0
0
0
0
0
0
0
0
0
0
0
0
0
0
0
0
0
0
0
0
0
0
0
0
0
0
0
0
0
0
0
0
0
0
0
0
0
0
0
0
0
0
0
0
0
0
0
0
0
0
0
0
0
0
0
0
0
0
0
0
0
0
0
0
0
0
0
0
0
0
0
0
0
0
0
0
0
0
0
0
0
0
0
0
0
0
0
0
0
0
0
0
0
0
0
0
0
0
0
0
0
0
0
0
0
0
0
0
0
0
0
0
0
0
0
0
0
0
0
0
0
0
0
0
0
0
0
0
0
0
0
0
0
0
0
0
0
0
0
0
0
0
0
0
0
0
0
0
0
0
0
0
0
0
0
0
0
0
0
0
0
0
0
0
0
0
0
0
0
0
0
0
0
0
0
0
0
0
0
0
0
0
0
0
0
0
0
0
0
0
0
0
0
0
0
0
0
0
0
0
0
0
0
0
0
0
0
0
0
0
0
0
0
0
0
0
0
0
0
0
0
0
