41 41 14
0.2 0.2 0.2
-4 -4 2
0
0
0
0
0
0
0
0
0
0
0
0
0
0
0
0
0
0
0
0
0
0
0
0
0
0
0
0
0
0
0
0
0
0
0
0
0
0
0
0
0
0
0
0
0
0
0
0
0
0
0
0
0
0
0
0
0
0
0
0
0
0
0
0
0
0
0
0
0
0
0
0
0
0
0
0
0
0
0
0
0
0
0
0
0
0
0
0
0
0
0
0
0
0
0
0
0
0
0
0
0
0
0
0
0
0
0
0
0
0
0
0
0
0
0
0
0
0
0
0
0
0
0
0
0
0
0
0
0
0
0
0
0
0
0
0
0
0
0
0
0
0
0
0
0
0
0
0
0
0
0
0
0
0
0
0
0
0
0
0
0
0
0
0
0
0
0
0
0
0
0
0
0
0
0
0
0
0
0
0
0
0
0
0
0
0
0
0
0
0
0
0
0
0
0
0
0
0
0
0
0
0
0
0
0
0
0
0
0
0
0
0
0
0
0
0
0
0
0
0
0
0
0
0
0
0
0
0
0
0
0
0
0
0
0
0
0
0
0
0
0
0
0
0
0
0
0
0
0
0
0
0
0
0
0
0
0
0
0
0
0
0
0
0
0
0
0
0
0
0
0
0
0
0
0
0
0
0
0
0
0
0
0
0
0
0
0
0
0
0
0
0
0
0
0
0
0
0
0
0
0
0
0
0
0
0
0
0
0
0
0
0
0
0
0
0
0
0
0
0
0
0
0
0
0
0
0
0
0
0
0
0
0
0
0
0
0
0
0
0
0
0
0
0
0
0
0
0
0
0
0
0
0
0
0
0
0
0
0
0
0
0
0
0
0
0
0
0
0
0
0
0
0
0
0
0
0
0
0
0
0
0
0
0
0
0
0
0
0
0
0
0
0
0
0
0
0
0
0
0
0
0
0
0
0
0
0
0
0
0
0
0
0
0
0
0
0
0
0
0
0
0
0
0
0
0
0
0
0
0
0
0
0
0
0
0
0
0
0
0
0
0
0
0
0
0
0
0
0
0
0
0
0
0
0
0
0
0
0
0
0
0
0
0
0
0
0
0
0
0
0
0
0
0
0
0
0
0
0
0
0
0
0
0
0
0
0
0
0
0
0
0
0
0
0
0
0
0
0
0
0
0
0
0
0
0
0
0
0
0
0
0
0
0
0
0
0
0
0
0
0
0
0
0
0
0
0
0
0
0
0
0
0
0
0
0
0
0
0
0
0
0
0
0
0
0
0
0
0
0
0
0
0
0
0
0
0
0
0
0
0
0
0
0
0
0
0
0
0
0
0
0
0
0
0
0
0
0
0
0
0
0
0
0
0
0
0
0
0
0
0
0
0
0
0
0
0
0
0
0
0
0
0
0
0
0
0
0
0
0
0
0
0
0
0
0
0
0
0
0
0
0
0
0
0
0
0
0
0
0
0
0
0
0
0
0
0
0
0
0
0
0
0
0
0
0
0
0
0
0
0
0
0
0
0
0
0
0
0
0
0
0
0
0
0
0
0
0
0
0
0
0
0
0
0
0
0
0
0
0
0
0
0
0
0
0
0
0
0
0
0
0
0
0
0
0
0
0
0
0
0
0
0
0
0
0
0
0
0
0
0
0
0
0
0
0
0
0
0
0
0
0
0
0
0
0
0
0
0
0
0
0
0
0
0
0
0
0
0
0
0
0
0
0
0
0
0
0
0
0
0
0
0
0
0
0
0
0
0
0
0
0
0
0
0
0
0
0
0
0
0
0
0
0
0
0
0
0
0
0
0
0
0
0
0
0
0
0
0
0
0
0
0
0
0
0
0
0
0
0
0
0
0
0
0
0
0
0
0
0
0
0
0
0
0
0
0
0
0
0
0
0
0
0
0
0
0
0
0
0
0
0
0
0
0
0
0
0
0
0
0
0
0
0
0
0
0
0
0
0
0
0
0
0
0
0
0
0
0
0
0
0
0
0
0
0
0
0
0
0
0
0
0
0
-0.995005
0
0
0
0
0
0
0
0
0
0
0
0
0
-1.22527
0
0
0
0
0
0
0
0
0
0
0
0
0
-1.26214
0
0
0
0
0
0
0
0
0
0
0
0
0
-1.22422
0
0
0
0
0
0
0
0
0
0
0
0
0
0
0
0
0
0
0
0
0
0
0
0
0
0
0
0
0
0
0
0
0
0
0
0
0
0
0
0
0
0
0
0
0
0
0
0
0
0
0
0
0
0
0
0
0
0
0
0
0
0
0
0
0
0
0
0
0
0
0
0
0
0
0
0
0
0
0
0
0
0
0
0
0
0
0
0
0
0
0
0
0
0
0
0
0
0
0
0
0
0
0
0
0
0
0
0
0
0
0
0
0
0
0
0
0
0
0
0
0
0
0
0
0
0
0
0
0
0
0
0
0
0
0
0
0
0
0
0
0
0
0
0
0
0
0
0
0
0
0
0
0
0
0
0
0
0
0
0
0
0
0
0
0
0
0
0
0
0
0
0
0
0
0
0
0
0
0
0
0
0
0
0
0
0
0
0
0
0
0
0
0
0
0
0
0
0
0
0
0
0
0
0
0
0
0
0
0
0
0
0
0
0
0
0
0
0
0
0
0
0
0
0
0
0
0
0
0
0
0
0
0
0
0
0
0
0
0
0
0
0
0
0
0
0
0
0
0
0
0
0
0
0
0
0
0
0
0
0
0
0
0
0
0
0
0
0
0
0
0
0
0
0
0
0
0
0
0
0
0
0
0
0
0
0
0
0
0
0
0
0
0
0
0
0
0
0
0
0
0
0
0
0
0
0
0
0
0
0
0
0
0
0
0
0
0
0
0
0
0
0
0
0
0
0
0
0
0
0
0
0
0
0
0
0
0
0
0
0
0
0
0
0
0
0
0
0
0
0
0
0
0
0
0
0
0
0
0
0
0
0
0
0
0
0
0
0
0
0
0
0
0
0
0
0
0
0
0
0
0
0
0
0
0
0
0
0
0
0
0
0
0
0
0
0
0
0
0
0
0
0
0
0
0
0
0
0
0
0
0
0
0
0
0
0
0
0
0
0
0
0
0
0
0
0
0
0
0
0
0
0
0
0
0
0
0
0
0
0
0
0
0
0
0
0
0
0
0
0
0
0
0
0
0
0
0
0
0
0
0
0
0
0
0
0
0
0
0
0
0
0
0
0
0
0
0
0
0
0
0
0
0
0
0
0
0
0
0
0
-0.907092
0
0
0
0
0
0
0
0
0
0
0
0
0
-0.95606
0
0
0
0
0
0
0
0
0
0
0
-0.530447
-0.841214
-0.850258
0
0
0
0
0
0
0
0
0
0
0
-0.481269
-1.11318
-0.817672
0
0
0
0
0
0
0
0
0
0
0
0
-1.32769
-0.863736
0
0
0
0
0
0
0
0
0
0
0
0
-1.34482
-0.927773
0
0
0
0
0
0
0
0
0
0
0
0
-1.26921
0
0
0
0
0
0
0
0
0
0
0
0
0
-0.983652
0
0
0
0
0
0
0
0
0
0
0
0
0
0
0
0
0
0
0
0
0
0
0
0
0
0
0
0
0
0
0
0
0
0
0
0
0
0
0
0
0
0
0
0
0
0
0
0
0
0
0
0
0
0
0
0
0
0
0
0
0
0
0
0
0
0
0
0
0
0
0
0
0
0
0
0
0
0
0
0
0
0
0
0
0
0
0
0
0
0
0
0
0
0
0
0
0
0
0
0
0
0
0
0
0
0
0
0
0
0
0
0
0
0
0
0
0
0
0
0
0
0
0
0
0
0
0
0
0
0
0
0
0
0
0
0
0
0
0
0
0
0
0
0
0
0
0
0
0
0
0
0
0
0
0
0
0
0
0
0
0
0
0
0
0
0
0
0
0
0
0
0
0
0
0
0
0
0
0
0
0
0
0
0
0
0
0
0
0
0
0
0
0
0
0
0
0
0
0
0
0
0
0
0
0
0
0
0
0
0
0
0
0
0
0
0
0
0
0
0
0
0
0
0
0
0
0
0
0
0
0
0
0
0
0
0
0
0
0
0
0
0
0
0
0
0
0
0
0
0
0
0
0
0
0
0
0
0
0
0
0
0
0
0
0
0
0
0
0
0
0
0
0
0
0
0
0
0
0
0
0
0
0
0
0
0
0
0
0
0
0
0
0
0
0
0
0
0
0
0
0
0
0
0
0
0
0
0
0
0
0
0
0
0
0
0
0
0
0
0
0
0
0
0
0
0
0
0
0
0
0
0
0
0
0
0
0
0
0
0
0
0
0
0
0
0
0
0
0
0
0
0
0
0
0
0
0
0
0
0
0
0
0
0
0
0
0
0
0
0
0
0
0
0
0
0
0
0
0
0
0
0
0
0
0
0
0
0
0
0
0
0
0
0
0
0
0
0
0
0
0
0
0
0
0
0
0
0
0
0
0
0
0
0
0
0
0
0
0
0
0
0
0
0
0
0
0
0
0
0
0
0
0
0
0
0
0
0
0
0
0
0
0
0
0
0
0
0
0
0
0
0
0
0
0
0
0
0
0
0
-0.424469
0
-0.803847
0
0
0
0
0
0
0
0
0
0
0
-0.50443
-0.458149
-0.865712
0
0
0
0
0
0
0
0
0
0
0
-0.580279
-0.599145
-0.857982
0
0
0
0
0
0
0
0
0
0
-0.25313
-0.623084
-0.8858
-0.738486
0
0
0
0
0
0
0
0
0
0
-0.340974
-0.541698
-1.12507
-0.712215
0
0
0
0
0
0
0
0
0
0
-0.428225
-0.304421
-1.33802
-0.782057
-1.0425
0
0
0
0
0
0
0
0
0
-0.323003
0
-1.37273
-0.890382
-1.13061
0
0
0
0
0
0
0
0
0
0
0
-1.32226
-0.917729
-1.17299
0
0
0
0
0
0
0
0
0
0
0
-1.07339
-0.781479
-1.11998
0
0
0
0
0
0
0
0
0
0
0
-0.738164
0
0
0
0
0
0
0
0
0
0
0
0
0
0
0
0
0
0
0
0
0
0
0
0
0
0
0
0
0
0
0
0
0
0
0
0
0
0
0
0
0
0
0
0
0
0
0
0
0
0
0
0
0
0
0
0
0
0
0
0
0
0
0
0
0
0
0
0
0
0
0
0
0
0
0
0
0
0
0
0
0
0
0
0
0
0
0
0
0
0
0
0
0
0
0
0
0
0
0
0
0
0
0
0
0
0
0
0
0
0
0
0
0
0
0
0
0
0
0
0
0
0
0
0
0
0
0
0
0
0
0
0
0
0
0
0
0
0
0
0
0
0
0
0
0
0
0
0
0
0
0
0
0
0
0
0
0
0
0
0
0
0
0
0
0
0
0
0
0
0
0
0
0
0
0
0
0
0
0
0
0
0
0
0
0
0
0
0
0
0
0
0
0
0
0
0
0
0
0
0
0
0
0
0
0
0
0
0
0
0
0
0
0
0
0
0
0
0
0
0
0
0
0
0
0
0
0
0
0
0
0
0
0
0
0
0
0
0
0
0
0
0
0
0
0
0
0
0
0
0
0
0
0
0
0
0
0
0
0
0
0
0
0
0
0
0
0
0
0
0
0
0
0
0
0
0
0
0
0
0
0
0
0
0
0
0
0
0
0
0
0
0
0
0
0
0
0
0
0
0
0
0
0
0
0
0
0
0
0
0
0
0
0
0
0
0
0
0
0
0
0
0
0
0
0
0
0
0
0
0
0
0
0
0
0
0
0
0
0
0
0
0
0
0
0
0
0
0
0
0
0
0
0
0
0
0
0
0
0
0
0
0
0
0
0
0
0
0
0
0
0
0
0
0
0
0
0
0
0
0
0
0
0
0
0
0
0
0
0
0
0
0
0
0
0
0
0
0
0
0
0
0
0
0
0
0
0
0
0
0
0
0
0
0
0
0
0
0
-0.398967
0
0
0
0
0
0
0
0
0
0
0
0
0
-0.570647
-0.514546
-0.718368
0
0
0
0
0
0
0
0
0
0
-0.315025
-0.667383
-0.619089
-0.841779
0
0
0
0
0
0
0
0
0
0
-0.360944
-0.713523
-0.655104
-0.828734
0
0
0
0
0
0
0
0
0
0
-0.380881
-0.734792
-0.686257
-0.755916
0
0
0
0
0
0
0
0
0
0
-0.449376
-0.726761
-0.887504
-0.618931
-0.636342
-0.857791
0
0
0
0
0
0
0
0
-0.517842
-0.616786
-1.08721
-0.596001
-0.863883
-0.914226
0
0
0
0
0
0
0
0
-0.585219
-0.371469
-1.28334
-0.690621
-1.07088
-0.969059
0
0
0
0
0
0
0
0
-0.458422
0
-1.31306
-0.864432
-1.13718
0
0
0
0
0
0
0
0
0
-0.226178
0
-1.26589
-0.956272
-1.14075
0
0
0
0
0
0
0
0
0
0
0
-1.0508
-0.896162
-1.03135
0
0
0
0
0
0
0
0
0
0
0
-0.790858
-0.675253
0
0
0
0
0
0
0
0
0
0
0
0
0
0
0
0
0
0
0
0
0
0
0
0
0
0
0
0
0
0
0
0
0
0
0
0
0
0
0
0
0
0
0
0
0
0
0
0
0
0
0
0
0
0
0
0
0
0
0
0
0
0
0
0
0
0
0
0
0
0
0
0
0
0
0
0
0
0
0
0
0
0
0
0
0
0
0
0
0
0
0
0
0
0
0
0
0
0
0
0
0
0
0
0
0
0
0
0
0
0
0
0
0
0
0
0
0
0
0
0
0
0
0
0
0
0
0
0
0
0
0
0
0
0
0
0
0
0
0
0
0
0
0
0
0
0
0
0
0
0
0
0
0
0
0
0
0
0
0
0
0
0
0
0
0
0
0
0
0
0
0
0
0
0
0
0
0
0
0
0
0
0
0
0
0
0
0
0
0
0
0
0
0
0
0
0
0
0
0
0
0
0
0
0
0
0
0
0
0
0
0
0
0
0
0
0
0
0
0
0
0
0
0
0
0
0
0
0
0
0
0
0
0
0
0
0
0
0
0
0
0
0
0
0
0
0
0
0
0
0
0
0
0
0
0
0
0
0
0
0
0
0
0
0
0
0
0
0
0
0
0
0
0
0
0
0
0
0
0
0
0
0
0
0
0
0
0
0
0
0
0
0
0
0
0
0
0
0
0
0
0
0
0
0
0
0
0
0
0
0
0
0
0
0
0
0
0
0
0
0
0
0
0
0
0
0
0
0
0
0
0
0
0
0
0
0
0
0
0
0
0
0
0
0
0
0
0
0
0
0
0
0
0
0
0
0
0
0
0
0
0
0
0
0
0
0
0
0
0
0
0
0
0
0
0
0
0
0
0
0
0
0
0
0
0
0
0
0
0
0
0
0
0
0
0
0
0
0
0
0
0
0
0
-0.285556
0
0
0
0
0
0
0
0
0
0
0
0
0
-0.607687
-0.595458
-0.624688
0
0
0
0
0
0
0
0
0
0
0
-0.83059
-0.884737
-0.833322
0
0
0
0
0
0
0
0
0
0
-0.273224
-0.940416
-0.976487
-0.873176
0
0
0
0
0
0
0
0
0
0
-0.330994
-0.930944
-0.934798
-0.803934
0
-0.773486
0
0
0
0
0
0
0
0
-0.360631
-0.862713
-0.83913
-0.67611
0
-0.868311
0
0
0
0
0
0
0
0
-0.406487
-0.771777
-0.905944
-0.524436
-0.681142
-0.940104
0
0
0
0
0
0
0
0
-0.456645
-0.624217
-1.02863
-0.481567
-0.866791
-0.952593
0
0
0
0
0
0
0
0
-0.511473
-0.392041
-1.18714
-0.556734
-1.0311
-0.91111
0
0
0
0
0
0
0
0
-0.378421
0
-1.19947
-0.777309
-1.11022
0
0
0
0
0
0
0
0
0
0
0
-1.14867
-0.921662
-1.13296
0
0
0
0
0
0
0
0
0
0
0
-0.974121
-0.955073
-1.0418
0
0
0
0
0
0
0
0
0
0
0
-0.802035
-0.820995
-0.779111
0
0
0
0
0
0
0
0
0
0
0
-0.646748
-0.599492
0
0
0
0
0
0
0
0
0
0
0
-0.301261
-0.659886
0
0
0
0
0
0
0
0
0
0
0
0
-0.436233
-0.673544
0
0
0
0
0
0
0
0
0
0
0
0
-0.555997
-0.654733
0
0
0
0
0
0
0
0
0
0
0
0
0
0
0
0
0
0
0
0
0
0
0
0
0
0
0
0
0
0
0
0
0
0
0
0
0
0
0
0
0
0
0
0
0
0
0
0
0
0
0
0
0
0
0
0
0
0
0
0
0
0
0
0
0
0
0
0
0
0
0
0
0
0
0
0
0
0
0
0
0
0
0
0
0
0
0
0
0
0
0
0
0
0
0
0
0
0
0
0
0
0
0
0
0
0
0
0
0
0
0
0
0
0
0
0
0
0
0
0
0
0
0
0
0
0
0
0
0
0
0
0
0
0
0
0
0
0
0
0
0
0
0
0
0
0
0
0
0
0
0
0
0
0
0
0
0
0
0
0
0
0
0
0
0
0
0
0
0
0
0
0
0
0
0
0
0
0
0
0
0
0
0
0
0
0
0
0
0
0
0
0
0
0
0
0
0
0
0
0
0
0
0
0
0
0
0
0
0
0
0
0
0
0
0
0
0
0
0
0
0
0
0
0
0
0
0
0
0
0
0
0
0
0
0
0
0
0
0
0
0
0
0
0
0
0
0
0
0
0
0
0
0
0
0
0
0
0
0
0
0
0
0
0
0
0
0
0
0
0
0
0
0
0
0
0
0
0
0
0
0
0
0
0
0
0
0
0
0
0
0
0
0
0
0
0
0
0
0
0
0
0
0
0
0
0
0
0
0
0
0
0
0
0
0
0
0
0
0
0
0
0
0
0
0
0
0
0
0
0
0
0
0
0
0
0
0
0
0
0
0
0
0
0
0
0
0
0
-0.386447
-0.312307
-0.384689
0
0
0
0
0
0
0
0
0
0
0
-0.731704
-0.859611
-0.751316
0
0
0
0
0
0
0
0
0
0
0
-0.944169
-1.17871
-0.954084
0
0
0
0
0
0
0
0
0
0
-0.125898
-1.03078
-1.27466
-0.957168
0
-0.614706
0
0
0
0
0
0
0
0
-0.210961
-0.96907
-1.19391
-0.86384
-0.345987
-0.814025
0
0
0
0
0
0
0
0
-0.257067
-0.829709
-1.01955
-0.709273
-0.490119
-0.94888
-0.717922
-1.09461
0
0
0
0
0
0
-0.293458
-0.668062
-0.974122
-0.561346
-0.685477
-1.02074
0
0
0
0
0
0
0
0
-0.330954
-0.487087
-1.02196
-0.509917
-0.834366
-1.00831
0
0
0
0
0
0
0
0
-0.370253
-0.275666
-1.14638
-0.565696
-0.955681
-0.910904
0
0
0
0
0
0
0
0
-0.210765
0
-1.16028
-0.819239
-1.04135
-0.631682
0
0
0
0
0
0
0
0
0
0
-1.1233
-0.99396
-1.0805
0
0
0
0
0
0
0
0
0
0
0
-1.00392
-1.0758
-1.02877
0
0
0
0
0
0
0
0
0
0
0
-0.918155
-0.967924
-0.821028
0
0
0
0
0
0
0
0
0
0
0
-0.873592
-0.784276
0
0
0
0
0
0
0
0
0
0
0
-0.32722
-0.917862
-0.621995
0
0
0
0
0
0
0
0
0
0
0
-0.472903
-0.926202
0
0
0
0
0
0
0
0
0
0
0
0
-0.609059
-0.9065
0
0
0
0
0
0
0
0
0
0
0
0
-0.485209
-0.639671
0
0
0
0
0
0
0
0
0
0
0
0
0
0
0
0
0
0
0
0
0
0
0
0
0
0
0
0
0
0
0
0
0
0
0
0
0
0
0
0
0
0
0
0
0
0
0
0
0
0
0
0
0
0
0
0
0
0
0
0
0
0
0
0
0
0
0
0
0
0
0
0
0
0
0
0
0
0
0
0
0
0
0
0
0
0
0
0
0
0
0
0
0
0
0
0
0
0
0
0
0
0
0
0
0
0
0
0
0
0
0
0
0
0
0
0
0
0
0
0
0
0
0
0
0
0
0
0
0
0
0
0
0
0
0
0
0
0
0
0
0
0
0
0
0
0
0
0
0
0
0
0
0
0
0
0
0
0
0
0
0
0
0
0
0
0
0
0
0
0
0
0
0
0
0
0
0
0
0
0
0
0
0
0
0
0
0
0
0
0
0
0
0
0
0
0
0
0
0
0
0
0
0
0
0
0
0
0
0
0
0
0
0
0
0
0
0
0
0
0
0
0
0
0
0
0
0
0
0
0
0
0
0
0
0
0
0
0
0
0
0
0
0
0
0
0
0
0
0
0
0
0
0
0
0
0
0
0
0
0
0
0
0
0
0
0
0
0
0
0
0
0
0
0
0
0
0
0
0
0
0
0
0
0
0
0
0
0
0
0
0
0
0
0
0
0
0
0
0
0
0
0
0
0
0
0
0
0
0
0
0
0
0
0
0
0
0
0
0
0
0
0
0
0
0
0
0
0
0
0
0
0
0
0
-0.279631
-0.518996
-0.520991
0
0
0
0
0
0
0
0
0
0
0
-0.650827
-1.07106
-0.913564
0
0
0
0
0
0
0
0
0
0
0
-0.886667
-1.36742
-1.13425
-0.276985
0
0
0
0
0
0
0
0
0
0
-0.985699
-1.43447
-1.12472
-0.266188
-0.592051
0
-0.877599
0
0
0
0
0
0
0
-0.899626
-1.31427
-1.02297
-0.390785
-0.827942
-0.812978
-0.989178
0
0
0
0
0
0
-0.0527304
-0.704601
-1.08319
-0.860008
-0.557176
-0.995737
-0.935882
-1.00685
0
0
0
0
0
0
-0.0927541
-0.472863
-0.933378
-0.731678
-0.720308
-1.06942
-0.853573
-0.798245
0
0
0
0
0
0
-0.129835
-0.25159
-0.894617
-0.689053
-0.833095
-1.03667
-0.715725
0
0
0
0
0
0
0
-0.164779
-0.0575014
-0.974459
-0.737796
-0.912214
-0.889993
0
0
0
0
0
0
0
0
0
0
-1.02316
-1.01562
-1.01043
-0.572317
0
0
0
0
0
0
0
0
0
0
-1.06585
-1.20349
-1.06627
0
0
0
0
0
0
0
0
0
0
0
-1.09275
-1.30111
-1.04537
0
0
0
0
0
0
0
0
0
0
0
-1.14961
-1.19006
-0.874965
0
0
0
0
0
0
0
0
0
0
0
-1.19804
-1.0058
-0.601111
0
0
0
0
0
0
0
0
0
0
-0.405568
-1.23688
-0.809819
0
0
0
0
0
0
0
0
0
0
0
-0.556808
-1.20985
-0.670694
0
0
0
0
0
0
0
0
0
0
0
-0.671995
-1.13686
-0.576801
0
0
0
0
0
0
0
0
0
0
0
-0.552123
-0.857626
0
0
0
0
0
0
0
0
0
0
0
0
0
0
0
0
0
0
0
0
0
0
0
0
0
0
0
0
0
0
0
0
0
0
0
0
0
0
0
0
0
0
0
0
0
0
0
0
0
0
0
0
0
0
0
0
0
0
0
0
0
0
0
0
0
0
0
0
0
0
0
0
0
0
0
0
0
0
0
0
0
0
0
0
0
0
0
0
0
0
0
0
0
0
0
0
0
0
0
0
0
0
0
0
0
0
0
0
0
0
0
0
0
0
0
0
0
0
0
0
0
0
0
0
0
0
0
0
0
0
0
0
0
0
0
0
0
0
0
0
0
0
0
0
0
0
0
0
0
0
0
0
0
0
0
0
0
0
0
0
0
0
0
0
0
0
0
0
0
0
0
0
0
0
0
0
0
0
0
0
0
0
0
0
0
0
0
0
0
0
0
0
0
0
0
0
0
0
0
0
0
0
0
0
0
0
0
0
0
0
0
0
0
0
0
0
0
0
0
0
0
0
0
0
0
0
0
0
0
0
0
0
0
0
0
0
0
0
0
0
0
0
0
0
0
0
0
0
0
0
0
0
0
0
0
0
0
0
0
0
0
0
0
0
0
0
0
0
0
0
0
0
0
0
0
0
0
0
0
0
0
0
0
0
0
0
0
0
0
0
0
0
0
0
0
0
0
0
0
0
0
0
0
0
0
0
0
0
0
0
0
0
0
0
0
0
0
0
0
0
0
0
0
0
0
0
0
0
0
0
0
0
0
0
0
-0.54919
-0.670303
0
0
0
0
0
0
0
0
0
0
0
-0.475859
-1.07572
-1.08347
0
0
0
0
0
0
0
0
0
0
0
-0.745587
-1.36525
-1.29425
-0.296122
0
0
0
0
0
0
0
0
0
0
-0.863579
-1.43887
-1.25533
-0.348967
-0.571875
-0.637032
-0.869727
0
0
0
0
0
0
0
-0.769424
-1.3254
-1.13661
-0.497536
-0.833678
-0.873523
-1.02965
0
0
0
0
0
0
0
-0.542429
-1.09701
-0.972503
-0.664
-1.0198
-1.01541
-1.08055
0
0
0
0
0
0
0
-0.260595
-0.905573
-0.878655
-0.795904
-1.09269
-0.975859
-0.862024
0
0
0
0
0
0
0
-0.00663085
-0.819312
-0.883937
-0.890172
-1.04907
-0.878593
0
0
0
0
0
0
0
0
0
-0.861159
-0.982974
-0.956206
-0.877418
-0.702961
0
0
0
0
0
0
0
0
0
-0.952399
-1.29935
-1.08101
-0.537903
0
0
0
0
0
0
0
0
0
0
-1.06307
-1.51824
-1.15586
0
0
0
0
0
0
0
0
0
0
0
-1.19959
-1.6324
-1.15855
0
0
0
0
0
0
0
0
0
0
0
-1.37749
-1.51523
-1.0232
0
0
0
0
0
0
0
0
0
0
0
-1.53298
-1.30559
-0.815029
0
0
0
0
0
0
0
0
0
0
-0.435229
-1.60613
-1.0805
-0.535689
0
0
0
0
0
0
0
0
0
0
-0.66777
-1.54087
-0.918802
0
0
0
0
0
0
0
0
0
0
0
-0.801593
-1.41289
-0.808899
0
0
0
0
0
0
0
0
0
0
0
-0.677894
-1.09714
-0.557192
0
0
0
0
0
0
0
0
0
0
0
-0.504931
-0.685736
0
0
0
0
0
0
0
0
0
0
0
0
0
0
0
0
0
0
0
0
0
0
0
0
0
0
0
0
0
0
0
0
0
0
0
0
0
0
0
0
0
0
0
0
0
0
0
0
0
0
0
0
0
0
0
0
0
0
0
0
0
0
0
0
0
0
0
0
0
0
0
0
0
0
0
0
0
0
0
0
0
0
0
0
0
0
0
0
0
0
0
0
0
0
0
0
0
0
0
0
0
0
0
0
0
0
0
0
0
0
0
0
0
0
0
0
0
0
0
0
0
0
0
0
0
0
0
0
0
0
0
0
0
0
0
0
0
0
0
0
0
0
0
0
0
0
0
0
0
0
0
0
0
0
0
0
0
0
0
0
0
0
0
0
0
0
0
0
0
0
0
0
0
0
0
0
0
0
0
0
0
0
0
0
0
0
0
0
0
0
0
0
0
0
0
0
0
0
0
0
0
0
0
0
0
0
0
0
0
0
0
0
0
0
0
0
0
0
0
0
0
0
0
0
0
0
0
0
0
0
0
0
0
0
0
0
0
0
0
0
0
0
0
0
0
0
0
0
0
0
0
0
0
0
0
0
0
0
0
0
0
0
0
0
0
0
0
0
0
0
0
0
0
0
0
0
0
0
0
0
0
0
0
0
0
0
0
0
0
0
0
0
0
0
0
0
0
0
0
0
0
0
0
0
0
0
0
0
0
0
0
0
0
0
0
0
0
0
0
0
0
-0.452331
-0.775764
0
0
0
0
0
0
0
0
0
0
0
-0.20558
-0.992251
-1.16357
0
0
0
0
0
0
0
0
0
0
0
-0.517957
-1.29657
-1.35601
-0.376737
0
0
0
0
0
0
0
0
0
0
-0.659924
-1.39129
-1.31111
-0.468673
-0.585783
-0.62124
-0.87453
0
0
0
0
0
0
0
-0.564905
-1.30442
-1.20128
-0.603356
-0.866546
-0.885908
-1.07895
0
0
0
0
0
0
0
-0.318904
-1.11072
-1.05739
-0.740583
-1.064
-1.05639
-1.17096
0
0
0
0
0
0
0
0
-0.918948
-1.0062
-0.835263
-1.13484
-1.06234
-0.971453
0
0
0
0
0
0
0
0
-0.822958
-1.06319
-0.927519
-1.08477
-0.999546
-0.693122
0
0
0
0
0
0
0
0
-0.847265
-1.20932
-1.01722
-0.901249
-0.855331
0
0
0
0
0
0
0
0
0
-0.992692
-1.53724
-1.20217
-0.551665
-0.512125
0
0
0
0
0
0
0
0
0
-1.15772
-1.76499
-1.32153
0
0
0
0
0
0
0
0
0
0
0
-1.34685
-1.89466
-1.3527
0
0
0
0
0
0
0
0
0
0
0
-1.56496
-1.81407
-1.23825
0
0
0
0
0
0
0
0
0
0
-0.11148
-1.76322
-1.62923
-1.0649
0
0
0
0
0
0
0
0
0
0
-0.443433
-1.90032
-1.39323
-0.827034
0
0
0
0
0
0
0
0
0
0
-0.705196
-1.87685
-1.1989
-0.557207
0
0
0
0
0
0
0
0
0
0
-0.916254
-1.71574
-1.06744
0
0
0
0
0
0
0
0
0
0
-0.214654
-0.863379
-1.3485
-0.798472
0
0
0
0
0
0
0
0
0
0
-0.376023
-0.687926
-0.910706
0
0
0
0
0
0
0
0
0
0
0
-0.31683
-0.360786
0
0
0
0
0
0
0
0
0
0
0
0
0
0
0
0
0
0
0
0
0
0
0
0
0
0
0
0
0
0
0
0
0
0
0
0
0
0
0
0
0
0
0
0
0
0
0
0
0
0
0
0
0
0
0
0
0
0
0
0
0
0
0
0
0
0
0
0
0
0
0
0
0
0
0
0
0
0
0
0
0
0
0
0
0
0
0
0
0
0
0
0
0
0
0
0
0
0
0
0
0
0
0
0
0
0
0
0
0
0
0
0
0
0
0
0
0
0
0
0
0
0
0
0
0
0
0
0
0
0
0
0
0
0
0
0
0
0
0
0
0
0
0
0
0
0
0
0
0
0
0
0
0
0
0
0
0
0
0
0
0
0
0
0
0
0
0
0
0
0
0
0
0
0
0
0
0
0
0
0
0
0
0
0
0
0
0
0
0
0
0
0
0
0
0
0
0
0
0
0
0
0
0
0
0
0
0
0
0
0
0
0
0
0
0
0
0
0
0
0
0
0
0
0
0
0
0
0
0
0
0
0
0
0
0
0
0
0
0
0
0
0
0
0
0
0
0
0
0
0
0
0
0
0
0
0
0
0
0
0
0
0
0
0
0
0
0
0
0
0
0
0
0
0
0
0
0
0
0
0
0
0
0
0
0
0
0
0
0
0
0
0
0
0
0
0
0
0
0
0
0
0
0
0
0
0
0
0
-0.315665
-0.760533
0
0
0
0
0
0
0
0
0
0
0
0
-0.873895
-1.16431
-0.201829
0
0
0
0
0
0
0
0
0
0
-0.22614
-1.19748
-1.3795
-0.42828
0
0
0
0
0
0
0
0
0
0
-0.390426
-1.31948
-1.37091
-0.530506
-0.597369
-0.512823
-0.824068
0
0
0
0
0
0
0
-0.309119
-1.26923
-1.29875
-0.644872
-0.897258
-0.813327
-1.06568
0
0
0
0
0
0
0
-0.0706683
-1.12641
-1.19991
-0.756455
-1.10155
-1.01542
-1.19455
-0.852335
0
0
0
0
0
0
0
-0.979898
-1.19987
-0.833189
-1.1579
-1.05775
-1.02305
-0.760287
0
0
0
0
0
0
0
-0.938691
-1.31231
-0.941974
-1.10101
-1.01741
-0.768082
0
0
0
0
0
0
0
0
-1.01031
-1.50271
-1.07373
-0.915578
-0.88768
0
0
0
0
0
0
0
0
0
-1.21197
-1.81281
-1.30879
-0.57416
-0.540787
0
0
0
0
0
0
0
0
0
-1.39627
-2.01923
-1.47702
0
0
0
0
0
0
0
0
0
0
0
-1.56755
-2.12238
-1.55901
0
0
0
0
0
0
0
0
0
0
0
-1.75827
-2.04984
-1.49672
0
0
0
0
0
0
0
0
0
0
-0.136028
-1.93618
-1.90963
-1.3572
0
0
0
0
0
0
0
0
0
0
-0.464429
-2.08011
-1.74395
-1.13802
0
0
0
0
0
0
0
0
0
0
-0.733195
-2.10088
-1.56766
-0.895036
0
0
0
0
0
0
0
0
0
0
-0.968721
-2.00118
-1.40656
-0.587715
0
0
0
0
0
0
0
0
0
-0.268731
-1.02074
-1.62878
-1.11245
0
0
0
0
0
0
0
0
0
0
-0.4747
-0.90464
-1.17902
-0.751043
0
0
0
0
0
0
0
0
0
0
-0.437499
-0.591751
-0.595063
0
0
0
0
0
0
0
0
0
0
0
0
0
0
0
0
0
0
0
0
0
0
0
0
0
0
0
0
0
0
0
0
0
0
0
0
0
0
0
0
0
0
0
0
0
0
0
0
0
0
0
0
0
0
0
0
0
0
0
0
0
0
0
0
0
0
0
0
0
0
0
0
0
0
0
0
0
0
0
0
0
0
0
0
0
0
0
0
0
0
0
0
0
0
0
0
0
0
0
0
0
0
0
0
0
0
0
0
0
0
0
0
0
0
0
0
0
0
0
0
0
0
0
0
0
0
0
0
0
0
0
0
0
0
0
0
0
0
0
0
0
0
0
0
0
0
0
0
0
0
0
0
0
0
0
0
0
0
0
0
0
0
0
0
0
0
0
0
0
0
0
0
0
0
0
0
0
0
0
0
0
0
0
0
0
0
0
0
0
0
0
0
0
0
0
0
0
0
0
0
0
0
0
0
0
0
0
0
0
0
0
0
0
0
0
0
0
0
0
0
0
0
0
0
0
0
0
0
0
0
0
0
0
0
0
0
0
0
0
0
0
0
0
0
0
0
0
0
0
0
0
0
0
0
0
0
0
0
0
0
0
0
0
0
0
0
0
0
0
0
0
0
0
0
0
0
0
0
0
0
0
0
0
0
0
0
0
0
0
0
0
0
0
0
0
0
0
0
0
0
0
0
0
0
0
0
0
-0.165094
-0.723719
0
0
0
0
0
0
0
0
0
0
0
0
-0.745098
-1.16201
-0.188101
0
0
0
0
0
0
0
0
0
0
0
-1.08741
-1.40687
-0.443127
0
0
0
0
0
0
0
0
0
0
0
-1.23773
-1.44268
-0.569352
-0.584704
-0.388087
-0.768173
0
0
0
0
0
0
0
0
-1.23036
-1.41188
-0.676848
-0.885838
-0.735212
-1.05196
-0.721785
0
0
0
0
0
0
0
-1.14764
-1.35692
-0.771841
-1.08635
-0.975309
-1.21685
-0.989549
0
0
0
0
0
0
0
-1.0621
-1.39782
-0.840496
-1.1197
-1.05434
-1.0731
-0.929794
0
0
0
0
0
0
0
-1.08897
-1.54975
-0.969805
-1.05777
-1.03327
-0.837105
-0.733309
0
0
0
0
0
0
0
-1.21504
-1.76768
-1.13874
-0.883645
-0.91168
-0.420404
0
0
0
0
0
0
0
0
-1.45567
-2.05896
-1.39909
-0.577569
-0.555893
0
0
0
0
0
0
0
0
0
-1.64584
-2.24471
-1.58617
-0.213677
0
0
0
0
0
0
0
0
0
0
-1.78917
-2.32227
-1.69429
0
0
0
0
0
0
0
0
0
0
0
-1.9412
-2.24333
-1.68793
0
0
0
0
0
0
0
0
0
0
-0.177584
-2.08833
-2.10999
-1.61517
0
0
0
0
0
0
0
0
0
0
-0.50447
-2.22621
-1.98861
-1.43119
0
0
0
0
0
0
0
0
0
0
-0.77524
-2.24885
-1.87602
-1.18773
0
0
0
0
0
0
0
0
0
0
-1.01659
-2.19238
-1.72752
-0.895526
0
0
0
0
0
0
0
0
0
-0.298377
-1.11047
-1.88714
-1.3932
-0.585966
0
0
0
0
0
0
0
0
0
-0.48995
-1.08964
-1.43871
-1.01324
0
0
0
0
0
0
0
0
0
0
-0.489086
-0.82476
-0.879746
-0.47067
0
0
0
0
0
0
0
0
0
0
0
-0.508561
-0.525105
0
0
0
0
0
0
0
0
0
0
0
0
0
0
0
0
0
0
0
0
0
0
0
0
0
0
0
0
0
0
0
0
0
0
0
0
0
0
0
0
0
0
0
0
0
0
0
0
0
0
0
0
0
0
0
0
0
0
0
0
0
0
0
0
0
0
0
0
0
0
0
0
0
0
0
0
0
0
0
0
0
0
0
0
0
0
0
0
0
0
0
0
0
0
0
0
0
0
0
0
0
0
0
0
0
0
0
0
0
0
0
0
0
0
0
0
0
0
0
0
0
0
0
0
0
0
0
0
0
0
0
0
0
0
0
0
0
0
0
0
0
0
0
0
0
0
0
0
0
0
0
0
0
0
0
0
0
0
0
0
0
0
0
0
0
0
0
0
0
0
0
0
0
0
0
0
0
0
0
0
0
0
0
0
0
0
0
0
0
0
0
0
0
0
0
0
0
0
0
0
0
0
0
0
0
0
0
0
0
0
0
0
0
0
0
0
0
0
0
0
0
0
0
0
0
0
0
0
0
0
0
0
0
0
0
0
0
0
0
0
0
0
0
0
0
0
0
0
0
0
0
0
0
0
0
0
0
0
0
0
0
0
0
0
0
0
0
0
0
0
0
0
0
0
0
0
0
0
0
0
0
0
0
0
0
0
0
0
0
0
0
0
0
-0.0378494
-0.591876
0
0
0
0
0
0
0
0
0
0
0
0
-0.625798
-1.0776
-0.0962193
0
0
0
0
0
0
0
0
0
0
0
-0.980663
-1.36494
-0.390432
0
0
0
0
0
0
0
0
0
0
0
-1.1548
-1.465
-0.563576
-0.568578
-0.224842
-0.70869
0
0
0
0
0
0
0
0
-1.18529
-1.49548
-0.709935
-0.880473
-0.601848
-0.989159
-0.629508
0
0
0
0
0
0
0
-1.15063
-1.50528
-0.839783
-1.08811
-0.862209
-1.15282
-0.903295
0
0
0
0
0
0
0
-1.137
-1.60515
-0.96541
-1.10607
-0.954962
-1.01354
-0.880134
0
0
0
0
0
0
0
-1.24176
-1.79894
-1.14297
-1.04189
-0.940608
-0.777323
-0.716979
0
0
0
0
0
0
0
-1.42643
-2.03757
-1.34683
-0.880537
-0.820192
-0.354207
0
0
0
0
0
0
0
0
-1.69071
-2.29727
-1.5831
-0.608559
-0.459082
0
0
0
0
0
0
0
0
0
-1.87777
-2.45741
-1.74846
-0.302203
0
0
0
0
0
0
0
0
0
0
-1.99807
-2.51118
-1.83589
0
0
0
0
0
0
0
0
0
0
0
-2.10331
-2.43457
-1.8368
0
0
0
0
0
0
0
0
0
0
-0.227818
-2.20276
-2.31471
-1.80151
0
0
0
0
0
0
0
0
0
0
-0.534173
-2.30744
-2.20047
-1.68666
0
0
0
0
0
0
0
0
0
0
-0.792152
-2.31849
-2.10186
-1.49035
0
0
0
0
0
0
0
0
0
0
-1.02133
-2.26806
-1.98025
-1.22969
0
0
0
0
0
0
0
0
0
-0.170789
-1.12671
-2.03875
-1.64429
-0.953024
0
0
0
0
0
0
0
0
0
-0.340494
-1.15428
-1.69739
-1.24249
-0.665604
0
0
0
0
0
0
0
0
0
-0.334157
-1.01367
-1.23698
-0.769586
0
0
0
0
0
0
0
0
0
0
0
-0.737779
-0.958885
-0.622914
0
0
0
0
0
0
0
0
0
0
0
-0.46033
-0.720054
0
0
0
0
0
0
0
0
0
0
0
0
0
0
0
0
0
0
0
0
0
0
0
0
0
0
0
0
0
0
0
0
0
0
0
0
0
0
0
0
0
0
0
0
0
0
0
0
0
0
0
0
0
0
0
0
0
0
0
0
0
0
0
0
0
0
0
0
0
0
0
0
0
0
0
0
0
0
0
0
0
0
0
0
0
0
0
0
0
0
0
0
0
0
0
0
0
0
0
0
0
0
0
0
0
0
0
0
0
0
0
0
0
0
0
0
0
0
0
0
0
0
0
0
0
0
0
0
0
0
0
0
0
0
0
0
0
0
0
0
0
0
0
0
0
0
0
0
0
0
0
0
0
0
0
0
0
0
0
0
0
0
0
0
0
0
0
0
0
0
0
0
0
0
0
0
0
0
0
0
0
0
0
0
0
0
0
0
0
0
0
0
0
0
0
0
0
0
0
0
0
0
0
0
0
0
0
0
0
0
0
0
0
0
0
0
0
0
0
0
0
0
0
0
0
0
0
0
0
0
0
0
0
0
0
0
0
0
0
0
0
0
0
0
0
0
0
0
0
0
0
0
0
0
0
0
0
0
0
0
0
0
0
0
0
0
0
0
0
0
0
0
0
0
0
0
0
0
0
0
-0.442415
0
0
0
0
0
0
0
0
0
0
0
0
-0.51146
-0.986097
0
0
0
0
0
0
0
0
0
0
0
0
-0.89428
-1.31886
-0.33811
0
0
0
0
0
0
0
0
0
0
0
-1.10737
-1.48541
-0.562403
-0.549803
0
-0.671918
0
0
0
0
0
0
0
0
-1.18833
-1.57552
-0.753345
-0.8821
-0.419977
-0.942185
-0.509288
0
0
0
0
0
0
0
-1.2094
-1.64335
-0.921955
-1.10179
-0.694199
-1.09902
-0.792813
0
0
0
0
0
0
0
-1.27437
-1.79069
-1.10182
-1.1082
-0.796496
-0.960791
-0.810003
0
0
0
0
0
0
0
-1.44979
-2.01357
-1.31693
-1.04159
-0.790379
-0.720711
-0.678779
0
0
0
0
0
0
0
-1.67443
-2.26428
-1.54257
-0.888336
-0.678251
-0.286865
0
0
0
0
0
0
0
0
-1.94044
-2.50097
-1.75534
-0.637701
-0.326719
0
0
0
0
0
0
0
0
0
-2.10563
-2.64385
-1.89944
-0.366105
0
0
0
0
0
0
0
0
0
0
-2.19116
-2.68165
-1.96631
-0.163831
0
0
0
0
0
0
0
0
0
0
-2.25
-2.60484
-1.96334
0
0
0
0
0
0
0
0
0
0
-0.305669
-2.31066
-2.49062
-1.93509
0
0
0
0
0
0
0
0
0
0
-0.568924
-2.38565
-2.3759
-1.86076
0
0
0
0
0
0
0
0
0
0
-0.814973
-2.38107
-2.26683
-1.73145
0
0
0
0
0
0
0
0
0
0
-1.03206
-2.33055
-2.1502
-1.51236
0
0
0
0
0
0
0
0
0
-0.0104867
-1.14265
-2.13583
-1.85787
-1.2346
0
0
0
0
0
0
0
0
0
-0.153921
-1.19199
-1.89608
-1.44891
-0.96731
0
0
0
0
0
0
0
0
0
-0.126982
-1.14433
-1.5356
-1.00147
-0.692804
0
0
0
0
0
0
0
0
0
0
-0.951829
-1.27077
-0.890118
0
0
0
0
0
0
0
0
0
0
0
-0.690074
-1.06201
-0.875243
0
0
0
0
0
0
0
0
0
0
0
-0.388444
-0.878253
-0.831753
0
0
0
0
0
0
0
0
0
0
0
0
0
0
0
0
0
0
0
0
0
0
0
0
0
0
0
0
0
0
0
0
0
0
0
0
0
0
0
0
0
0
0
0
0
0
0
0
0
0
0
0
0
0
0
0
0
0
0
0
0
0
0
0
0
0
0
0
0
0
0
0
0
0
0
0
0
0
0
0
0
0
0
0
0
0
0
0
0
0
0
0
0
0
0
0
0
0
0
0
0
0
0
0
0
0
0
0
0
0
0
0
0
0
0
0
0
0
0
0
0
0
0
0
0
0
0
0
0
0
0
0
0
0
0
0
0
0
0
0
0
0
0
0
0
0
0
0
0
0
0
0
0
0
0
0
0
0
0
0
0
0
0
0
0
0
0
0
0
0
0
0
0
0
0
0
0
0
0
0
0
0
0
0
0
0
0
0
0
0
0
0
0
0
0
0
0
0
0
0
0
0
0
0
0
0
0
0
0
0
0
0
0
0
0
0
0
0
0
0
0
0
0
0
0
0
0
0
0
0
0
0
0
0
0
0
0
0
0
0
0
0
0
0
0
0
0
0
0
0
0
0
0
0
0
0
0
0
0
0
0
0
0
0
0
-0.167756
0
0
0
0
0
0
0
0
0
0
0
0
-0.351741
-0.765338
0
0
0
0
0
0
0
0
0
0
0
0
-0.7631
-1.14283
-0.194213
0
0
0
0
0
0
0
0
0
0
0
-1.01692
-1.3795
-0.499663
-0.608024
0
-0.553804
0
0
0
0
0
0
0
0
-1.15321
-1.54508
-0.785118
-0.939037
-0.24663
-0.78855
0
0
0
0
0
0
0
0
-1.23381
-1.68762
-1.03637
-1.16615
-0.522219
-0.914499
-0.482444
0
0
0
0
0
0
0
-1.38648
-1.91233
-1.31203
-1.20952
-0.646144
-0.762652
-0.52725
0
0
0
0
0
0
0
-1.62461
-2.17969
-1.57064
-1.18241
-0.66201
-0.515999
-0.422234
0
0
0
0
0
0
0
-1.87209
-2.44766
-1.80849
-1.08219
-0.579836
0
0
0
0
0
0
0
0
0
-2.13961
-2.66251
-1.97142
-0.861996
-0.259161
0
0
0
0
0
0
0
0
0
-2.29061
-2.79107
-2.07067
-0.607014
0
0
0
0
0
0
0
0
0
0
-2.36344
-2.82435
-2.09146
-0.358335
0
0
0
0
0
0
0
0
0
-0.390589
-2.38543
-2.76029
-2.06913
-0.297885
0
0
0
0
0
0
0
0
0
-0.492697
-2.41086
-2.65826
-2.0338
-0.307781
0
0
0
0
0
0
0
0
0
-0.632927
-2.43871
-2.52858
-1.98188
-0.308032
0
0
0
0
0
0
0
0
0
-0.814748
-2.40372
-2.38763
-1.90746
-0.274133
0
0
0
0
0
0
0
0
0
-1.00062
-2.33308
-2.22201
-1.76675
-0.259846
0
0
0
0
0
0
0
0
0
-1.12703
-2.18134
-1.96015
-1.50896
-0.291261
0
0
0
0
0
0
0
0
0
-1.21143
-2.03437
-1.5898
-1.26028
0
0
0
0
0
0
0
0
0
0
-1.24469
-1.84368
-1.18766
-1.03547
0
0
0
0
0
0
0
0
0
0
-1.16178
-1.61317
-1.11004
-0.925427
0
0
0
0
0
0
0
0
0
0
-0.938116
-1.42444
-1.13565
-0.774731
0
0
0
0
0
0
0
0
0
0
-0.634179
-1.23078
-1.14013
0
0
0
0
0
0
0
0
0
0
0
0
-0.95211
-0.984558
0
0
0
0
0
0
0
0
0
0
0
0
0
0
0
0
0
0
0
0
0
0
0
0
0
0
0
0
0
0
0
0
0
0
0
0
0
0
0
0
0
0
0
0
0
0
0
0
0
0
0
0
0
0
0
0
0
0
0
0
0
0
0
0
0
0
0
0
0
0
0
0
0
0
0
0
0
0
0
0
0
0
0
0
0
0
0
0
0
0
0
0
0
0
0
0
0
0
0
0
0
0
0
0
0
0
0
0
0
0
0
0
0
0
0
0
0
0
0
0
0
0
0
0
0
0
0
0
0
0
0
0
0
0
0
0
0
0
0
0
0
0
0
0
0
0
0
0
0
0
0
0
0
0
0
0
0
0
0
0
0
0
0
0
0
0
0
0
0
0
0
0
0
0
0
0
0
0
0
0
0
0
0
0
0
0
0
0
0
0
0
0
0
0
0
0
0
0
0
0
0
0
0
0
0
0
0
0
0
0
0
0
0
0
0
0
0
0
0
0
0
0
0
0
0
0
0
0
0
0
0
0
0
0
0
0
0
0
0
0
0
0
0
0
0
0
0
0
0
0
0
0
0
0
0
0
0
0
0
0
0
0
0
0
-0.17612
-0.492378
0
0
0
0
0
0
0
0
0
0
0
0
-0.615103
-0.937744
-0.0413359
-0.161338
0
0
0
0
0
0
0
0
0
0
-0.91629
-1.26958
-0.437998
-0.660365
0
-0.429617
0
0
0
0
0
0
0
0
-1.1244
-1.5263
-0.817035
-0.987832
0
-0.616973
0
0
0
0
0
0
0
0
-1.28339
-1.74781
-1.13893
-1.22105
-0.345975
-0.69837
0
0
0
0
0
0
0
0
-1.54482
-2.04455
-1.48542
-1.29994
-0.508051
-0.528314
0
0
0
0
0
0
0
0
-1.84998
-2.34731
-1.77224
-1.30822
-0.554746
-0.279603
0
0
0
0
0
0
0
0
-2.1158
-2.62436
-2.01734
-1.2516
-0.50741
0
0
0
0
0
0
0
0
0
-2.37849
-2.81639
-2.14824
-1.05686
-0.216425
0
0
0
0
0
0
0
0
0
-2.5074
-2.92579
-2.21641
-0.817643
0
0
0
0
0
0
0
0
0
-0.802475
-2.55812
-2.94905
-2.20153
-0.538645
0
0
0
0
0
0
0
0
0
-0.741863
-2.53668
-2.89325
-2.16121
-0.433446
0
0
0
0
0
0
0
0
0
-0.714825
-2.51902
-2.802
-2.11847
-0.419389
0
0
0
0
0
0
0
0
0
-0.725287
-2.49781
-2.66025
-2.08029
-0.476064
0
0
0
0
0
0
0
0
0
-0.825884
-2.43743
-2.49347
-2.03111
-0.480784
0
0
0
0
0
0
0
0
0
-0.975454
-2.34568
-2.2861
-1.94956
-0.465922
0
0
0
0
0
0
0
0
0
-1.12562
-2.22997
-2.03047
-1.72655
-0.449698
0
0
0
0
0
0
0
0
0
-1.24106
-2.14136
-1.71139
-1.47608
-0.475983
0
0
0
0
0
0
0
0
0
-1.3312
-2.06812
-1.35219
-1.26505
-0.532062
0
0
0
0
0
0
0
0
0
-1.31862
-1.87809
-1.27905
-1.17245
0
0
0
0
0
0
0
0
0
0
-1.14875
-1.68008
-1.31263
-1.07867
0
0
0
0
0
0
0
0
0
0
-0.829005
-1.4688
-1.34779
-0.927611
0
0
0
0
0
0
0
0
0
0
-0.482411
-1.21185
-1.1832
0
0
0
0
0
0
0
0
0
0
0
0
0
0
0
0
0
0
0
0
0
0
0
0
0
0
0
0
0
0
0
0
0
0
0
0
0
0
0
0
0
0
0
0
0
0
0
0
0
0
0
0
0
0
0
0
0
0
0
0
0
0
0
0
0
0
0
0
0
0
0
0
0
0
0
0
0
0
0
0
0
0
0
0
0
0
0
0
0
0
0
0
0
0
0
0
0
0
0
0
0
0
0
0
0
0
0
0
0
0
0
0
0
0
0
0
0
0
0
0
0
0
0
0
0
0
0
0
0
0
0
0
0
0
0
0
0
0
0
0
0
0
0
0
0
0
0
0
0
0
0
0
0
0
0
0
0
0
0
0
0
0
0
0
0
0
0
0
0
0
0
0
0
0
0
0
0
0
0
0
0
0
0
0
0
0
0
0
0
0
0
0
0
0
0
0
0
0
0
0
0
0
0
0
0
0
0
0
0
0
0
0
0
0
0
0
0
0
0
0
0
0
0
0
0
0
0
0
0
0
0
0
0
0
0
0
0
0
0
0
0
0
0
0
0
0
0
0
0
0
0
0
0
0
0
0
0
0
0
0
0
0
0
0
0
-0.173706
0
0
0
0
0
0
0
0
0
0
0
0
0
-0.685963
0
-0.240076
0
0
0
0
0
0
0
0
0
0
-0.739217
-1.10494
-0.347188
-0.653061
0
0
0
0
0
0
0
0
0
0
-1.03432
-1.45315
-0.818068
-0.960859
0
-0.330368
0
0
0
0
0
0
0
0
-1.28812
-1.75136
-1.20337
-1.19737
-0.3311
-0.387055
0
0
0
0
0
0
0
0
-1.66561
-2.12436
-1.60806
-1.34197
-0.581717
-0.23194
0
0
0
0
0
0
0
0
-2.03588
-2.46501
-1.9138
-1.413
-0.684943
0
0
0
0
0
0
0
0
0
-2.31763
-2.75349
-2.16109
-1.42836
-0.687837
0
0
0
0
0
0
0
0
0
-2.58608
-2.93106
-2.26577
-1.28532
-0.425567
0
0
0
0
0
0
0
0
0
-2.70496
-3.02356
-2.30793
-1.08911
0
0
0
0
0
0
0
0
0
-1.24792
-2.7506
-3.03398
-2.26114
-0.802811
0
0
0
0
0
0
0
0
0
-1.08579
-2.70684
-2.97967
-2.20239
-0.641943
0
0
0
0
0
0
0
0
0
-0.947309
-2.66102
-2.8975
-2.14983
-0.565259
0
0
0
0
0
0
0
0
0
-0.832918
-2.58709
-2.75274
-2.12676
-0.642871
0
0
0
0
0
0
0
0
0
-0.852806
-2.49455
-2.56994
-2.09113
-0.687386
0
0
0
0
0
0
0
0
0
-0.964653
-2.37181
-2.3366
-2.03869
-0.689857
0
0
0
0
0
0
0
0
0
-1.15175
-2.27944
-2.08047
-1.84506
-0.645272
0
0
0
0
0
0
0
0
0
-1.29432
-2.2293
-1.79717
-1.59056
-0.650825
0
0
0
0
0
0
0
0
0
-1.41709
-2.22615
-1.47696
-1.3791
-0.692465
0
0
0
0
0
0
0
0
0
-1.43343
-2.0862
-1.38226
-1.30813
-0.78056
0
0
0
0
0
0
0
0
0
-1.31834
-1.87941
-1.40362
-1.2712
-0.809844
0
0
0
0
0
0
0
0
0
-1.00092
-1.66272
-1.45794
-1.16995
0
0
0
0
0
0
0
0
0
0
-0.666736
-1.42374
-1.31781
-1.12832
0
0
0
0
0
0
0
0
0
0
0
-0.932444
-1.08141
0
0
0
0
0
0
0
0
0
0
0
0
0
0
0
0
0
0
0
0
0
0
0
0
0
0
0
0
0
0
0
0
0
0
0
0
0
0
0
0
0
0
0
0
0
0
0
0
0
0
0
0
0
0
0
0
0
0
0
0
0
0
0
0
0
0
0
0
0
0
0
0
0
0
0
0
0
0
0
0
0
0
0
0
0
0
0
0
0
0
0
0
0
0
0
0
0
0
0
0
0
0
0
0
0
0
0
0
0
0
0
0
0
0
0
0
0
0
0
0
0
0
0
0
0
0
0
0
0
0
0
0
0
0
0
0
0
0
0
0
0
0
0
0
0
0
0
0
0
0
0
0
0
0
0
0
0
0
0
0
0
0
0
0
0
0
0
0
0
0
0
0
0
0
0
0
0
0
0
0
0
0
0
0
0
0
0
0
0
0
0
0
0
0
0
0
0
0
0
0
0
0
0
0
0
0
0
0
0
0
0
0
0
0
0
0
0
0
0
0
0
0
0
0
0
0
0
0
0
0
0
0
0
0
0
0
0
0
0
0
0
0
0
0
0
0
0
0
0
0
0
0
0
0
0
0
0
0
0
0
0
0
0
0
0
-0.386459
0
-0.275571
0
0
0
0
0
0
0
0
0
0
0
-0.919174
-0.244692
-0.612997
0
0
0
0
0
0
0
0
0
0
0
-1.37524
-0.803343
-0.902133
0
0
0
0
0
0
0
0
0
0
-1.22247
-1.75399
-1.24189
-1.14261
-0.331142
0
0
0
0
0
0
0
0
0
-1.75326
-2.19839
-1.68964
-1.35106
-0.657398
0
0
0
0
0
0
0
0
0
-2.2028
-2.57097
-2.00849
-1.47966
-0.802209
0
0
0
0
0
0
0
0
0
-2.50863
-2.86713
-2.25666
-1.55587
-0.837766
0
0
0
0
0
0
0
0
0
-2.79078
-3.03132
-2.34458
-1.45746
-0.593631
0
0
0
0
0
0
0
0
0
-2.90335
-3.10693
-2.37009
-1.29768
-0.236515
0
0
0
0
0
0
0
0
-1.61598
-2.94258
-3.10212
-2.30334
-1.01613
0
0
0
0
0
0
0
0
0
-1.38634
-2.87626
-3.04343
-2.23426
-0.824115
0
0
0
0
0
0
0
0
0
-1.15626
-2.80247
-2.96602
-2.17637
-0.703316
0
0
0
0
0
0
0
0
0
-0.935874
-2.67915
-2.82419
-2.16583
-0.788096
0
0
0
0
0
0
0
0
0
-0.886478
-2.55419
-2.63552
-2.13799
-0.86035
0
0
0
0
0
0
0
0
0
-0.963407
-2.40494
-2.39046
-2.0952
-0.884747
0
0
0
0
0
0
0
0
0
-1.18093
-2.32786
-2.13698
-1.91827
-0.81519
0
0
0
0
0
0
0
0
0
-1.34482
-2.3028
-1.87516
-1.66556
-0.796476
0
0
0
0
0
0
0
0
0
-1.48564
-2.33848
-1.59112
-1.44346
-0.817852
0
0
0
0
0
0
0
0
0
-1.5139
-2.24307
-1.4744
-1.38469
-0.917162
0
0
0
0
0
0
0
0
0
-1.44134
-2.03766
-1.4768
-1.38043
-0.959026
0
0
0
0
0
0
0
0
0
-1.1343
-1.81518
-1.53539
-1.32668
-0.999158
0
0
0
0
0
0
0
0
0
-0.804306
-1.58121
-1.42076
-1.27406
0
0
0
0
0
0
0
0
0
0
0
-1.12069
-1.16338
-1.34963
0
0
0
0
0
0
0
0
0
0
0
0
0
0
0
0
0
0
0
0
0
0
0
0
0
0
0
0
0
0
0
0
0
0
0
0
0
0
0
0
0
0
0
0
0
0
0
0
0
0
0
0
0
0
0
0
0
0
0
0
0
0
0
0
0
0
0
0
0
0
0
0
0
0
0
0
0
0
0
0
0
0
0
0
0
0
0
0
0
0
0
0
0
0
0
0
0
0
0
0
0
0
0
0
0
0
0
0
0
0
0
0
0
0
0
0
0
0
0
0
0
0
0
0
0
0
0
0
0
0
0
0
0
0
0
0
0
0
0
0
0
0
0
0
0
0
0
0
0
0
0
0
0
0
0
0
0
0
0
0
0
0
0
0
0
0
0
0
0
0
0
0
0
0
0
0
0
0
0
0
0
0
0
0
0
0
0
0
0
0
0
0
0
0
0
0
0
0
0
0
0
0
0
0
0
0
0
0
0
0
0
0
0
0
0
0
0
0
0
0
0
0
0
0
0
0
0
0
0
0
0
0
0
0
0
0
0
0
0
0
0
0
0
0
0
0
0
0
0
0
0
0
0
0
0
0
0
0
0
0
0
0
0
0
0
0
-0.200696
0
0
0
0
0
0
0
0
0
0
0
-0.741018
-0.114518
-0.458502
0
0
0
0
0
0
0
0
0
0
0
-1.28558
-0.735415
-0.727949
0
0
0
0
0
0
0
0
0
0
0
-1.72525
-1.20884
-0.975894
-0.354799
0
0
0
0
0
0
0
0
0
-1.7869
-2.21926
-1.68126
-1.26118
-0.739222
0
0
0
0
0
0
0
0
0
-2.31167
-2.61337
-2.0088
-1.46065
-0.911309
0
0
0
0
0
0
0
0
0
-2.64784
-2.91398
-2.25883
-1.60952
-0.965206
0
0
0
0
0
0
0
0
0
-2.95235
-3.07046
-2.34481
-1.5721
-0.734343
0
0
0
0
0
0
0
0
0
-3.06763
-3.13379
-2.36832
-1.46314
-0.396621
0
0
0
0
0
0
0
0
-1.8069
-3.10594
-3.11614
-2.30017
-1.20666
0
0
0
0
0
0
0
0
0
-1.56102
-3.02691
-3.05225
-2.2342
-1.0029
0
0
0
0
0
0
0
0
0
-1.27629
-2.935
-2.97849
-2.18122
-0.853032
0
0
0
0
0
0
0
0
0
-0.992056
-2.77455
-2.85038
-2.18158
-0.936704
0
0
0
0
0
0
0
0
0
-0.910292
-2.62055
-2.67529
-2.15255
-1.0221
0
0
0
0
0
0
0
0
0
-0.97752
-2.44615
-2.44804
-2.09967
-1.06401
0
0
0
0
0
0
0
0
0
-1.21235
-2.36856
-2.20874
-1.91109
-0.969112
0
0
0
0
0
0
0
0
0
-1.38294
-2.34897
-1.96376
-1.64471
-0.918317
0
0
0
0
0
0
0
0
0
-1.51857
-2.39934
-1.69167
-1.39653
-0.909281
0
0
0
0
0
0
0
0
0
-1.54586
-2.33901
-1.54392
-1.34778
-1.0045
0
0
0
0
0
0
0
0
0
-1.49701
-2.14957
-1.51345
-1.37279
-1.05586
0
0
0
0
0
0
0
0
0
-1.21182
-1.93013
-1.56738
-1.37489
-1.08529
0
0
0
0
0
0
0
0
0
-0.888196
-1.70027
-1.47013
-1.33224
0
0
0
0
0
0
0
0
0
0
0
-1.26225
-1.2023
-1.42695
0
0
0
0
0
0
0
0
0
0
0
0
0
0
0
0
0
0
0
0
0
0
0
0
0
0
0
0
0
0
0
0
0
0
0
0
0
0
0
0
0
0
0
0
0
0
0
0
0
0
0
0
0
0
0
0
0
0
0
0
0
0
0
0
0
0
0
0
0
0
0
0
0
0
0
0
0
0
0
0
0
0
0
0
0
0
0
0
0
0
0
0
0
0
0
0
0
0
0
0
0
0
0
0
0
0
0
0
0
0
0
0
0
0
0
0
0
0
0
0
0
0
0
0
0
0
0
0
0
0
0
0
0
0
0
0
0
0
0
0
0
0
0
0
0
0
0
0
0
0
0
0
0
0
0
0
0
0
0
0
0
0
0
0
0
0
0
0
0
0
0
0
0
0
0
0
0
0
0
0
0
0
0
0
0
0
0
0
0
0
0
0
0
0
0
0
0
0
0
0
0
0
0
0
0
0
0
0
0
0
0
0
0
0
0
0
0
0
0
0
0
0
0
0
0
0
0
0
0
0
0
0
0
0
0
0
0
0
0
0
0
0
0
0
0
0
0
0
0
0
0
0
0
0
0
0
0
0
0
0
0
0
0
0
0
0
-0.0562431
0
0
0
0
0
0
0
0
0
0
0
-0.525088
0
-0.243336
0
0
0
0
0
0
0
0
0
0
0
-1.15709
-0.62795
-0.498494
0
0
0
0
0
0
0
0
0
0
0
-1.65136
-1.12967
-0.760252
-0.323111
0
0
0
0
0
0
0
0
0
-1.74041
-2.18904
-1.6214
-1.12958
-0.741851
0
0
0
0
0
0
0
0
0
-2.34697
-2.60343
-1.95824
-1.40029
-0.929359
0
0
0
0
0
0
0
0
0
-2.72007
-2.91073
-2.21296
-1.61517
-0.993675
0
0
0
0
0
0
0
0
0
-3.05357
-3.06502
-2.3057
-1.6301
-0.775157
0
0
0
0
0
0
0
0
0
-3.17705
-3.12243
-2.33677
-1.56186
-0.456934
0
0
0
0
0
0
0
0
-1.9067
-3.21825
-3.09862
-2.28102
-1.32809
0
0
0
0
0
0
0
0
0
-1.67505
-3.13243
-3.03466
-2.23267
-1.12616
0
0
0
0
0
0
0
0
0
-1.36653
-3.02876
-2.96686
-2.19854
-0.971587
0
0
0
0
0
0
0
0
0
-1.04813
-2.84234
-2.85289
-2.21329
-1.06917
0
0
0
0
0
0
0
0
0
-0.947728
-2.66509
-2.69311
-2.18272
-1.16831
0
0
0
0
0
0
0
0
0
-1.00758
-2.46834
-2.48504
-2.1158
-1.22452
0
0
0
0
0
0
0
0
0
-1.24564
-2.3887
-2.26102
-1.90722
-1.1033
0
0
0
0
0
0
0
0
0
-1.41579
-2.37387
-2.03203
-1.62193
-1.01477
0
0
0
0
0
0
0
0
0
-1.54292
-2.43941
-1.77245
-1.34845
-0.962224
0
0
0
0
0
0
0
0
0
-1.56384
-2.40761
-1.6074
-1.30516
-1.03554
0
0
0
0
0
0
0
0
0
-1.52196
-2.2386
-1.55232
-1.34956
-1.08076
0
0
0
0
0
0
0
0
0
-1.24943
-2.01821
-1.59744
-1.3904
-1.10342
0
0
0
0
0
0
0
0
0
-0.926019
-1.78392
-1.50627
-1.35454
0
0
0
0
0
0
0
0
0
0
0
-1.34433
-1.22993
-1.44862
0
0
0
0
0
0
0
0
0
0
0
0
0
0
0
0
0
0
0
0
0
0
0
0
0
0
0
0
0
0
0
0
0
0
0
0
0
0
0
0
0
0
0
0
0
0
0
0
0
0
0
0
0
0
0
0
0
0
0
0
0
0
0
0
0
0
0
0
0
0
0
0
0
0
0
0
0
0
0
0
0
0
0
0
0
0
0
0
0
0
0
0
0
0
0
0
0
0
0
0
0
0
0
0
0
0
0
0
0
0
0
0
0
0
0
0
0
0
0
0
0
0
0
0
0
0
0
0
0
0
0
0
0
0
0
0
0
0
0
0
0
0
0
0
0
0
0
0
0
0
0
0
0
0
0
0
0
0
0
0
0
0
0
0
0
0
0
0
0
0
0
0
0
0
0
0
0
0
0
0
0
0
0
0
0
0
0
0
0
0
0
0
0
0
0
0
0
0
0
0
0
0
0
0
0
0
0
0
0
0
0
0
0
0
0
0
0
0
0
0
0
0
0
0
0
0
0
0
0
0
0
0
0
0
0
0
0
0
0
0
0
0
0
0
0
0
0
0
0
0
0
0
0
0
0
0
0
0
0
0
0
0
0
0
0
0
0
0
0
0
0
0
0
0
0
0
0
0
-0.286912
0
0
0
0
0
0
0
0
0
0
0
0
0
-0.979561
-0.44819
-0.159192
0
0
0
0
0
0
0
0
0
0
0
-1.50957
-0.967928
-0.451555
-0.204741
0
0
0
0
0
0
0
0
0
-1.63333
-2.07888
-1.4723
-0.920078
-0.634304
0
0
0
0
0
0
0
0
0
-2.30954
-2.51175
-1.82131
-1.27055
-0.827462
0
0
0
0
0
0
0
0
0
-2.7181
-2.82923
-2.08701
-1.55374
-0.896575
0
0
0
0
0
0
0
0
0
-3.07904
-2.98927
-2.2027
-1.62226
-0.694871
0
0
0
0
0
0
0
0
0
-3.2138
-3.04985
-2.25852
-1.59423
-0.405045
-0.206681
0
0
0
0
0
0
0
-1.91787
-3.26156
-3.02971
-2.23759
-1.38724
0
-0.274756
0
0
0
0
0
0
0
-1.71874
-3.17804
-2.97442
-2.22766
-1.20087
0
-0.231614
0
0
0
0
0
0
0
-1.41718
-3.07285
-2.91879
-2.22992
-1.06376
0
0
0
0
0
0
0
0
0
-1.10143
-2.87421
-2.82192
-2.26301
-1.19165
0
0
0
0
0
0
0
0
0
-0.998833
-2.68185
-2.68049
-2.23036
-1.30771
0
0
0
0
0
0
0
0
0
-1.05476
-2.46518
-2.49567
-2.14531
-1.37338
0
0
0
0
0
0
0
0
0
-1.28075
-2.38021
-2.29029
-1.91074
-1.22051
0
0
0
0
0
0
0
0
0
-1.44068
-2.37027
-2.08085
-1.59595
-1.08677
0
0
0
0
0
0
0
0
0
-1.55459
-2.4546
-1.83509
-1.29315
-0.97057
0
0
0
0
0
0
0
0
0
-1.56224
-2.44977
-1.66202
-1.24738
-0.999005
0
0
0
0
0
0
0
0
0
-1.51132
-2.3028
-1.59143
-1.29988
-1.01341
0
0
0
0
0
0
0
0
0
-1.23493
-2.0796
-1.62343
-1.36243
-1.03063
0
0
0
0
0
0
0
0
0
-0.906514
-1.83383
-1.52632
-1.32584
0
0
0
0
0
0
0
0
0
0
0
-1.36676
-1.23696
-1.40531
0
0
0
0
0
0
0
0
0
0
0
0
0
0
0
0
0
0
0
0
0
0
0
0
0
0
0
0
0
0
0
0
0
0
0
0
0
0
0
0
0
0
0
0
0
0
0
0
0
0
0
0
0
0
0
0
0
0
0
0
0
0
0
0
0
0
0
0
0
0
0
0
0
0
0
0
0
0
0
0
0
0
0
0
0
0
0
0
0
0
0
0
0
0
0
0
0
0
0
0
0
0
0
0
0
0
0
0
0
0
0
0
0
0
0
0
0
0
0
0
0
0
0
0
0
0
0
0
0
0
0
0
0
0
0
0
0
0
0
0
0
0
0
0
0
0
0
0
0
0
0
0
0
0
0
0
0
0
0
0
0
0
0
0
0
0
0
0
0
0
0
0
0
0
0
0
0
0
0
0
0
0
0
0
0
0
0
0
0
0
0
0
0
0
0
0
0
0
0
0
0
0
0
0
0
0
0
0
0
0
0
0
0
0
0
0
0
0
0
0
0
0
0
0
0
0
0
0
0
0
0
0
0
0
0
0
0
0
0
0
0
0
0
0
0
0
0
0
0
0
0
0
0
0
0
0
0
0
0
0
0
0
0
0
0
0
0
0
0
0
0
0
0
0
0
0
0
0
0
0
0
0
0
0
0
0
0
0
0
0
0
0
-0.740771
-0.222627
0
0
0
0
0
0
0
0
0
0
0
0
-1.29729
-0.756308
-0.119526
0
0
0
0
0
0
0
0
0
0
0
-1.89787
-1.27626
-0.6992
-0.458581
0
0
0
0
0
0
0
0
0
-2.17912
-2.35319
-1.64431
-1.12546
-0.646138
0
0
0
0
0
0
0
0
0
-2.62267
-2.68733
-1.92892
-1.46567
-0.715047
0
0
0
0
0
0
0
0
0
-3.00873
-2.86224
-2.07659
-1.57495
-0.53651
0
0
0
0
0
0
0
0
0
-3.15943
-2.93587
-2.16397
-1.57702
-0.286727
-0.317387
0
0
0
0
0
0
0
-1.94597
-3.22118
-2.92969
-2.18213
-1.39393
0
-0.425724
0
0
0
0
0
0
0
-1.78887
-3.15352
-2.88992
-2.21173
-1.23117
0
-0.383233
0
0
0
0
0
0
0
-1.52101
-3.06099
-2.84892
-2.24968
-1.12609
0
-0.282811
0
0
0
0
0
0
0
-1.23263
-2.86608
-2.76322
-2.30271
-1.29243
0
0
0
0
0
0
0
0
0
-1.11843
-2.6679
-2.63209
-2.27681
-1.42786
0
0
0
0
0
0
0
0
0
-1.14724
-2.4332
-2.46004
-2.19004
-1.50069
-0.243365
0
0
0
0
0
0
0
0
-1.33412
-2.34099
-2.27207
-1.94835
-1.32561
0
0
0
0
0
0
0
0
0
-1.47066
-2.33706
-2.08521
-1.62171
-1.15788
0
0
0
0
0
0
0
0
0
-1.57037
-2.44376
-1.86376
-1.30897
-0.977553
0
0
0
0
0
0
0
0
0
-1.56118
-2.46049
-1.70064
-1.25179
-0.94706
0
0
0
0
0
0
0
0
0
-1.4892
-2.33132
-1.63521
-1.292
-0.906674
0
0
0
0
0
0
0
0
0
-1.19337
-2.10687
-1.65787
-1.34281
-0.915427
0
0
0
0
0
0
0
0
0
-0.858132
-1.84883
-1.54911
-1.29079
0
0
0
0
0
0
0
0
0
0
0
-1.34097
-1.24818
-1.34307
0
0
0
0
0
0
0
0
0
0
0
0
0
0
0
0
0
0
0
0
0
0
0
0
0
0
0
0
0
0
0
0
0
0
0
0
0
0
0
0
0
0
0
0
0
0
0
0
0
0
0
0
0
0
0
0
0
0
0
0
0
0
0
0
0
0
0
0
0
0
0
0
0
0
0
0
0
0
0
0
0
0
0
0
0
0
0
0
0
0
0
0
0
0
0
0
0
0
0
0
0
0
0
0
0
0
0
0
0
0
0
0
0
0
0
0
0
0
0
0
0
0
0
0
0
0
0
0
0
0
0
0
0
0
0
0
0
0
0
0
0
0
0
0
0
0
0
0
0
0
0
0
0
0
0
0
0
0
0
0
0
0
0
0
0
0
0
0
0
0
0
0
0
0
0
0
0
0
0
0
0
0
0
0
0
0
0
0
0
0
0
0
0
0
0
0
0
0
0
0
0
0
0
0
0
0
0
0
0
0
0
0
0
0
0
0
0
0
0
0
0
0
0
0
0
0
0
0
0
0
0
0
0
0
0
0
0
0
0
0
0
0
0
0
0
0
0
0
0
0
0
0
0
0
0
0
0
0
0
0
0
0
0
0
0
0
0
0
0
0
0
0
0
0
0
0
0
0
0
0
0
0
0
0
0
0
0
0
0
0
0
0
-0.429511
0
0
0
0
0
0
0
0
0
0
0
0
0
-1.00442
-0.473785
0
0
0
0
0
0
0
0
0
0
0
0
-1.64034
-1.01646
-0.458249
-0.187866
0
0
0
0
0
0
0
0
0
-1.95667
-2.12511
-1.41546
-0.95929
-0.352627
0
0
0
0
0
0
0
0
0
-2.43711
-2.48403
-1.73089
-1.34986
-0.414252
0
0
0
0
0
0
0
0
0
-2.84958
-2.68387
-1.9237
-1.49293
-0.275663
0
0
0
0
0
0
0
0
0
-3.02325
-2.7808
-2.05192
-1.52078
0
-0.396585
0
0
0
0
0
0
0
-1.9467
-3.10821
-2.7991
-2.11542
-1.36268
0
-0.535643
0
0
0
0
0
0
0
-1.83413
-3.07032
-2.78182
-2.18737
-1.23203
0
-0.50524
0
0
0
0
0
0
0
-1.62014
-3.00419
-2.7582
-2.26191
-1.17087
0
-0.412478
0
0
0
0
0
0
0
-1.37958
-2.82683
-2.67876
-2.33685
-1.38122
0
0
0
0
0
0
0
0
0
-1.26252
-2.62989
-2.55212
-2.32404
-1.53518
-0.24449
0
0
0
0
0
0
0
0
-1.2622
-2.37709
-2.38558
-2.2469
-1.61128
-0.337427
0
0
0
0
0
0
0
0
-1.39893
-2.27568
-2.21664
-2.00949
-1.42194
0
0
0
0
0
0
0
0
0
-1.50481
-2.27946
-2.05723
-1.68374
-1.2303
0
0
0
0
0
0
0
0
0
-1.5906
-2.41366
-1.86786
-1.37906
-0.986494
0
0
0
0
0
0
0
0
0
-1.56221
-2.44747
-1.72933
-1.30661
-0.881139
0
0
0
0
0
0
0
0
0
-1.45703
-2.33555
-1.68489
-1.31997
-0.755282
0
0
0
0
0
0
0
0
0
-1.12884
-2.11261
-1.70188
-1.33132
0
0
0
0
0
0
0
0
0
0
-0.784759
-1.84136
-1.57598
-1.25345
0
0
0
0
0
0
0
0
0
0
0
-1.27613
-1.26794
-1.26191
0
0
0
0
0
0
0
0
0
0
0
0
0
0
0
0
0
0
0
0
0
0
0
0
0
0
0
0
0
0
0
0
0
0
0
0
0
0
0
0
0
0
0
0
0
0
0
0
0
0
0
0
0
0
0
0
0
0
0
0
0
0
0
0
0
0
0
0
0
0
0
0
0
0
0
0
0
0
0
0
0
0
0
0
0
0
0
0
0
0
0
0
0
0
0
0
0
0
0
0
0
0
0
0
0
0
0
0
0
0
0
0
0
0
0
0
0
0
0
0
0
0
0
0
0
0
0
0
0
0
0
0
0
0
0
0
0
0
0
0
0
0
0
0
0
0
0
0
0
0
0
0
0
0
0
0
0
0
0
0
0
0
0
0
0
0
0
0
0
0
0
0
0
0
0
0
0
0
0
0
0
0
0
0
0
0
0
0
0
0
0
0
0
0
0
0
0
0
0
0
0
0
0
0
0
0
0
0
0
0
0
0
0
0
0
0
0
0
0
0
0
0
0
0
0
0
0
0
0
0
0
0
0
0
0
0
0
0
0
0
0
0
0
0
0
0
0
0
0
0
0
0
0
0
0
0
0
0
0
0
0
0
0
0
0
0
0
0
0
0
0
0
0
0
0
0
0
0
0
0
0
0
0
0
0
0
0
0
0
0
0
0
0
0
0
0
0
0
0
0
0
0
0
0
0
0
-0.7173
-0.241332
0
0
0
0
0
0
0
0
0
0
0
0
-1.36317
-0.798108
-0.265401
0
0
0
0
0
0
0
0
0
0
-1.62557
-1.86727
-1.22479
-0.811753
-0.092961
0
0
0
0
0
0
0
0
0
-2.14006
-2.24802
-1.56857
-1.23005
-0.125537
0
0
0
0
0
0
0
0
0
-2.58193
-2.47557
-1.79622
-1.39113
0
0
0
0
0
0
0
0
0
0
-2.78863
-2.59946
-1.94951
-1.43484
0
-0.384701
0
0
0
0
0
0
0
-1.88583
-2.91085
-2.6452
-2.0324
-1.29668
0
-0.517545
0
0
0
0
0
0
0
-1.84515
-2.92049
-2.64965
-2.11926
-1.19659
0
-0.493538
0
0
0
0
0
0
0
-1.71315
-2.8972
-2.63953
-2.20839
-1.17584
0
-0.415144
0
0
0
0
0
0
0
-1.53912
-2.75503
-2.56165
-2.29815
-1.41915
0
0
0
0
0
0
0
0
0
-1.42373
-2.56997
-2.44062
-2.30482
-1.58231
-0.262314
0
0
0
0
0
0
0
0
-1.38326
-2.30664
-2.28494
-2.25406
-1.65837
-0.360513
0
0
0
0
0
0
0
0
-1.44201
-2.18693
-2.14532
-2.03961
-1.47901
-0.360066
0
0
0
0
0
0
0
0
-1.50073
-2.18593
-2.01904
-1.74039
-1.29397
0
0
0
0
0
0
0
0
0
-1.57003
-2.3351
-1.85683
-1.46734
-1.0305
0
0
0
0
0
0
0
0
0
-1.53342
-2.37366
-1.74614
-1.37334
-0.866522
0
0
0
0
0
0
0
0
0
-1.39867
-2.28264
-1.72251
-1.3403
0
0
0
0
0
0
0
0
0
0
-1.05276
-2.07372
-1.72965
-1.28462
0
0
0
0
0
0
0
0
0
0
-0.711045
-1.79917
-1.57774
-1.18468
0
0
0
0
0
0
0
0
0
0
0
-1.18513
-1.27046
0
0
0
0
0
0
0
0
0
0
0
0
0
0
0
0
0
0
0
0
0
0
0
0
0
0
0
0
0
0
0
0
0
0
0
0
0
0
0
0
0
0
0
0
0
0
0
0
0
0
0
0
0
0
0
0
0
0
0
0
0
0
0
0
0
0
0
0
0
0
0
0
0
0
0
0
0
0
0
0
0
0
0
0
0
0
0
0
0
0
0
0
0
0
0
0
0
0
0
0
0
0
0
0
0
0
0
0
0
0
0
0
0
0
0
0
0
0
0
0
0
0
0
0
0
0
0
0
0
0
0
0
0
0
0
0
0
0
0
0
0
0
0
0
0
0
0
0
0
0
0
0
0
0
0
0
0
0
0
0
0
0
0
0
0
0
0
0
0
0
0
0
0
0
0
0
0
0
0
0
0
0
0
0
0
0
0
0
0
0
0
0
0
0
0
0
0
0
0
0
0
0
0
0
0
0
0
0
0
0
0
0
0
0
0
0
0
0
0
0
0
0
0
0
0
0
0
0
0
0
0
0
0
0
0
0
0
0
0
0
0
0
0
0
0
0
0
0
0
0
0
0
0
0
0
0
0
0
0
0
0
0
0
0
0
0
0
0
0
0
0
0
0
0
0
0
0
0
0
0
0
0
0
0
0
0
0
0
0
0
0
0
0
0
0
0
0
0
0
0
0
0
0
0
0
0
0
-0.418961
-0.0219494
0
0
0
0
0
0
0
0
0
0
0
0
-1.05866
-0.588645
-0.0863478
0
0
0
0
0
0
0
0
0
0
-1.21766
-1.57853
-1.04436
-0.664454
0
0
0
0
0
0
0
0
0
0
-1.77359
-1.9818
-1.4176
-1.10122
0
0
0
0
0
0
0
0
0
0
-2.25134
-2.24153
-1.67634
-1.27451
0
0
0
0
0
0
0
0
0
0
-2.50109
-2.39639
-1.8473
-1.33128
0
-0.334604
0
0
0
0
0
0
0
-1.74097
-2.66987
-2.47258
-1.93795
-1.21336
0
-0.449846
0
0
0
0
0
0
0
-1.79693
-2.73888
-2.49776
-2.02908
-1.14727
0
-0.433751
0
0
0
0
0
0
0
-1.7625
-2.76854
-2.49776
-2.12525
-1.16932
0
-0.374702
0
0
0
0
0
0
0
-1.66588
-2.67022
-2.41865
-2.22861
-1.43994
0
0
0
0
0
0
0
0
0
-1.56936
-2.49912
-2.30585
-2.26065
-1.60327
-0.264283
0
0
0
0
0
0
0
0
-1.49955
-2.2279
-2.16524
-2.24301
-1.68252
-0.363791
0
0
0
0
0
0
0
0
-1.47778
-2.08343
-2.06519
-2.05345
-1.52811
-0.394796
0
0
0
0
0
0
0
0
-1.48474
-2.06921
-1.97248
-1.79629
-1.36145
0
0
0
0
0
0
0
0
0
-1.53515
-2.22607
-1.83843
-1.56602
-1.09694
0
0
0
0
0
0
0
0
0
-1.49247
-2.26314
-1.76533
-1.45251
-0.877446
0
0
0
0
0
0
0
0
0
-1.32191
-2.20714
-1.76385
-1.36255
0
0
0
0
0
0
0
0
0
0
-0.972978
-2.01863
-1.75724
-1.22397
0
0
0
0
0
0
0
0
0
0
-0.638253
-1.74162
-1.57458
-1.10614
0
0
0
0
0
0
0
0
0
0
0
-1.07705
-1.28266
0
0
0
0
0
0
0
0
0
0
0
0
0
0
0
0
0
0
0
0
0
0
0
0
0
0
0
0
0
0
0
0
0
0
0
0
0
0
0
0
0
0
0
0
0
0
0
0
0
0
0
0
0
0
0
0
0
0
0
0
0
0
0
0
0
0
0
0
0
0
0
0
0
0
0
0
0
0
0
0
0
0
0
0
0
0
0
0
0
0
0
0
0
0
0
0
0
0
0
0
0
0
0
0
0
0
0
0
0
0
0
0
0
0
0
0
0
0
0
0
0
0
0
0
0
0
0
0
0
0
0
0
0
0
0
0
0
0
0
0
0
0
0
0
0
0
0
0
0
0
0
0
0
0
0
0
0
0
0
0
0
0
0
0
0
0
0
0
0
0
0
0
0
0
0
0
0
0
0
0
0
0
0
0
0
0
0
0
0
0
0
0
0
0
0
0
0
0
0
0
0
0
0
0
0
0
0
0
0
0
0
0
0
0
0
0
0
0
0
0
0
0
0
0
0
0
0
0
0
0
0
0
0
0
0
0
0
0
0
0
0
0
0
0
0
0
0
0
0
0
0
0
0
0
0
0
0
0
0
0
0
0
0
0
0
0
0
0
0
0
0
0
0
0
0
0
0
0
0
0
0
0
0
0
0
0
0
0
0
0
0
0
0
0
0
0
0
0
0
0
0
0
0
0
0
0
0
-0.212194
-0.019128
0
0
0
0
0
0
0
0
0
0
0
0
-0.802635
-0.558016
0
0
0
0
0
0
0
0
0
0
0
-0.743557
-1.3159
-0.995141
-0.526886
0
0
0
0
0
0
0
0
0
0
-1.33374
-1.7299
-1.35647
-0.960615
0
0
0
0
0
0
0
0
0
0
-1.85062
-2.01642
-1.60415
-1.12842
0
0
0
0
0
0
0
0
0
-1.17591
-2.1497
-2.19674
-1.76316
-1.185
0
-0.202665
0
0
0
0
0
0
0
-1.48731
-2.37204
-2.29461
-1.83663
-1.07406
0
-0.280073
0
0
0
0
0
0
0
-1.66164
-2.5065
-2.33173
-1.91385
-1.03522
0
-0.254206
0
0
0
0
0
0
0
-1.73202
-2.59357
-2.33711
-2.00056
-1.09074
0
0
0
0
0
0
0
0
0
-1.7113
-2.54465
-2.26643
-2.10125
-1.37158
0
0
0
0
0
0
0
0
0
-1.63957
-2.39541
-2.17896
-2.1474
-1.52739
-0.273939
0
0
0
0
0
0
0
0
-1.54276
-2.13923
-2.0769
-2.1414
-1.62341
-0.38171
0
0
0
0
0
0
0
0
-1.4421
-1.97343
-2.01679
-1.97121
-1.52019
-0.477597
0
0
0
0
0
0
0
0
-1.39398
-1.93829
-1.93139
-1.76889
-1.40261
-0.606257
0
0
0
0
0
0
0
0
-1.41987
-2.07497
-1.80448
-1.58426
-1.19715
-0.727895
0
0
0
0
0
0
0
0
-1.37245
-2.10574
-1.75849
-1.45366
-0.972246
-0.954712
0
0
0
0
0
0
0
0
-1.17547
-2.09668
-1.76411
-1.29493
0
-1.29505
0
0
0
0
0
0
0
0
-0.853274
-1.93554
-1.72443
-1.08257
0
0
0
0
0
0
0
0
0
0
-0.534321
-1.65475
-1.50936
0
0
0
0
0
0
0
0
0
0
0
0
-0.964097
-1.23797
0
0
0
0
0
0
0
0
0
0
0
0
0
0
0
0
0
0
0
0
0
0
0
0
0
0
0
0
0
0
0
0
0
0
0
0
0
0
0
0
0
0
0
0
0
0
0
0
0
0
0
0
0
0
0
0
0
0
0
0
0
0
0
0
0
0
0
0
0
0
0
0
0
0
0
0
0
0
0
0
0
0
0
0
0
0
0
0
0
0
0
0
0
0
0
0
0
0
0
0
0
0
0
0
0
0
0
0
0
0
0
0
0
0
0
0
0
0
0
0
0
0
0
0
0
0
0
0
0
0
0
0
0
0
0
0
0
0
0
0
0
0
0
0
0
0
0
0
0
0
0
0
0
0
0
0
0
0
0
0
0
0
0
0
0
0
0
0
0
0
0
0
0
0
0
0
0
0
0
0
0
0
0
0
0
0
0
0
0
0
0
0
0
0
0
0
0
0
0
0
0
0
0
0
0
0
0
0
0
0
0
0
0
0
0
0
0
0
0
0
0
0
0
0
0
0
0
0
0
0
0
0
0
0
0
0
0
0
0
0
0
0
0
0
0
0
0
0
0
0
0
0
0
0
0
0
0
0
0
0
0
0
0
0
0
0
0
0
0
0
0
0
0
0
0
0
0
0
0
0
0
0
0
0
0
0
0
0
0
0
0
0
0
0
0
0
0
0
0
0
0
0
0
0
0
0
0
-0.0347397
-0.0588804
0
0
0
0
0
0
0
0
0
0
0
0
-0.553147
-0.564975
0
0
0
0
0
0
0
0
0
0
0
0
-1.04912
-0.973866
-0.377895
0
0
0
0
0
0
0
0
0
0
-0.874432
-1.46864
-1.31386
-0.801212
0
0
0
0
0
0
0
0
0
0
-1.43
-1.78153
-1.54085
-0.955631
0
0
0
0
0
0
0
0
0
-0.811839
-1.77786
-1.98362
-1.68139
-1.0071
0
0
0
0
0
0
0
0
0
-1.24248
-2.05244
-2.09638
-1.73073
-0.901553
0
0
0
0
0
0
0
0
0
-1.53917
-2.25608
-2.13924
-1.78592
-0.895672
0
0
0
0
0
0
0
0
0
-1.70969
-2.40034
-2.15025
-1.85359
-0.983208
-0.201754
0
0
0
0
0
0
0
0
-1.75861
-2.40062
-2.09477
-1.94508
-1.26526
-0.225735
0
0
0
0
0
0
0
0
-1.70668
-2.27797
-2.0418
-1.99982
-1.42624
-0.299592
0
0
0
0
0
0
0
0
-1.57722
-2.0473
-1.99218
-1.99285
-1.55968
-0.41721
0
0
0
0
0
0
0
0
-1.39846
-1.85302
-1.96753
-1.86625
-1.51542
-0.579318
0
0
0
0
0
0
0
0
-1.2833
-1.78418
-1.87857
-1.74084
-1.4548
-0.747057
0
0
0
0
0
0
0
0
-1.27276
-1.87204
-1.77965
-1.60263
-1.3075
-0.924865
0
0
0
0
0
0
0
0
-1.20191
-1.92358
-1.75936
-1.44952
-1.08251
-1.21907
0
0
0
0
0
0
0
0
-1.0005
-1.9738
-1.76819
-1.19559
0
-1.5661
0
0
0
0
0
0
0
0
-0.71666
-1.84298
-1.67313
-0.908817
0
0
-1.89344
0
0
0
0
0
0
0
0
-1.54312
-1.4445
0
0
0
0
0
0
0
0
0
0
0
0
-0.851645
0
0
0
0
0
0
0
0
0
0
0
0
0
0
0
0
0
0
0
0
0
0
0
0
0
0
0
0
0
0
0
0
0
0
0
0
0
0
0
0
0
0
0
0
0
0
0
0
0
0
0
0
0
0
0
0
0
0
0
0
0
0
0
0
0
0
0
0
0
0
0
0
0
0
0
0
0
0
0
0
0
0
0
0
0
0
0
0
0
0
0
0
0
0
0
0
0
0
0
0
0
0
0
0
0
0
0
0
0
0
0
0
0
0
0
0
0
0
0
0
0
0
0
0
0
0
0
0
0
0
0
0
0
0
0
0
0
0
0
0
0
0
0
0
0
0
0
0
0
0
0
0
0
0
0
0
0
0
0
0
0
0
0
0
0
0
0
0
0
0
0
0
0
0
0
0
0
0
0
0
0
0
0
0
0
0
0
0
0
0
0
0
0
0
0
0
0
0
0
0
0
0
0
0
0
0
0
0
0
0
0
0
0
0
0
0
0
0
0
0
0
0
0
0
0
0
0
0
0
0
0
0
0
0
0
0
0
0
0
0
0
0
0
0
0
0
0
0
0
0
0
0
0
0
0
0
0
0
0
0
0
0
0
0
0
0
0
0
0
0
0
0
0
0
0
0
0
0
0
0
0
0
0
0
0
0
0
0
0
0
0
0
0
0
0
0
0
0
0
0
0
0
0
0
0
0
0
0
0
-0.148359
0
0
0
0
0
0
0
0
0
0
0
0
-0.345273
-0.646217
0
0
0
0
0
0
0
0
0
0
0
0
-0.832924
-1.02451
-0.255451
0
0
0
0
0
0
0
0
0
0
-0.425346
-1.25558
-1.33313
-0.666122
0
0
0
0
0
0
0
0
0
0
-1.02493
-1.59056
-1.53349
-0.802153
0
0
0
0
0
0
0
0
0
-0.470732
-1.41811
-1.80914
-1.66126
-0.842743
0
0
0
0
0
0
0
0
0
-0.996182
-1.73685
-1.93464
-1.70721
-0.730922
0
0
0
0
0
0
0
0
0
-1.36745
-1.98405
-1.98657
-1.75949
-0.745255
0
0
0
0
0
0
0
0
0
-1.60155
-2.1588
-2.01263
-1.81967
-0.845638
0
0
0
0
0
0
0
0
0
-1.68289
-2.19219
-1.98598
-1.88011
-1.12895
-0.279472
0
0
0
0
0
0
0
0
-1.63321
-2.10491
-1.97099
-1.885
-1.31823
-0.40088
0
0
0
0
0
0
0
0
-1.48132
-1.91939
-1.96435
-1.82042
-1.49461
-0.554894
0
0
0
0
0
0
0
0
-1.27917
-1.73464
-1.90775
-1.72211
-1.50665
-0.720211
0
0
0
0
0
0
0
0
-1.13485
-1.64541
-1.78862
-1.63948
-1.50357
-0.872716
0
0
0
0
0
0
0
0
-1.09684
-1.67401
-1.69951
-1.52941
-1.40226
-1.08961
0
0
0
0
0
0
0
0
-0.971057
-1.76144
-1.69031
-1.35187
-1.22716
-1.43728
0
0
0
0
0
0
0
0
-0.787916
-1.85195
-1.69059
-1.03034
-1.10009
-1.72449
0
0
0
0
0
0
0
0
-0.526166
-1.73784
-1.54125
0
0
0
0
0
0
0
0
0
0
0
0
-1.40817
-1.34933
0
0
0
0
0
0
0
0
0
0
0
0
0
0
0
0
0
0
0
0
0
0
0
0
0
0
0
0
0
0
0
0
0
0
0
0
0
0
0
0
0
0
0
0
0
0
0
0
0
0
0
0
0
0
0
0
0
0
0
0
0
0
0
0
0
0
0
0
0
0
0
0
0
0
0
0
0
0
0
0
0
0
0
0
0
0
0
0
0
0
0
0
0
0
0
0
0
0
0
0
0
0
0
0
0
0
0
0
0
0
0
0
0
0
0
0
0
0
0
0
0
0
0
0
0
0
0
0
0
0
0
0
0
0
0
0
0
0
0
0
0
0
0
0
0
0
0
0
0
0
0
0
0
0
0
0
0
0
0
0
0
0
0
0
0
0
0
0
0
0
0
0
0
0
0
0
0
0
0
0
0
0
0
0
0
0
0
0
0
0
0
0
0
0
0
0
0
0
0
0
0
0
0
0
0
0
0
0
0
0
0
0
0
0
0
0
0
0
0
0
0
0
0
0
0
0
0
0
0
0
0
0
0
0
0
0
0
0
0
0
0
0
0
0
0
0
0
0
0
0
0
0
0
0
0
0
0
0
0
0
0
0
0
0
0
0
0
0
0
0
0
0
0
0
0
0
0
0
0
0
0
0
0
0
0
0
0
0
0
0
0
0
0
0
0
0
0
0
0
0
0
0
0
0
0
0
0
0
0
0
0
0
0
0
0
0
0
0
0
0
0
0
-0.225088
0
0
0
0
0
0
0
0
0
0
0
0
-0.128154
-0.719041
0
0
0
0
0
0
0
0
0
0
0
0
-0.603743
-1.07499
0
0
0
0
0
0
0
0
0
0
0
0
-1.02427
-1.35934
-0.516515
0
0
0
0
0
0
0
0
0
0
-0.609915
-1.38343
-1.54049
-0.629327
0
0
0
0
0
0
0
0
0
-0.233867
-1.03968
-1.62067
-1.66074
-0.65179
0
0
0
0
0
0
0
0
0
-0.831911
-1.38879
-1.76651
-1.70955
-0.522255
0
0
0
0
0
0
0
0
0
-1.25222
-1.66461
-1.83504
-1.76354
-0.556322
0
0
0
0
0
0
0
0
0
-1.52444
-1.8635
-1.88004
-1.81546
-0.686917
0
0
0
0
0
0
0
0
0
-1.60884
-1.94385
-1.88421
-1.81984
-1.00515
-0.374299
0
0
0
0
0
0
0
0
-1.54446
-1.90487
-1.90875
-1.75128
-1.24005
-0.539523
0
0
0
0
0
0
0
0
-1.37293
-1.77458
-1.9216
-1.65169
-1.45206
-0.710038
0
0
0
0
0
0
0
0
-1.14527
-1.59572
-1.82019
-1.59803
-1.51772
-0.845342
0
0
0
0
0
0
0
0
-0.963476
-1.45274
-1.70984
-1.54835
-1.55177
-1.00107
0
0
0
0
0
0
-0.0748995
0
-0.85826
-1.45072
-1.62342
-1.45906
-1.48163
-1.28602
0
0
0
0
0
0
0
0
-0.694324
-1.58839
-1.61621
-1.22554
-1.39929
-1.65127
0
0
0
0
0
0
0
0
-0.548729
-1.71351
-1.57502
-0.859048
-1.39373
-1.81475
0
0
0
0
0
0
0
0
0
-1.58992
-1.39237
0
0
0
0
0
0
0
0
0
0
0
0
-1.25645
-1.25974
0
0
0
0
0
0
0
0
0
0
0
0
0
0
0
0
0
0
0
0
0
0
0
0
0
0
0
0
0
0
0
0
0
0
0
0
0
0
0
0
0
0
0
0
0
0
0
0
0
0
0
0
0
0
0
0
0
0
0
0
0
0
0
0
0
0
0
0
0
0
0
0
0
0
0
0
0
0
0
0
0
0
0
0
0
0
0
0
0
0
0
0
0
0
0
0
0
0
0
0
0
0
0
0
0
0
0
0
0
0
0
0
0
0
0
0
0
0
0
0
0
0
0
0
0
0
0
0
0
0
0
0
0
0
0
0
0
0
0
0
0
0
0
0
0
0
0
0
0
0
0
0
0
0
0
0
0
0
0
0
0
0
0
0
0
0
0
0
0
0
0
0
0
0
0
0
0
0
0
0
0
0
0
0
0
0
0
0
0
0
0
0
0
0
0
0
0
0
0
0
0
0
0
0
0
0
0
0
0
0
0
0
0
0
0
0
0
0
0
0
0
0
0
0
0
0
0
0
0
0
0
0
0
0
0
0
0
0
0
0
0
0
0
0
0
0
0
0
0
0
0
0
0
0
0
0
0
0
0
0
0
0
0
0
0
0
0
0
0
0
0
0
0
0
0
0
0
0
0
0
0
0
0
0
0
0
0
0
0
0
0
0
0
0
0
0
0
0
0
0
0
0
0
0
0
0
0
0
0
0
0
0
0
0
0
0
0
0
0
0
0
0
-0.201545
0
0
0
0
0
0
0
0
0
0
0
0
0
-0.713308
0
0
0
0
0
0
0
0
0
0
0
0
-0.405989
-1.07405
0
0
0
0
0
0
0
0
0
0
0
0
-0.826887
-1.3599
-0.374411
0
0
0
0
0
0
0
0
0
0
-0.321451
-1.22307
-1.56134
-0.488658
0
0
0
0
0
0
0
0
0
-0.112255
-0.762421
-1.4966
-1.71139
-0.510501
0
0
0
0
0
0
0
0
0
-0.721155
-1.11473
-1.68844
-1.80829
-0.393185
0
0
0
0
0
0
0
0
0
-1.12285
-1.37446
-1.78452
-1.88799
-0.479695
0
0
0
0
0
0
0
0
0
-1.3772
-1.57085
-1.85104
-1.93195
-0.67265
0
0
0
0
0
0
0
0
0
-1.42461
-1.67466
-1.87216
-1.8766
-1.02197
-0.581909
0
0
0
0
0
0
0
0
-1.34666
-1.67456
-1.88704
-1.76816
-1.26929
-0.76712
0
0
0
0
0
0
0
0
-1.16876
-1.60016
-1.85815
-1.65394
-1.48366
-0.89516
0
0
0
0
0
0
0
0
-0.963395
-1.41862
-1.73089
-1.59353
-1.54757
-0.942482
0
0
0
0
0
0
-0.0472379
0
-0.780641
-1.25033
-1.62569
-1.53449
-1.5509
-1.08906
0
0
0
0
0
0
-0.134782
0
-0.631728
-1.25968
-1.50838
-1.41516
-1.50703
-1.3846
0
0
0
0
0
0
0
0
-0.482568
-1.40989
-1.47243
-1.14409
-1.54533
-1.65775
0
0
0
0
0
0
0
0
0
-1.53548
-1.36519
0
-1.58276
-1.70148
0
0
0
0
0
0
0
0
0
-1.37157
-1.23329
0
0
0
0
0
0
0
0
0
0
0
0
-1.10637
0
0
0
0
0
0
0
0
0
0
0
0
0
0
0
0
0
0
0
0
0
0
0
0
0
0
0
0
0
0
0
0
0
0
0
0
0
0
0
0
0
0
0
0
0
0
0
0
0
0
0
0
0
0
0
0
0
0
0
0
0
0
0
0
0
0
0
0
0
0
0
0
0
0
0
0
0
0
0
0
0
0
0
0
0
0
0
0
0
0
0
0
0
0
0
0
0
0
0
0
0
0
0
0
0
0
0
0
0
0
0
0
0
0
0
0
0
0
0
0
0
0
0
0
0
0
0
0
0
0
0
0
0
0
0
0
0
0
0
0
0
0
0
0
0
0
0
0
0
0
0
0
0
0
0
0
0
0
0
0
0
0
0
0
0
0
0
0
0
0
0
0
0
0
0
0
0
0
0
0
0
0
0
0
0
0
0
0
0
0
0
0
0
0
0
0
0
0
0
0
0
0
0
0
0
0
0
0
0
0
0
0
0
0
0
0
0
0
0
0
0
0
0
0
0
0
0
0
0
0
0
0
0
0
0
0
0
0
0
0
0
0
0
0
0
0
0
0
0
0
0
0
0
0
0
0
0
0
0
0
0
0
0
0
0
0
0
0
0
0
0
0
0
0
0
0
0
0
0
0
0
0
0
0
0
0
0
0
0
0
0
0
0
0
0
0
0
0
0
0
0
0
0
0
0
0
0
0
0
0
0
0
0
0
0
0
0
0
0
0
0
0
0
-0.151286
0
0
0
0
0
0
0
0
0
0
0
0
0
-0.680762
0
0
0
0
0
0
0
0
0
0
0
0
-0.228963
-1.0504
0
0
0
0
0
0
0
0
0
0
0
0
-0.643301
-1.34277
0
0
0
0
0
0
0
0
0
0
0
-0.0849026
-1.0845
-1.57481
-0.270954
0
0
0
0
0
0
0
0
0
-0.0559748
-0.507468
-1.4002
-1.75883
-0.315443
0
0
0
0
0
0
0
0
0
-0.644285
-0.846713
-1.64228
-1.89493
-0.262103
0
0
0
0
0
0
0
0
0
-0.992862
-1.06855
-1.76403
-1.97749
-0.451126
0
0
0
0
0
0
0
0
0
-1.20617
-1.24302
-1.8447
-2.0085
-0.723199
-0.485737
0
0
0
0
0
0
0
0
-1.21248
-1.36105
-1.84714
-1.94549
-1.08756
-0.796762
0
0
0
0
0
0
0
0
-1.11867
-1.40394
-1.81462
-1.85197
-1.33235
-0.958813
0
0
0
0
0
0
0
0
-0.927598
-1.36581
-1.78045
-1.73188
-1.52849
-1.04691
0
0
0
0
0
0
0
0
-0.735645
-1.17499
-1.66708
-1.65347
-1.54573
-1.07281
0
0
0
0
0
0
-0.0941478
0
-0.514072
-1.04763
-1.55136
-1.55578
-1.53084
-1.22849
0
0
0
0
0
0
0
0
-0.38619
-1.0557
-1.38049
-1.37248
-1.57179
0
0
0
0
0
0
0
0
0
0
-1.19384
-1.26076
-1.13123
-1.69792
0
0
0
0
0
0
0
0
0
0
-1.26732
-1.12199
0
-1.64977
0
0
0
0
0
0
0
0
0
0
-1.10239
0
0
0
0
0
0
0
0
0
0
0
0
0
0
0
0
0
0
0
0
0
0
0
0
0
0
0
0
0
0
0
0
0
0
0
0
0
0
0
0
0
0
0
0
0
0
0
0
0
0
0
0
0
0
0
0
0
0
0
0
0
0
0
0
0
0
0
0
0
0
0
0
0
0
0
0
0
0
0
0
0
0
0
0
0
0
0
0
0
0
0
0
0
0
0
0
0
0
0
0
0
0
0
0
0
0
0
0
0
0
0
0
0
0
0
0
0
0
0
0
0
0
0
0
0
0
0
0
0
0
0
0
0
0
0
0
0
0
0
0
0
0
0
0
0
0
0
0
0
0
0
0
0
0
0
0
0
0
0
0
0
0
0
0
0
0
0
0
0
0
0
0
0
0
0
0
0
0
0
0
0
0
0
0
0
0
0
0
0
0
0
0
0
0
0
0
0
0
0
0
0
0
0
0
0
0
0
0
0
0
0
0
0
0
0
0
0
0
0
0
0
0
0
0
0
0
0
0
0
0
0
0
0
0
0
0
0
0
0
0
0
0
0
0
0
0
0
0
0
0
0
0
0
0
0
0
0
0
0
0
0
0
0
0
0
0
0
0
0
0
0
0
0
0
0
0
0
0
0
0
0
0
0
0
0
0
0
0
0
0
0
0
0
0
0
0
0
0
0
0
0
0
0
0
0
0
0
0
0
0
0
0
0
0
0
0
0
0
0
0
0
0
0
0
0
0
0
0
0
0
0
0
0
0
0
0
0
0
0
0
0
0
0
0
0
0
0
0
0
0
0
-0.525175
0
0
0
0
0
0
0
0
0
0
0
0
-0.175384
-0.916138
0
0
0
0
0
0
0
0
0
0
0
0
-0.560038
-1.22559
0
0
0
0
0
0
0
0
0
0
0
-0.123853
-1.03135
-1.50999
0
0
0
0
0
0
0
0
0
0
0
-0.480175
-1.38166
-1.73442
0
0
0
0
0
0
0
0
0
0
-0.52306
-0.774034
-1.667
-1.91583
0
0
0
0
0
0
0
0
0
0
-0.80671
-0.915159
-1.79288
-2.02977
-0.531793
0
0
0
0
0
0
0
0
0
-0.978554
-1.02059
-1.84192
-2.10959
-0.862288
-0.697752
0
0
0
0
0
0
0
0
-0.948316
-1.10131
-1.78295
-2.09539
-1.21439
-0.986466
0
0
0
0
0
0
0
0
-0.843991
-1.1239
-1.73062
-2.03505
-1.42324
-1.11226
0
0
0
0
0
0
0
0
-0.645638
-1.08689
-1.71348
-1.92992
-1.54185
-1.20458
0
0
0
0
0
0
0
0
-0.430564
-0.946515
-1.60464
-1.81846
-1.49399
-1.23335
0
0
0
0
0
0
0
0
-0.229731
-0.863016
-1.47098
-1.64197
-1.50632
0
0
0
0
0
0
0
0
0
0
-0.835129
-1.21032
-1.43977
-1.60193
0
0
0
0
0
0
0
0
0
0
-0.90809
-1.01596
-1.29659
-1.65964
0
0
0
0
0
0
0
0
0
0
-0.906207
0
0
0
0
0
0
0
0
0
0
0
0
0
0
0
0
0
0
0
0
0
0
0
0
0
0
0
0
0
0
0
0
0
0
0
0
0
0
0
0
0
0
0
0
0
0
0
0
0
0
0
0
0
0
0
0
0
0
0
0
0
0
0
0
0
0
0
0
0
0
0
0
0
0
0
0
0
0
0
0
0
0
0
0
0
0
0
0
0
0
0
0
0
0
0
0
0
0
0
0
0
0
0
0
0
0
0
0
0
0
0
0
0
0
0
0
0
0
0
0
0
0
0
0
0
0
0
0
0
0
0
0
0
0
0
0
0
0
0
0
0
0
0
0
0
0
0
0
0
0
0
0
0
0
0
0
0
0
0
0
0
0
0
0
0
0
0
0
0
0
0
0
0
0
0
0
0
0
0
0
0
0
0
0
0
0
0
0
0
0
0
0
0
0
0
0
0
0
0
0
0
0
0
0
0
0
0
0
0
0
0
0
0
0
0
0
0
0
0
0
0
0
0
0
0
0
0
0
0
0
0
0
0
0
0
0
0
0
0
0
0
0
0
0
0
0
0
0
0
0
0
0
0
0
0
0
0
0
0
0
0
0
0
0
0
0
0
0
0
0
0
0
0
0
0
0
0
0
0
0
0
0
0
0
0
0
0
0
0
0
0
0
0
0
0
0
0
0
0
0
0
0
0
0
0
0
0
0
0
0
0
0
0
0
0
0
0
0
0
0
0
0
0
0
0
0
0
0
0
0
0
0
0
0
0
0
0
0
0
0
0
0
0
0
0
0
0
0
0
0
0
0
0
0
0
0
0
0
0
0
0
0
0
0
0
-0.268387
0
0
0
0
0
0
0
0
0
0
0
0
-0.234698
-0.676196
0
0
0
0
0
0
0
0
0
0
0
0
-0.55926
-0.997984
0
0
0
0
0
0
0
0
0
0
0
-0.295972
-1.01524
-1.34268
0
0
0
0
0
0
0
0
0
0
0
-0.565222
-1.36215
-1.62666
0
0
0
0
0
0
0
0
0
0
-0.372216
-0.793757
-1.64261
-1.88751
0
0
0
0
0
0
0
0
0
0
-0.597294
-0.835535
-1.73254
-2.0729
-0.62192
0
0
0
0
0
0
0
0
0
-0.721198
-0.821677
-1.75525
-2.21577
-0.992864
-0.821408
0
0
0
0
0
0
0
0
-0.648857
-0.786931
-1.69785
-2.24469
-1.31038
-1.1033
0
0
0
0
0
0
0
0
-0.513539
-0.774965
-1.66476
-2.21489
-1.45086
-1.26527
0
0
0
0
0
0
0
0
-0.269353
-0.816576
-1.65061
-2.11147
-1.51427
-1.40266
0
0
0
0
0
0
0
0
0
-0.746063
-1.53623
-1.93308
-1.48689
0
0
0
0
0
0
0
0
0
0
-0.678824
-1.34353
-1.73158
-1.54199
0
0
0
0
0
0
0
0
0
0
0
-0.983299
-1.59213
-1.5467
0
0
0
0
0
0
0
0
0
0
0
0
-1.4751
0
0
0
0
0
0
0
0
0
0
0
0
0
0
0
0
0
0
0
0
0
0
0
0
0
0
0
0
0
0
0
0
0
0
0
0
0
0
0
0
0
0
0
0
0
0
0
0
0
0
0
0
0
0
0
0
0
0
0
0
0
0
0
0
0
0
0
0
0
0
0
0
0
0
0
0
0
0
0
0
0
0
0
0
0
0
0
0
0
0
0
0
0
0
0
0
0
0
0
0
0
0
0
0
0
0
0
0
0
0
0
0
0
0
0
0
0
0
0
0
0
0
0
0
0
0
0
0
0
0
0
0
0
0
0
0
0
0
0
0
0
0
0
0
0
0
0
0
0
0
0
0
0
0
0
0
0
0
0
0
0
0
0
0
0
0
0
0
0
0
0
0
0
0
0
0
0
0
0
0
0
0
0
0
0
0
0
0
0
0
0
0
0
0
0
0
0
0
0
0
0
0
0
0
0
0
0
0
0
0
0
0
0
0
0
0
0
0
0
0
0
0
0
0
0
0
0
0
0
0
0
0
0
0
0
0
0
0
0
0
0
0
0
0
0
0
0
0
0
0
0
0
0
0
0
0
0
0
0
0
0
0
0
0
0
0
0
0
0
0
0
0
0
0
0
0
0
0
0
0
0
0
0
0
0
0
0
0
0
0
0
0
0
0
0
0
0
0
0
0
0
0
0
0
0
0
0
0
0
0
0
0
0
0
0
0
0
0
0
0
0
0
0
0
0
0
0
0
0
0
0
0
0
0
0
0
0
0
0
0
0
0
0
0
0
0
0
0
0
0
0
0
0
0
0
0
0
0
0
0
0
0
0
0
0
0
0
0
0
0
0
0
0
0
0
0
0
0
0
0
0
0
0
0
0
0
0
0
0
-0.259566
-0.380709
-0.353239
0
0
0
0
0
0
0
0
0
0
0
-0.37607
-0.615385
-0.694492
0
0
0
0
0
0
0
0
0
0
0
-0.58565
-0.982288
-1.13358
0
0
0
0
0
0
0
0
0
0
0
-0.766238
-1.27663
-1.50628
0
0
0
0
0
0
0
0
0
0
-0.149452
-0.909817
-1.53468
-1.8592
0
0
0
0
0
0
0
0
0
0
-0.322734
-0.832068
-1.62293
-2.11297
-0.69111
0
0
0
0
0
0
0
0
0
-0.396665
-0.670477
-1.66442
-2.31081
-1.05805
-0.921324
0
0
0
0
0
0
0
0
-0.272587
-0.531548
-1.61595
-2.38055
-1.31206
-1.23322
0
0
0
0
0
0
0
0
0
-0.523878
-1.57951
-2.35555
-1.42803
-1.42956
0
0
0
0
0
0
0
0
0
-0.618537
-1.54633
-2.22815
-1.52385
-1.50369
0
0
0
0
0
0
0
0
0
-0.569103
-1.38382
-2.04655
-1.52941
0
0
0
0
0
0
0
0
0
0
0
-1.12869
-1.91575
0
0
0
0
0
0
0
0
0
0
0
0
0
-1.7721
0
0
0
0
0
0
0
0
0
0
0
0
0
0
0
0
0
0
0
0
0
0
0
0
0
0
0
0
0
0
0
0
0
0
0
0
0
0
0
0
0
0
0
0
0
0
0
0
0
0
0
0
0
0
0
0
0
0
0
0
0
0
0
0
0
0
0
0
0
0
0
0
0
0
0
0
0
0
0
0
0
0
0
0
0
0
0
0
0
0
0
0
0
0
0
0
0
0
0
0
0
0
0
0
0
0
0
0
0
0
0
0
0
0
0
0
0
0
0
0
0
0
0
0
0
0
0
0
0
0
0
0
0
0
0
0
0
0
0
0
0
0
0
0
0
0
0
0
0
0
0
0
0
0
0
0
0
0
0
0
0
0
0
0
0
0
0
0
0
0
0
0
0
0
0
0
0
0
0
0
0
0
0
0
0
0
0
0
0
0
0
0
0
0
0
0
0
0
0
0
0
0
0
0
0
0
0
0
0
0
0
0
0
0
0
0
0
0
0
0
0
0
0
0
0
0
0
0
0
0
0
0
0
0
0
0
0
0
0
0
0
0
0
0
0
0
0
0
0
0
0
0
0
0
0
0
0
0
0
0
0
0
0
0
0
0
0
0
0
0
0
0
0
0
0
0
0
0
0
0
0
0
0
0
0
0
0
0
0
0
0
0
0
0
0
0
0
0
0
0
0
0
0
0
0
0
0
0
0
0
0
0
0
0
0
0
0
0
0
0
0
0
0
0
0
0
0
0
0
0
0
0
0
0
0
0
0
0
0
0
0
0
0
0
0
0
0
0
0
0
0
0
0
0
0
0
0
0
0
0
0
0
0
0
0
0
0
0
0
0
0
0
0
0
0
0
0
0
0
0
0
0
0
0
0
0
0
0
0
-0.380263
0
0
0
0
0
0
0
0
0
0
0
0
0
-0.545462
-0.444757
0
0
0
0
0
0
0
0
0
0
0
0
-0.623879
-0.618325
-0.452112
0
0
0
0
0
0
0
0
0
0
0
-0.742219
-0.906234
-0.969547
0
0
0
0
0
0
0
0
0
0
0
-0.835629
-1.16904
-1.4105
0
0
0
0
0
0
0
0
0
0
0
-0.899441
-1.42597
-1.8311
0
0
0
0
0
0
0
0
0
0
0
-0.75913
-1.52241
-2.13109
0
0
0
0
0
0
0
0
0
0
0
-0.546384
-1.56945
-2.35136
-1.03534
0
0
0
0
0
0
0
0
0
0
-0.358415
-1.52039
-2.414
-1.30936
-1.36889
0
0
0
0
0
0
0
0
0
0
-1.46392
-2.38185
-1.48964
0
0
0
0
0
0
0
0
0
0
0
-1.3651
-2.31463
-1.6126
0
0
0
0
0
0
0
0
0
0
0
-1.16472
-2.22664
0
0
0
0
0
0
0
0
0
0
0
0
-0.969653
-2.10671
0
0
0
0
0
0
0
0
0
0
0
0
0
-1.75673
0
0
0
0
0
0
0
0
0
0
0
0
0
0
0
0
0
0
0
0
0
0
0
0
0
0
0
0
0
0
0
0
0
0
0
0
0
0
0
0
0
0
0
0
0
0
0
0
0
0
0
0
0
0
0
0
0
0
0
0
0
0
0
0
0
0
0
0
0
0
0
0
0
0
0
0
0
0
0
0
0
0
0
0
0
0
0
0
0
0
0
0
0
0
0
0
0
0
0
0
0
0
0
0
0
0
0
0
0
0
0
0
0
0
0
0
0
0
0
0
0
0
0
0
0
0
0
0
0
0
0
0
0
0
0
0
0
0
0
0
0
0
0
0
0
0
0
0
0
0
0
0
0
0
0
0
0
0
0
0
0
0
0
0
0
0
0
0
0
0
0
0
0
0
0
0
0
0
0
0
0
0
0
0
0
0
0
0
0
0
0
0
0
0
0
0
0
0
0
0
0
0
0
0
0
0
0
0
0
0
0
0
0
0
0
0
0
0
0
0
0
0
0
0
0
0
0
0
0
0
0
0
0
0
0
0
0
0
0
0
0
0
0
0
0
0
0
0
0
0
0
0
0
0
0
0
0
0
0
0
0
0
0
0
0
0
0
0
0
0
0
0
0
0
0
0
0
0
0
0
0
0
0
0
0
0
0
0
0
0
0
0
0
0
0
0
0
0
0
0
0
0
0
0
0
0
0
0
0
0
0
0
0
0
0
0
0
0
0
0
0
0
0
0
0
0
0
0
0
0
0
0
0
0
0
0
0
0
0
0
0
0
0
0
0
0
0
0
0
0
0
0
0
0
0
0
0
0
0
0
0
0
0
0
0
0
0
0
0
0
0
0
0
0
0
0
0
0
0
0
0
0
0
0
0
0
0
0
0
-0.515001
-0.35311
0
0
0
0
0
0
0
0
0
0
0
0
-0.675515
-0.576552
0
0
0
0
0
0
0
0
0
0
0
0
-0.73375
-0.703772
0
0
0
0
0
0
0
0
0
0
0
0
-0.798723
-0.897279
-0.798769
0
0
0
0
0
0
0
0
0
0
0
-0.85592
-1.09768
-1.28768
0
0
0
0
0
0
0
0
0
0
0
-0.90127
-1.31388
-1.74588
0
0
0
0
0
0
0
0
0
0
0
-0.753864
-1.3891
-2.05245
0
0
0
0
0
0
0
0
0
0
0
-0.508497
-1.41036
-2.27378
-1.06596
0
0
0
0
0
0
0
0
0
0
0
-1.31619
-2.37674
-1.38206
0
0
0
0
0
0
0
0
0
0
0
-1.1971
-2.44215
-1.54237
0
0
0
0
0
0
0
0
0
0
0
-1.08345
-2.48821
0
0
0
0
0
0
0
0
0
0
0
0
0
-2.37656
0
0
0
0
0
0
0
0
0
0
0
0
0
-2.05743
0
0
0
0
0
0
0
0
0
0
0
0
0
0
0
0
0
0
0
0
0
0
0
0
0
0
0
0
0
0
0
0
0
0
0
0
0
0
0
0
0
0
0
0
0
0
0
0
0
0
0
0
0
0
0
0
0
0
0
0
0
0
0
0
0
0
0
0
0
0
0
0
0
0
0
0
0
0
0
0
0
0
0
0
0
0
0
0
0
0
0
0
0
0
0
0
0
0
0
0
0
0
0
0
0
0
0
0
0
0
0
0
0
0
0
0
0
0
0
0
0
0
0
0
0
0
0
0
0
0
0
0
0
0
0
0
0
0
0
0
0
0
0
0
0
0
0
0
0
0
0
0
0
0
0
0
0
0
0
0
0
0
0
0
0
0
0
0
0
0
0
0
0
0
0
0
0
0
0
0
0
0
0
0
0
0
0
0
0
0
0
0
0
0
0
0
0
0
0
0
0
0
0
0
0
0
0
0
0
0
0
0
0
0
0
0
0
0
0
0
0
0
0
0
0
0
0
0
0
0
0
0
0
0
0
0
0
0
0
0
0
0
0
0
0
0
0
0
0
0
0
0
0
0
0
0
0
0
0
0
0
0
0
0
0
0
0
0
0
0
0
0
0
0
0
0
0
0
0
0
0
0
0
0
0
0
0
0
0
0
0
0
0
0
0
0
0
0
0
0
0
0
0
0
0
0
0
0
0
0
0
0
0
0
0
0
0
0
0
0
0
0
0
0
0
0
0
0
0
0
0
0
0
0
0
0
0
0
0
0
0
0
0
0
0
0
0
0
0
0
0
0
0
0
0
0
0
0
0
0
0
0
0
0
0
0
0
0
0
0
0
0
0
0
0
0
0
0
0
0
0
0
0
0
0
0
0
0
0
0
0
0
0
0
0
0
0
0
0
0
0
0
0
-0.501883
0
0
0
0
0
0
0
0
0
0
0
0
0
-0.665117
-0.628133
0
0
0
0
0
0
0
0
0
0
0
0
-0.724756
-0.732628
0
0
0
0
0
0
0
0
0
0
0
0
-0.775893
-0.866671
0
0
0
0
0
0
0
0
0
0
0
0
-0.824053
-1.01538
-1.13367
0
0
0
0
0
0
0
0
0
0
0
-0.86301
-1.17981
-1.60983
0
0
0
0
0
0
0
0
0
0
0
-0.713759
-1.20354
-1.94699
0
0
0
0
0
0
0
0
0
0
0
0
-1.16833
-2.23891
0
0
0
0
0
0
0
0
0
0
0
0
-1.05677
-2.43911
0
0
0
0
0
0
0
0
0
0
0
0
-0.988982
-2.55998
0
0
0
0
0
0
0
0
0
0
0
0
0
-2.53258
0
0
0
0
0
0
0
0
0
0
0
0
0
-2.25107
0
0
0
0
0
0
0
0
0
0
0
0
0
-1.87743
0
0
0
0
0
0
0
0
0
0
0
0
0
0
0
0
0
0
0
0
0
0
0
0
0
0
0
0
0
0
0
0
0
0
0
0
0
0
0
0
0
0
0
0
0
0
0
0
0
0
0
0
0
0
0
0
0
0
0
0
0
0
0
0
0
0
0
0
0
0
0
0
0
0
0
0
0
0
0
0
0
0
0
0
0
0
0
0
0
0
0
0
0
0
0
0
0
0
0
0
0
0
0
0
0
0
0
0
0
0
0
0
0
0
0
0
0
0
0
0
0
0
0
0
0
0
0
0
0
0
0
0
0
0
0
0
0
0
0
0
0
0
0
0
0
0
0
0
0
0
0
0
0
0
0
0
0
0
0
0
0
0
0
0
0
0
0
0
0
0
0
0
0
0
0
0
0
0
0
0
0
0
0
0
0
0
0
0
0
0
0
0
0
0
0
0
0
0
0
0
0
0
0
0
0
0
0
0
0
0
0
0
0
0
0
0
0
0
0
0
0
0
0
0
0
0
0
0
0
0
0
0
0
0
0
0
0
0
0
0
0
0
0
0
0
0
0
0
0
0
0
0
0
0
0
0
0
0
0
0
0
0
0
0
0
0
0
0
0
0
0
0
0
0
0
0
0
0
0
0
0
0
0
0
0
0
0
0
0
0
0
0
0
0
0
0
0
0
0
0
0
0
0
0
0
0
0
0
0
0
0
0
0
0
0
0
0
0
0
0
0
0
0
0
0
0
0
0
0
0
0
0
0
0
0
0
0
0
0
0
0
0
0
0
0
0
0
0
0
0
0
0
0
0
0
0
0
0
0
0
0
0
0
0
0
0
0
0
0
0
0
0
0
0
0
0
0
0
0
0
0
0
0
0
0
0
0
0
0
0
0
0
0
0
0
0
0
0
0
0
0
0
0
-0.493654
0
0
0
0
0
0
0
0
0
0
0
0
0
-0.658675
0
0
0
0
0
0
0
0
0
0
0
0
0
-0.714768
-0.684414
0
0
0
0
0
0
0
0
0
0
0
0
-0.741643
-0.731763
0
0
0
0
0
0
0
0
0
0
0
0
-0.764207
-0.790973
-1.02833
0
0
0
0
0
0
0
0
0
0
0
-0.769473
-0.874016
-1.56631
0
0
0
0
0
0
0
0
0
0
0
0
-0.864059
-1.94779
0
0
0
0
0
0
0
0
0
0
0
0
0
-2.25458
0
0
0
0
0
0
0
0
0
0
0
0
0
-2.39284
0
0
0
0
0
0
0
0
0
0
0
0
0
-2.37567
0
0
0
0
0
0
0
0
0
0
0
0
0
-2.24935
0
0
0
0
0
0
0
0
0
0
0
0
0
-2.00875
0
0
0
0
0
0
0
0
0
0
0
0
0
0
0
0
0
0
0
0
0
0
0
0
0
0
0
0
0
0
0
0
0
0
0
0
0
0
0
0
0
0
0
0
0
0
0
0
0
0
0
0
0
0
0
0
0
0
0
0
0
0
0
0
0
0
0
0
0
0
0
0
0
0
0
0
0
0
0
0
0
0
0
0
0
0
0
0
0
0
0
0
0
0
0
0
0
0
0
0
0
0
0
0
0
0
0
0
0
0
0
0
0
0
0
0
0
0
0
0
0
0
0
0
0
0
0
0
0
0
0
0
0
0
0
0
0
0
0
0
0
0
0
0
0
0
0
0
0
0
0
0
0
0
0
0
0
0
0
0
0
0
0
0
0
0
0
0
0
0
0
0
0
0
0
0
0
0
0
0
0
0
0
0
0
0
0
0
0
0
0
0
0
0
0
0
0
0
0
0
0
0
0
0
0
0
0
0
0
0
0
0
0
0
0
0
0
0
0
0
0
0
0
0
0
0
0
0
0
0
0
0
0
0
0
0
0
0
0
0
0
0
0
0
0
0
0
0
0
0
0
0
0
0
0
0
0
0
0
0
0
0
0
0
0
0
0
0
0
0
0
0
0
0
0
0
0
0
0
0
0
0
0
0
0
0
0
0
0
0
0
0
0
0
0
0
0
0
0
0
0
0
0
0
0
0
0
0
0
0
0
0
0
0
0
0
0
0
0
0
0
0
0
0
0
0
0
0
0
0
0
0
0
0
0
0
0
0
0
0
0
0
0
0
0
0
0
0
0
0
0
0
0
0
0
0
0
0
0
0
0
0
0
0
0
0
0
0
0
0
0
0
0
0
0
0
0
0
0
0
0
0
0
0
0
0
0
0
0
0
0
0
0
0
0
0
0
0
0
0
0
0
0
0
0
0
0
0
0
0
0
0
0
0
0
0
0
0
0
0
0
0
0
0
0
0
0
0
0
0
0
0
0
0
0
0
0
0
0
0
0
0
0
0
0
0
0
0
0
0
0
0
0
0
0
0
0
0
0
0
0
0
0
0
0
0
0
0
0
0
0
0
0
0
0
0
0
0
0
0
0
0
0
0
0
0
0
0
0
-1.6344
0
0
0
0
0
0
0
0
0
0
0
0
0
-1.9096
0
0
0
0
0
0
0
0
0
0
0
0
0
-2.07908
0
0
0
0
0
0
0
0
0
0
0
0
0
-2.11469
0
0
0
0
0
0
0
0
0
0
0
0
0
-2.10947
0
0
0
0
0
0
0
0
0
0
0
0
0
-2.12947
0
0
0
0
0
0
0
0
0
0
0
0
0
0
0
0
0
0
0
0
0
0
0
0
0
0
0
0
0
0
0
0
0
0
0
0
0
0
0
0
0
0
0
0
0
0
0
0
0
0
0
0
0
0
0
0
0
0
0
0
0
0
0
0
0
0
0
0
0
0
0
0
0
0
0
0
0
0
0
0
0
0
0
0
0
0
0
0
0
0
0
0
0
0
0
0
0
0
0
0
0
0
0
0
0
0
0
0
0
0
0
0
0
0
0
0
0
0
0
0
0
0
0
0
0
0
0
0
0
0
0
0
0
0
0
0
0
0
0
0
0
0
0
0
0
0
0
0
0
0
0
0
0
0
0
0
0
0
0
0
0
0
0
0
0
0
0
0
0
0
0
0
0
0
0
0
0
0
0
0
0
0
0
0
0
0
0
0
0
0
0
0
0
0
0
0
0
0
0
0
0
0
0
0
0
0
0
0
0
0
0
0
0
0
0
0
0
0
0
0
0
0
0
0
0
0
0
0
0
0
0
0
0
0
0
0
0
0
0
0
0
0
0
0
0
0
0
0
0
0
0
0
0
0
0
0
0
0
0
0
0
0
0
0
0
0
0
0
0
0
0
0
0
0
0
0
0
0
0
0
0
0
0
0
0
0
0
0
0
0
0
0
0
0
0
0
0
0
0
0
0
0
0
0
0
0
0
0
0
0
0
0
0
0
0
0
0
0
0
0
0
0
0
0
0
0
0
0
0
0
0
0
0
0
0
0
0
0
0
0
0
0
0
0
0
0
0
0
0
0
0
0
0
0
0
0
0
0
0
0
0
0
0
0
0
0
0
0
0
0
0
0
0
0
0
0
0
0
0
0
0
0
0
0
0
0
0
0
0
0
0
0
0
0
0
0
0
0
0
0
0
0
0
0
0
0
0
0
0
0
0
0
0
0
0
0
0
0
0
0
0
0
0
0
0
0
0
0
0
0
0
0
0
0
0
0
0
0
0
0
0
0
0
0
0
0
0
0
0
0
0
0
0
0
0
0
0
0
0
0
0
0
0
0
0
0
0
0
0
0
0
0
0
0
0
0
0
0
0
0
0
0
0
0
0
0
0
0
0
0
0
0
0
0
0
0
0
0
0
0
0
0
0
0
0
0
0
0
0
0
0
0
0
0
0
0
0
0
0
0
0
0
0
0
0
0
0
0
0
0
0
0
0
0
0
0
0
0
0
0
0
0
0
0
0
0
0
0
0
0
0
0
0
0
0
0
0
0
0
0
0
0
0
0
0
0
0
0
0
0
0
0
0
0
0
0
0
0
0
0
0
0
0
0
0
0
0
0
0
0
0
0
0
0
0
0
0
0
0
0
0
0
0
0
0
0
0
0
0
0
0
0
0
0
0
0
0
0
0
0
0
0
0
0
0
0
0
0
0
0
0
0
0
0
0
0
0
0
0
0
0
0
0
0
0
0
0
0
0
0
0
0
0
0
0
0
0
0
0
0
0
0
0
0
0
0
0
0
0
0
0
0
0
0
0
0
0
0
0
0
0
0
0
0
0
0
0
0
0
0
0
0
0
0
0
0
0
0
0
0
0
0
0
0
0
0
0
0
0
0
0
0
0
0
0
0
0
0
0
0
0
0
0
0
0
0
0
0
0
0
0
0
0
0
0
0
0
0
0
0
0
0
0
0
0
0
0
0
0
0
0
0
0
0
0
0
0
0
0
0
0
0
0
0
0
0
0
0
0
0
0
0
0
0
0
0
0
0
0
0
0
0
0
0
0
0
0
0
0
0
0
0
0
0
0
0
0
0
0
0
0
0
0
0
0
0
0
0
0
0
0
0
0
0
0
0
0
0
0
0
0
0
0
0
0
0
0
0
0
0
0
0
0
0
0
0
0
0
0
0
0
0
0
0
0
0
0
0
0
0
0
0
0
0
0
0
0
0
0
0
0
0
0
0
0
0
0
0
0
0
0
0
0
0
0
0
0
0
0
0
0
0
0
0
0
0
0
0
0
0
0
0
0
0
0
0
0
0
0
0
0
0
0
0
0
0
0
0
0
0
0
0
0
0
0
0
0
0
0
0
0
0
0
0
0
0
0
0
0
0
0
0
0
0
0
0
0
0
0
0
0
0
0
0
0
0
0
0
0
0
0
0
0
0
0
0
0
0
0
0
0
0
0
0
0
0
0
0
0
0
0
0
0
0
0
0
0
0
0
0
0
0
0
0
0
0
0
0
0
0
0
0
0
0
0
0
0
0
0
0
0
0
0
0
0
0
0
0
0
0
0
0
0
0
0
0
0
0
0
0
0
0
0
0
0
0
0
0
0
0
0
0
0
0
0
0
0
0
0
0
0
0
0
0
0
0
0
0
0
0
0
0
0
0
0
0
0
0
0
0
0
0
0
0
0
0
0
0
0
0
0
0
0
0
0
0
0
0
0
0
0
0
0
0
0
0
0
0
0
0
0
0
0
0
0
0
0
0
0
0
0
0
0
0
0
0
0
0
0
0
0
0
0
0
0
0
0
0
0
0
0
0
0
0
0
0
0
0
0
0
0
0
0
0
0
0
0
0
0
0
0
0
0
0
0
0
0
0
0
0
0
0
0
0
0
0
0
0
0
0
0
0
0
0
0
0
0
0
0
0
0
0
0
0
0
0
0
0
0
0
0
0
0
0
0
0
0
0
0
0
0
0
0
0
0
0
0
0
0
0
0
0
0
0
0
0
0
0
0
0
0
0
0
0
0
0
0
0
0
0
0
0
0
0
0
0
0
0
0
0
0
0
0
0
0
0
0
0
0
0
0
0
0
0
0
0
0
0
0
0
0
0
0
0
0
0
0
0
0
0
0
0
0
0
0
0
0
0
0
0
0
0
0
0
0
0
0
0
0
0
0
0
0
0
0
0
0
0
0
0
0
0
0
